chromosome,start,end,rG4_structural_class,avg_sequencing_coverage,strand,rG4_intervals,splicing,sequence_diagram,'GENCODE_V29'_gene_names,'GENCODE_V29'_coding_regions,'GENCODE_V29'_transcript_ids
chr1,793905,793907,canonical/G3L1-7,20,+,chr1:793883-793906:+,False,"            5'- GGGTGGGGGACGGGAATGGTGGGACTGGGGATG -3'
       rG4seq-K ----------------------**---------",LINC01128|ENSG00000228794.8_4,ENST00000445118.6_1,non_coding
chr1,898609,898610,longloop,18,+,chr1:898581-898609:+,False,"            5'- GGGCCCGGGTGGGAGTGGCTGCGGTGGGGAACCGGCTC -3'
       rG4seq-K ----------------------------*---------",KLHL17|ENSG00000187961.13_4,ENST00000338591.7_1;ENST00000466300.1_1;ENST00000622660.1_1,CDS
chr1,900964,900967,canonical/G3L1-7,21,+,chr1:900945-900966:+,False,"            5'- GGGGTCCCGGGAAGGGTGGGGAGCAGTTGTC -3'
       rG4seq-K -------------------***---------",KLHL17|ENSG00000187961.13_4,ENST00000338591.7_1;ENST00000622660.1_1,3UTR
chr1,1337196,1337198,canonical/G3L1-7,39,+,chr1:1337177-1337198:+,False,"            5'- GGGGAGCCAGGGTGGGTGGGGATCCCCCACT -3'
       rG4seq-K -------------------**----------",AL391244.1|ENSG00000224870.6_5,ENST00000418833.2_1;ENST00000444362.2_1;ENST00000447725.2_1;ENST00000453521.1_1;ENST00000572242.1_1,non_coding
chr1,3801812,3801816,two-quartet,12,+,chr1:3801794-3801813:+,False,"            5'- GGGGGATACGGGGGTTGGGCTAGATTACA -3'
       rG4seq-K ------------------**-*-------",DFFB|ENSG00000169598.15_3,ENST00000338895.7_2;ENST00000339350.7_1;ENST00000378206.5_1;ENST00000378209.7_2;ENST00000461150.1_1;ENST00000468793.5_1;ENST00000475969.5_1;ENST00000477548.5_1;ENST00000491998.5_1,3UTR
chr1,6052801,6052802,longloop,15,+,chr1:6052763-6052801:+,False,"            5'- GGGATTCGGGGGCGCTAAAGTCGCAGGGGCAGGGCGGGAAGGAAGATC -3'
       rG4seq-K --------------------------------------*---------",KCNAB2|ENSG00000069424.14_2,ENST00000378092.5_1;ENST00000378097.5_1;ENST00000378111.5_1;ENST00000445501.5_1;ENST00000478098.5_1;ENST00000493807.1_1,5UTR
chr1,6160291,6160293,canonical/G3L1-7,14,+,chr1:6160263-6160293:+,False,"            5'- GGGAGAGGCTGGGGCGAGGGGAGGAGGGGGATCAGCTTCT -3'
       rG4seq-K ----------------------------**----------",KCNAB2|ENSG00000069424.14_2,ENST00000164247.5_1;ENST00000341524.5_1;ENST00000352527.5_1;ENST00000378083.7_1;ENST00000378097.5_1,3UTR
chr1,6682975,6682976,bulges,14,+,chr1:6682945-6682975:+,False,"            5'- GGAACACTGGTAGTTCTGGGGCTGGGAGGGAGAGGGGCTC -3'
       rG4seq-K ------------------------------*---------",PHF13|ENSG00000116273.5_2,ENST00000377648.4_1,3UTR
chr1,6682980,6682982,canonical/G3L1-7,30,+,chr1:6682962-6682982:+,False,"            5'- GGGGCTGGGAGGGAGAGGGGCTCCGGCTTT -3'
       rG4seq-K ------------------**----------",PHF13|ENSG00000116273.5_2,ENST00000377648.4_1,3UTR
chr1,6845606,6845609,bulges,133,+,chr1:6845577-6845606:+,False,"            5'- GAGGAGGAGGAGGATGTGGCGCGCGGAGGGGAAATGGCT -3'
       rG4seq-K -----------------------------***-------",CAMTA1|ENSG00000171735.18_3,ENST00000303635.11_1;ENST00000467404.6_1;ENST00000473578.5_1;ENST00000476163.5_1;ENST00000490738.5_1;ENST00000557126.5_1,5UTR;CDS
chr1,9428786,9428789,canonical/G3L1-7,18,+,chr1:9428768-9428788:+,False,"            5'- GGGGGCAGGGTGGGATGGGGAAGACCAGGA -3'
       rG4seq-K ------------------***---------",SPSB1|ENSG00000171621.13_2,ENST00000328089.10_1,3UTR
chr1,10093093,10093095,longloop,23,+,chr1:10093062-10093094:+,False,"            5'- GGGGCGAGGGGGAAAGAGTAGGGGTGGAGGGGTAGGAGGATT -3'
       rG4seq-K -------------------------------**---------",UBE4B|ENSG00000130939.18_3,ENST00000253251.12_1,5UTR
chr1,10093207,10093208,bulges,29,+,chr1:10093181-10093208:+,False,"            5'- GGCCGGCCTGCTTTGGGAGGGGAGGGGCTTCCCTTAC -3'
       rG4seq-K --------------------------*----------",UBE4B|ENSG00000130939.18_3,ENST00000253251.12_1,5UTR
chr1,10365589,10365591,bulges,20,+,chr1:10365565-10365590:+,False,"            5'- GGGAAGAGGTGGGACAGACATGGGGGACAAAGCTA -3'
       rG4seq-K ------------------------**---------",KIF1B|ENSG00000054523.17_4,ENST00000263934.10_2;ENST00000377081.5_1;ENST00000377083.5_1;ENST00000377086.5_2;ENST00000377093.8_1;ENST00000620295.2_1;ENST00000622724.3_1,3UTR
chr1,10471488,10471489,two-quartet,617,+,"chr1:10459752-10459761:+,chr1:10471474-10471488:+",True,"            5'- GGCTTTGTGGTGGGAGATGAGGGAGCAGGCCAC -3'
       rG4seq-K -----------------------*---------",PGD|ENSG00000142657.20_3,ENST00000270776.12_1;ENST00000460189.1_1;ENST00000465632.5_1;ENST00000477958.5_1;ENST00000483936.5_1;ENST00000487775.1_1;ENST00000491493.5_3,CDS
chr1,10689901,10689902,bulges,39,+,chr1:10689866-10689901:+,False,"            5'- GAGGGAGGACAAGGAGGACGAGGAGGATGAGGAGGATGATGATGT -3'
       rG4seq-K -----------------------------------*---------",PEX14|ENSG00000142655.12_2,ENST00000356607.8_1,CDS
chr1,10689968,10689970,longloop,43,+,chr1:10689939-10689970:+,False,"            5'- GGGGTGCAGAGGGAGGACCGCCGGGGCGGGGATGGGCAGAT -3'
       rG4seq-K -----------------------------**----------",PEX14|ENSG00000142655.12_2,ENST00000356607.8_1,CDS
chr1,11082364,11082365,two-quartet,160,+,chr1:11082345-11082365:+,False,"            5'- GGGGGTGGAGCTGGTTTGGGAAACAATCAA -3'
       rG4seq-K -------------------*----------",AL109811.4|ENSG00000277726.4_6;TARDBP|ENSG00000120948.17_5,ENST00000240185.7_1;ENST00000315091.7_1;ENST00000439080.6_1;ENST00000473869.5_1;ENST00000477447.6_3;ENST00000610369.4_3;ENST00000611136.4_4;ENST00000611963.4_3;ENST00000612542.1_4;ENST00000614494.1_1;ENST00000614757.4_4;ENST00000616545.4_1;ENST00000617172.4_3;ENST00000619555.4_3;ENST00000620505.1_3;ENST00000620632.4_3;ENST00000621715.4_3;ENST00000621790.4_1;ENST00000622057.4_3;ENST00000629725.2_1;ENST00000638264.1_1;ENST00000639083.1_1;ENST00000639599.1_1;ENST00000649624.1_1,3UTR;CDS;non_coding
chr1,11082395,11082397,two-quartet,262,+,chr1:11082375-11082396:+,False,"            5'- GGTAGTAATATGGGTGGTGGGATGAACTTTG -3'
       rG4seq-K --------------------**---------",AL109811.4|ENSG00000277726.4_6;TARDBP|ENSG00000120948.17_5,ENST00000240185.7_1;ENST00000315091.7_1;ENST00000439080.6_1;ENST00000473869.5_1;ENST00000477447.6_3;ENST00000610369.4_3;ENST00000611136.4_4;ENST00000611963.4_3;ENST00000612542.1_4;ENST00000614494.1_1;ENST00000614757.4_4;ENST00000616545.4_1;ENST00000617172.4_3;ENST00000619555.4_3;ENST00000620505.1_3;ENST00000620632.4_3;ENST00000621790.4_1;ENST00000622057.4_3;ENST00000629725.2_1;ENST00000638264.1_1;ENST00000639083.1_1;ENST00000639599.1_1;ENST00000649624.1_1,3UTR;CDS;non_coding
chr1,11721811,11721813,bulges,15,+,chr1:11721795-11721812:+,False,"            5'- GGGAAGTGGAGGGTGGGCTCATGGGCC -3'
       rG4seq-K ----------------**---------",FBXO44|ENSG00000132879.13_2,ENST00000251546.8_1;ENST00000251547.9_1;ENST00000376762.8_1;ENST00000376770.5_1;ENST00000471895.1_1;ENST00000475435.5_1,3UTR
chr1,11796190,11796192,canonical/G3L1-7,24,+,chr1:11796168-11796191:+,False,"            5'- GGGCGGGGCGGGGCGGGGCCGGGCAAGTTTGTT -3'
       rG4seq-K ----------------------**---------",AGTRAP|ENSG00000177674.15_5,ENST00000376637.7_1;ENST00000400895.6_1;ENST00000476512.5_1;ENST00000494437.1_1,5UTR
chr1,12034715,12034716,bulges,181,+,"chr1:12033039-12033054:+,chr1:12034709-12034717:+",True,"            5'- GGGGTGGATTACGAGGGCGGGGGCTGTCGGTTC -3'
       rG4seq-K ---------------------*-----------",PLOD1|ENSG00000083444.16_2,ENST00000196061.4_1;ENST00000481933.1_1;ENST00000491536.5_1,CDS
chr1,12072287,12072288,bulges,76,+,chr1:12072257-12072286:+,False,"            5'- GGAGGAGTGGGAGTAGCTCAGAGGGGAGGGCTGTTGGAT -3'
       rG4seq-K ------------------------------*--------",MFN2|ENSG00000116688.16_4,ENST00000235329.9_1;ENST00000444836.5_1,3UTR
chr1,12072303,12072305,bulges,117,+,chr1:12072279-12072304:+,False,"            5'- GGGGAGGGCTGTTGGATGTATGGGGAGCTGGCAGA -3'
       rG4seq-K ------------------------**---------",MFN2|ENSG00000116688.16_4,ENST00000235329.9_1;ENST00000444836.5_1,3UTR
chr1,12092056,12092057,longloop,37,+,chr1:12092029-12092057:+,False,"            5'- GGGAGGACCCTGGGGTGGAGGGTGAGGGATTCTGTGGA -3'
       rG4seq-K ---------------------------*----------",MIIP|ENSG00000116691.10_2,ENST00000235332.5_1;ENST00000460823.1_1;ENST00000466860.5_1;ENST00000478299.1_1;ENST00000498685.5_1,3UTR
chr1,15393181,15393183,canonical/G3L1-7,14,+,chr1:15393163-15393182:+,False,"            5'- GGGGTGGGCGGGAGGTGGGTGTCTCTGTT -3'
       rG4seq-K ------------------**---------",KAZN|ENSG00000189337.16_5,ENST00000361144.9_1;ENST00000376030.6_2;ENST00000400798.6_1;ENST00000636203.1_2,3UTR
chr1,15546378,15546380,bulges,36,+,chr1:15546351-15546380:+,False,"            5'- GCCATTTGGATGGCGGCGGGCGGGGGGGGATTCTCTGTA -3'
       rG4seq-K ---------------------------**----------",TMEM51|ENSG00000171729.13_2,ENST00000376008.2_1;ENST00000376014.7_1;ENST00000400796.7_1;ENST00000428417.5_1;ENST00000434578.6_2,3UTR
chr1,15736583,15736584,bulges,196,+,chr1:15736551-15736585:+,False,"            5'- GGGCTGAACGGGGCAGCGGCGGCGGCGGCGGGGGCACCCGACGA -3'
       rG4seq-K --------------------------------*-----------",EFHD2|ENSG00000142634.12_2,ENST00000375980.8_1,CDS
chr1,15756063,15756064,longloop,588,+,chr1:15756031-15756063:+,False,"            5'- GGGTCTCGGGGCTCTGGAGAGAGTGGGGCGGGAGGAAGAATT -3'
       rG4seq-K --------------------------------*---------",EFHD2|ENSG00000142634.12_2,ENST00000375980.8_1,3UTR
chr1,15756066,15756067,two-quartet,653,+,chr1:15756038-15756066:+,False,"            5'- GGGGCTCTGGAGAGAGTGGGGCGGGAGGAAGAATTGGC -3'
       rG4seq-K ----------------------------*---------",EFHD2|ENSG00000142634.12_2,ENST00000375980.8_1,3UTR
chr1,15990300,15990301,canonical/G3L1-7,48,+,chr1:15990283-15990302:+,False,"            5'- GGGGTGGGAAGGGTGGGGGAACTTACTGA -3'
       rG4seq-K -----------------*-----------",DDI2|ENSG00000197312.11_3,ENST00000480945.5_1,3UTR
chr1,16054098,16054100,two-quartet,65,+,chr1:16054081-16054099:+,False,"            5'- GGGAGGAGGAGGAGAGGGACAGACGCCT -3'
       rG4seq-K -----------------**---------",PLEKHM2|ENSG00000116786.12_4,ENST00000375793.2_1;ENST00000375799.7_1;ENST00000642363.1_1,CDS
chr1,16054290,16054293,bulges,68,+,chr1:16054262-16054294:+,False,"            5'- GAGGATTCTGGGGTGGATGAGGGACAGGGGAGCCCTTCGGAG -3'
       rG4seq-K ----------------------------***-----------",PLEKHM2|ENSG00000116786.12_4,ENST00000375793.2_1;ENST00000375799.7_1;ENST00000642363.1_1,CDS
chr1,16721897,16721898,canonical/G3L1-7,56,+,chr1:16721877-16721899:+,False,"            5'- GGGAAAGGGTGGGGGTTAGGGGAAGGTTGGGG -3'
       rG4seq-K --------------------*-----------",SZRD1|ENSG00000055070.16_2,ENST00000401088.8_1;ENST00000401089.3_1;ENST00000471507.5_1;ENST00000472351.5_1;ENST00000492354.1_1,3UTR
chr1,16721908,16721912,canonical/G3L1-7,211,+,chr1:16721877-16721909:+,False,"            5'- GGGAAAGGGTGGGGGTTAGGGGAAGGTTGGGGGGACCCAGCA -3'
       rG4seq-K -------------------------------****-------",SZRD1|ENSG00000055070.16_2,ENST00000401088.8_1;ENST00000401089.3_1;ENST00000471507.5_1;ENST00000472351.5_1;ENST00000492354.1_1,3UTR
chr1,16723882,16723884,bulges,92,+,chr1:16723867-16723883:+,False,"            5'- GGGGGAGGCGGGAGGGAGATGAGGAA -3'
       rG4seq-K ---------------**---------",SZRD1|ENSG00000055070.16_2,ENST00000401088.8_1;ENST00000401089.3_1;ENST00000492354.1_1,3UTR
chr1,16723931,16723934,bulges,242,+,chr1:16723900-16723932:+,False,"            5'- GGATTTTGTGTGTGGGAGGGTATTTTTTGGGGGTAGTTGTCT -3'
       rG4seq-K -------------------------------***--------",SZRD1|ENSG00000055070.16_2,ENST00000401088.8_1;ENST00000401089.3_1;ENST00000492354.1_1,3UTR
chr1,16724503,16724505,canonical/G3L1-7,62,+,chr1:16724487-16724504:+,False,"            5'- GGGCATGGGAGGGAGGGCTGCACCCCT -3'
       rG4seq-K ----------------**---------",SZRD1|ENSG00000055070.16_2,ENST00000401088.8_1;ENST00000401089.3_1;ENST00000492354.1_1,3UTR
chr1,18024077,18024079,longloop,20,+,chr1:18024048-18024078:+,False,"            5'- GGGGAGGAGTTTTAGGGCTTGGGGAGAGGGAGGACACATC -3'
       rG4seq-K -----------------------------**---------",ARHGEF10L|ENSG00000074964.16_3,ENST00000167825.5_1;ENST00000361221.7_1;ENST00000375408.7_3;ENST00000375415.5_1;ENST00000469726.5_1;ENST00000495593.1_1,3UTR
chr1,19583975,19583977,two-quartet,190,+,"chr1:19583638-19583639:+,chr1:19583947-19583976:+",True,"            5'- GGTCAGCAAAAGGTTGAGGGGTGAGGTGGGTCTCCTGTTC -3'
       rG4seq-K -----------------------------**---------",MRTO4|ENSG00000053372.4_3,ENST00000330263.4_1,CDS
chr1,19923534,19923537,two-quartet,490,+,chr1:19923504-19923536:+,False,"            5'- GGCCGAGAGGAAAGCTGGAGGCGCGGGTGGGGAACATGTCTG -3'
       rG4seq-K ------------------------------***---------",MINOS1|ENSG00000173436.14_4;NBL1|ENSG00000158747.14_4,ENST00000322753.6_1;ENST00000462646.5_1;ENST00000467029.5_1;ENST00000481464.5_1;ENST00000486890.5_1;ENST00000498067.1_1;ENST00000498642.5_1;ENST00000602662.1_4;ENST00000617872.4_1;ENST00000648702.1_1,5UTR
chr1,19983914,19983916,potential G-quadruplex & G>=40%,55,+,chr1:19983856-19983916:+,False,"            5'- TTTTTTTGGGGGGGGTGGTCTCTTCCTGTCTGGCTTCTAGAGATGTGCCTGTGGGAGGGGGAGGAAGTTG -3'
       rG4seq-K ----------------------------------------------------------**----------",NBL1|ENSG00000158747.14_4,ENST00000375136.7_2;ENST00000548815.2_2;ENST00000602662.1_4;ENST00000615215.4_2;ENST00000618761.4_2;ENST00000621723.4_2;ENST00000622566.4_2,3UTR
chr1,19983920,19983921,two-quartet,102,+,chr1:19983908-19983920:+,False,"            5'- GGGAGGGGGAGGAAGTTGGCTG -3'
       rG4seq-K ------------*---------",NBL1|ENSG00000158747.14_4,ENST00000375136.7_2;ENST00000548815.2_2;ENST00000602662.1_4;ENST00000615215.4_2;ENST00000618761.4_2;ENST00000621723.4_2;ENST00000622566.4_2,3UTR
chr1,19984310,19984312,bulges,61,+,chr1:19984281-19984312:+,False,"            5'- GGCTTGCCTGGTGGGGGAAGGGGAGGAGGGGAAGAAGGAAA -3'
       rG4seq-K -----------------------------**----------",NBL1|ENSG00000158747.14_4,ENST00000375136.7_2;ENST00000548815.2_2;ENST00000602662.1_4;ENST00000615215.4_2;ENST00000618761.4_2;ENST00000621723.4_2;ENST00000622566.4_2,3UTR
chr1,19984325,19984326,longloop,116,+,chr1:19984293-19984325:+,False,"            5'- GGGGGAAGGGGAGGAGGGGAAGAAGGAAAGGGAAGAGTCTTC -3'
       rG4seq-K --------------------------------*---------",NBL1|ENSG00000158747.14_4,ENST00000375136.7_2;ENST00000548815.2_2;ENST00000602662.1_4;ENST00000615215.4_2;ENST00000618761.4_2;ENST00000621723.4_2;ENST00000622566.4_2,3UTR
chr1,19984745,19984747,canonical/G3L1-7,79,+,chr1:19984715-19984746:+,False,"            5'- GGGACCTGGGGGGAGGGACAGGGCAGGCGGGCCCATGAAGA -3'
       rG4seq-K ------------------------------**---------",NBL1|ENSG00000158747.14_4,ENST00000375136.7_2;ENST00000548815.2_2;ENST00000615215.4_2;ENST00000618761.4_2;ENST00000621723.4_2;ENST00000622566.4_2,3UTR
chr1,22419106,22419109,canonical/G3L1-7,189,+,chr1:22419087-22419108:+,False,"            5'- GGGGGTAGGGTGGGGGTGGGGAGAACACTTA -3'
       rG4seq-K -------------------***---------",AL031281.2|ENSG00000285721.1_1;CDC42|ENSG00000070831.15_5,ENST00000344548.7_4;ENST00000400259.5_4;ENST00000648594.1_1,3UTR
chr1,22419128,22419130,potential G-quadruplex & G>=40%,467,+,chr1:22419070-22419130:+,False,"            5'- TGCTTCATTAAGAAGCTGGGGGTAGGGTGGGGGTGGGGAGAACACTTAACAACATGGGGACCAGTCAGGG -3'
       rG4seq-K ----------------------------------------------------------**----------",AL031281.2|ENSG00000285721.1_1;CDC42|ENSG00000070831.15_5,ENST00000344548.7_4;ENST00000400259.5_4;ENST00000648594.1_1,3UTR
chr1,22419140,22419142,potential G-quadruplex & G>=40%,552,+,chr1:22419082-22419142:+,False,"            5'- AAGCTGGGGGTAGGGTGGGGGTGGGGAGAACACTTAACAACATGGGGACCAGTCAGGGGAATCCCCTTAT -3'
       rG4seq-K ----------------------------------------------------------**----------",AL031281.2|ENSG00000285721.1_1;CDC42|ENSG00000070831.15_5,ENST00000344548.7_4;ENST00000400259.5_4;ENST00000648594.1_1,3UTR
chr1,24086126,24086128,bulges,69,+,chr1:24086092-24086128:+,False,"            5'- GGGGAGGCAGGAATACAAGGACAGTGGGGGTTGGGGAATGGAATTC -3'
       rG4seq-K ----------------------------------**----------",ELOA|ENSG00000011007.12_3,ENST00000418390.6_2;ENST00000609199.1_2;ENST00000613537.4_2,3UTR
chr1,24088386,24088388,longloop,24,+,chr1:24088358-24088387:+,False,"            5'- GGGCTTTTTCTTTCTGGGAAGCGGGAGGGAAAGGAGCAA -3'
       rG4seq-K ----------------------------**---------",ELOA|ENSG00000011007.12_3,ENST00000418390.6_2;ENST00000613537.4_2,3UTR
chr1,24797754,24797755,bulges,22,+,chr1:24797720-24797754:+,False,"            5'- GGGCAAAGAAAGGAAAGCCAGGGAAGGTGGTGGGAGATGAGTCT -3'
       rG4seq-K ----------------------------------*---------",NIPAL3|ENSG00000001461.16_2,ENST00000003912.7_2,3UTR
chr1,25169482,25169484,bulges,472,+,chr1:25169455-25169482:+,False,"            5'- GGTGGACTGAGTGGTGCGAGGTGGAGGGCTAACAAGA -3'
       rG4seq-K ---------------------------**--------",CLIC4|ENSG00000169504.14_3,ENST00000374379.8_1;ENST00000488683.1_2,3UTR
chr1,25895073,25895075,canonical/G3L1-7,29,+,chr1:25895052-25895074:+,False,"            5'- GGGTGGGGTGGGATTTGCAGGGTCATTATCAG -3'
       rG4seq-K ---------------------**---------",LDLRAP1|ENSG00000157978.11_2,ENST00000374338.4_1;ENST00000488127.1_1,3UTR
chr1,26603924,26603926,longloop,57,+,chr1:26603891-26603925:+,False,"            5'- GGGGAGGGGAGAGCCTGCATCTGGGGGCCAAGGGCTGATTAGGG -3'
       rG4seq-K ---------------------------------**---------",CEP85|ENSG00000130695.15_4,ENST00000252992.8_3;ENST00000451429.7_3;ENST00000453146.1_1;ENST00000469609.5_1;ENST00000640292.2_3,3UTR
chr1,27180932,27180933,bulges,10,+,chr1:27180914-27180934:+,False,"            5'- GGGTTGGTGGTGGGTGGGGGCAGCCTGTAT -3'
       rG4seq-K ------------------*-----------",ZDHHC18|ENSG00000204160.11_4,ENST00000374142.8_3;ENST00000488397.3_1,3UTR
chr1,28176992,28176994,canonical/G3L1-7,24,+,chr1:28176976-28176993:+,False,"            5'- GGGTGGGATTGGGTGGGAATGGGGTGG -3'
       rG4seq-K ----------------**---------",PPP1R8|ENSG00000117751.17_3,ENST00000236412.11_1;ENST00000311772.9_1;ENST00000373931.8_1;ENST00000486634.2_1,3UTR
chr1,28177008,28177009,canonical/G3L1-7,80,+,chr1:28176976-28177008:+,False,"            5'- GGGTGGGATTGGGTGGGAATGGGGTGGAAGGGTGATGGGGAG -3'
       rG4seq-K --------------------------------*---------",PPP1R8|ENSG00000117751.17_3,ENST00000236412.11_1;ENST00000311772.9_1;ENST00000373931.8_1;ENST00000486634.2_1,3UTR
chr1,28177014,28177017,canonical/G3L1-7,150,+,chr1:28176986-28177016:+,False,"            5'- GGGTGGGAATGGGGTGGAAGGGTGATGGGGAGCTAATGAA -3'
       rG4seq-K ----------------------------***---------",PPP1R8|ENSG00000117751.17_3,ENST00000236412.11_1;ENST00000311772.9_1;ENST00000373931.8_1;ENST00000486634.2_1,3UTR
chr1,28608915,28608916,bulges,70,+,chr1:28608898-28608915:+,False,"            5'- GGGTGGGTAGGGAGTGGTATCCAGTGT -3'
       rG4seq-K -----------------*---------",SESN2|ENSG00000130766.4_2,ENST00000253063.3_1,3UTR
chr1,28835234,28835235,Unknown,58,+,chr1:28835175-28835235:+,False,"            5'- AAGATGAAGCTGGGCCTCGTGTCTGCGCCTGCATATTCCTACAGCTTCCCAGAGTCCTGTGGACAATGAC -3'
       rG4seq-K -----------------------------------------------------------*----------",RCC1|ENSG00000180198.16_4;SNHG3|ENSG00000242125.3_4;SNORA73B|ENSG00000200087.1,ENST00000363217.1;ENST00000373833.10_1;ENST00000398958.6_1;ENST00000413987.1_2;ENST00000427469.5_1;ENST00000434290.6_2;ENST00000437681.1_2;ENST00000649185.1_1,non_coding
chr1,28836699,28836701,two-quartet,26,+,chr1:28836676-28836700:+,False,"            5'- GGAGACAGGTTTGAGGGAGGTGGGTGAGATTGGA -3'
       rG4seq-K -----------------------**---------",RCC1|ENSG00000180198.16_4;SNHG3|ENSG00000242125.3_4,ENST00000373833.10_1;ENST00000398958.6_1;ENST00000413987.1_2;ENST00000419074.5_1;ENST00000427469.5_1;ENST00000434290.6_2;ENST00000649185.1_1,non_coding
chr1,28864736,28864739,bulges,246,+,chr1:28864719-28864738:+,False,"            5'- GGGGGGGATGGACAGGGGGTTTTCAAAAG -3'
       rG4seq-K -----------------***---------",RCC1|ENSG00000180198.16_4,ENST00000373832.5_1;ENST00000373833.10_1;ENST00000398958.6_1;ENST00000649185.1_1,3UTR
chr1,28865277,28865278,canonical/G3L1-7,52,+,chr1:28865254-28865277:+,False,"            5'- GGGTATGGGGTGGGGAGAGAGGGTGGAGGGTTT -3'
       rG4seq-K -----------------------*---------",RCC1|ENSG00000180198.16_4,ENST00000373832.5_1;ENST00000373833.10_1;ENST00000398958.6_1;ENST00000649185.1_1,3UTR
chr1,28865283,28865285,canonical/G3L1-7,89,+,chr1:28865260-28865284:+,False,"            5'- GGGGTGGGGAGAGAGGGTGGAGGGTTTTATAAAC -3'
       rG4seq-K -----------------------**---------",RCC1|ENSG00000180198.16_4,ENST00000373832.5_1;ENST00000373833.10_1;ENST00000398958.6_1;ENST00000649185.1_1,3UTR
chr1,28865325,28865329,two-quartet,112,+,chr1:28865316-28865327:+,False,"            5'- GGAGGTGGGGGATTGAGGGAG -3'
       rG4seq-K ---------****--------",RCC1|ENSG00000180198.16_4,ENST00000373832.5_1;ENST00000373833.10_1;ENST00000398958.6_1;ENST00000649185.1_1,3UTR
chr1,28865338,28865340,bulges,227,+,chr1:28865312-28865339:+,False,"            5'- GAAAGGAGGTGGGGGATTGAGGGAGGGACAGAGTGTT -3'
       rG4seq-K --------------------------**---------",RCC1|ENSG00000180198.16_4,ENST00000373832.5_1;ENST00000373833.10_1;ENST00000398958.6_1;ENST00000649185.1_1,3UTR
chr1,28865354,28865356,bulges,359,+,chr1:28865322-28865355:+,False,"            5'- GGGGGATTGAGGGAGGGACAGAGTGTTGGAGGGCCAGAGACTA -3'
       rG4seq-K --------------------------------**---------",RCC1|ENSG00000180198.16_4,ENST00000373832.5_1;ENST00000373833.10_1;ENST00000398958.6_1;ENST00000649185.1_1,3UTR
chr1,29444885,29444887,potential G-quadruplex & G>=40%,30,+,chr1:29444827-29444887:+,False,"            5'- GCTGGTCTCGAACTCCTGACCTCAGGTGATCCACCCACCTTGGCCTCCCAAAGTGCTGGGATTACAGGTG -3'
       rG4seq-K ----------------------------------------------------------**----------",EPB41|ENSG00000159023.21_5,ENST00000343067.8_2;ENST00000356093.6_2;ENST00000373798.5_2;ENST00000460378.1_1;ENST00000642260.1_1;ENST00000642937.1_1;ENST00000647103.1_1;ENST00000649717.1_1,3UTR
chr1,31770040,31770042,longloop,28,+,chr1:31770011-31770041:+,False,"            5'- GGGTGCTGACAGCAAGGGGTGGGAGGCGGGCCCCGAGTCC -3'
       rG4seq-K -----------------------------**---------",ZCCHC17|ENSG00000121766.15_4,ENST00000344147.9_2;ENST00000373714.5_2;ENST00000479629.5_1;ENST00000546109.5_2;ENST00000615916.4_1;ENST00000616393.4_1;ENST00000616859.4_1;ENST00000618216.4_1;ENST00000627541.1_1,5UTR;CDS
chr1,32509024,32509026,two-quartet,424,+,chr1:32508993-32509025:+,False,"            5'- GGTTTTGAAGAGGTTGATGGTGGTGGGGAGGGAAGGCCTCCT -3'
       rG4seq-K -------------------------------**---------",KHDRBS1|ENSG00000121774.17_2,ENST00000307714.12_1;ENST00000327300.11_1;ENST00000484270.2_1,3UTR
chr1,32568360,32568363,longloop,51,+,chr1:32568330-32568362:+,False,"            5'- GGGGCTGTTGGGTAGAAGTGGTGGTGGGGGGGACAAAAGACA -3'
       rG4seq-K ------------------------------***---------",TMEM39B|ENSG00000121775.17_2,ENST00000336294.9_1;ENST00000441402.5_1;ENST00000468135.5_1;ENST00000476968.5_1;ENST00000487305.5_1,3UTR
chr1,32620209,32620211,two-quartet,116,+,"chr1:32573722-32573735:+,chr1:32620188-32620208:+",True,"            5'- GGACCCGCGATGGAGACCATGGCGAGCCCAGGGAAAGACAATT -3'
       rG4seq-K ----------------------------------**-------",KPNA6|ENSG00000025800.13_3,ENST00000373625.7_1;ENST00000469790.1_1;ENST00000471599.5_1,5UTR;CDS
chr1,32636525,32636526,canonical/G3L1-7,41,+,chr1:32636507-32636525:+,False,"            5'- GGGAGGGGAGGGGATGGGAAGCACCACC -3'
       rG4seq-K ------------------*---------",AL049795.2|ENSG00000250135.1_6;KPNA6|ENSG00000025800.13_3,ENST00000373625.7_1;ENST00000471599.5_1;ENST00000515055.1_1,3UTR;non_coding
chr1,32636976,32636978,bulges,31,+,chr1:32636958-32636978:+,False,"            5'- GAGGTGGGAGGTGGGAGGGGAAGGGAGAAA -3'
       rG4seq-K ------------------**----------",AL049795.2|ENSG00000250135.1_6;KPNA6|ENSG00000025800.13_3,ENST00000373625.7_1;ENST00000471599.5_1;ENST00000515055.1_1,3UTR;non_coding
chr1,32636983,32636984,canonical/G3L1-7,117,+,chr1:32636963-32636983:+,False,"            5'- GGGAGGTGGGAGGGGAAGGGAGAAATCCAA -3'
       rG4seq-K --------------------*---------",AL049795.2|ENSG00000250135.1_6;KPNA6|ENSG00000025800.13_3,ENST00000373625.7_1;ENST00000471599.5_1;ENST00000515055.1_1,3UTR;non_coding
chr1,32666270,32666271,canonical/G3L1-7,21,+,chr1:32666244-32666270:+,False,"            5'- GGGAGGAGAGGGCGGAGGGCGGAGGGAACTTGCACC -3'
       rG4seq-K --------------------------*---------",CCDC28B|ENSG00000160050.14_3,ENST00000373602.9_1;ENST00000421922.6_1;ENST00000461819.5_1;ENST00000469003.5_1,5UTR
chr1,32757733,32757734,bulges,43,+,chr1:32757709-32757733:+,False,"            5'- GCGGAGCCGCGGGCGGGAGGGCGGACGGACCGAC -3'
       rG4seq-K ------------------------*---------",HDAC1|ENSG00000116478.11_4,ENST00000373548.7_1,5UTR
chr1,32797759,32797761,two-quartet,212,+,chr1:32797745-32797760:+,False,"            5'- GGAGGGAGAGGGGGGCCGCAAGAAC -3'
       rG4seq-K --------------**---------",HDAC1|ENSG00000116478.11_4,ENST00000373548.7_1;ENST00000471488.1_1;ENST00000476391.5_1,CDS
chr1,33151019,33151021,bulges,33,+,chr1:33150996-33151020:+,False,"            5'- GGGAGTTGGGAAGAGAGGAAGGGGTGAAGTTGGT -3'
       rG4seq-K -----------------------**---------",RBBP4|ENSG00000162521.18_5,ENST00000373493.9_1,3UTR
chr1,33239404,33239407,bulges,76,+,chr1:33239375-33239408:+,False,"            5'- GGTGGATGGAAGGGAGCATCTGGAGGGGGGGAGCTTCCTTGAG -3'
       rG4seq-K -----------------------------***-----------",KIAA1522|ENSG00000162522.10_2,ENST00000373480.1_1;ENST00000373481.7_1;ENST00000401073.6_1,3UTR
chr1,33240320,33240321,longloop,130,+,chr1:33240288-33240320:+,False,"            5'- GGGTGGGACAGAGGACAAAGGAGAAGGGAGGGTCTAGAAGAG -3'
       rG4seq-K --------------------------------*---------",KIAA1522|ENSG00000162522.10_2,ENST00000373480.1_1;ENST00000373481.7_1;ENST00000401073.6_1,3UTR
chr1,35885963,35885964,two-quartet,26,+,chr1:35885945-35885963:+,False,"            5'- GGTGGGTCTGGATGTGGGTAAACTAAGG -3'
       rG4seq-K ------------------*---------",ZMYM4|ENSG00000146463.11_3,ENST00000314607.10_1;ENST00000457946.1_1,3UTR
chr1,36385652,36385654,longloop,18,+,chr1:36385624-36385653:+,False,"            5'- GGGGCTTGAGAAAGTGGGTGGGAGGAGGGAAGGATTTTT -3'
       rG4seq-K ----------------------------**---------",AGO1|ENSG00000092847.11_3,ENST00000373204.5_1;ENST00000373206.5_2,3UTR
chr1,36391238,36391239,bulges,10,+,chr1:36391220-36391238:+,False,"            5'- GGGCTGGGTGGGCAGTGGATCAAGAAGT -3'
       rG4seq-K ------------------*---------",AGO1|ENSG00000092847.11_3,ENST00000373204.5_1,3UTR
chr1,36644371,36644372,bulges,52,+,chr1:36644330-36644371:+,False,"            5'- GGAGCGGGAGGCGGAGGCCCGGAGGCGGGAGGAGCAGGAGGCACGAGAGAA -3'
       rG4seq-K -----------------------------------------*---------",MAP7D1|ENSG00000116871.15_5,ENST00000316156.8_3;ENST00000373148.5_1;ENST00000373150.8_3;ENST00000373151.6_3;ENST00000487131.3_1;ENST00000530975.4_4;ENST00000532131.1_1,CDS
chr1,36769907,36769913,canonical/G3L1-7,103,+,chr1:36769887-36769912:+,False,"            5'- GGGGTGGGGGCAGGGGTAGGGCGGGAGAGCGATGC -3'
       rG4seq-K --------------------**-***---------",THRAP3|ENSG00000054118.14_5,ENST00000354618.9_3;ENST00000648638.1_1,3UTR
chr1,37949550,37949552,canonical/G3L1-7,14,+,chr1:37949531-37949552:+,False,"            5'- GGGTGGGGAGGGAGGTGGGGGCAGCAGAGGC -3'
       rG4seq-K -------------------**----------",ZC3H12A|ENSG00000163874.10_3,ENST00000373087.6_1;ENST00000640233.1_1,3UTR
chr1,38174989,38174991,canonical/G3L1-7,71,+,chr1:38174966-38174990:+,False,"            5'- GGGGTTCATGGGAACAGGGGTGGGTGTGACTTGC -3'
       rG4seq-K -----------------------**---------",CDCA8|ENSG00000134690.10_2,ENST00000327331.2_1;ENST00000373055.5_1,3UTR
chr1,39492017,39492018,G>=40%,866,+,chr1:39491958-39492018:+,False,"            5'- GGCGTCGCGCTGCAAACGTCTCGCTGAGGTCATCCTTTACGGCAGGCGTCCGCGTCGCTAGCTAGTCGTT -3'
       rG4seq-K -----------------------------------------------------------*----------",NDUFS5|ENSG00000168653.10_2,ENST00000372967.3_1;ENST00000372969.7_1,5UTR
chr1,40706468,40706470,canonical/G3L1-7,33,+,chr1:40706452-40706469:+,False,"            5'- GGGTGGGAGGGCTAGGGAAAGGGATAT -3'
       rG4seq-K ----------------**---------",RLF|ENSG00000117000.8_2,ENST00000372771.4_1,3UTR
chr1,40706474,40706476,canonical/G3L1-7,55,+,chr1:40706452-40706475:+,False,"            5'- GGGTGGGAGGGCTAGGGAAAGGGATATGGAGTT -3'
       rG4seq-K ----------------------**---------",RLF|ENSG00000117000.8_2,ENST00000372771.4_1,3UTR
chr1,44088017,44088018,potential G-quadruplex & G>=40%,178,+,chr1:44087958-44088018:+,False,"            5'- ATGCTTCTTCTCATGGGGTGGGGTTGGGGCAAAGCCTCCTTTTTAATACATTAAGTGGGGTAGACTGAGG -3'
       rG4seq-K -----------------------------------------------------------*----------",PTPRF|ENSG00000142949.16_3,ENST00000359947.8_2;ENST00000372407.4_1;ENST00000414879.5_1;ENST00000429895.5_1;ENST00000438120.5_2;ENST00000477970.1_1;ENST00000496447.5_1,3UTR
chr1,44088394,44088396,bulges,245,+,chr1:44088358-44088395:+,False,"            5'- GGCCACATTGACAGTGGTGGGCGGGGAGAAGATAGGGAACACTCATC -3'
       rG4seq-K ------------------------------------**---------",PTPRF|ENSG00000142949.16_3,ENST00000359947.8_2;ENST00000372407.4_1;ENST00000414879.5_1;ENST00000429895.5_1;ENST00000477970.1_1;ENST00000496447.5_1,3UTR
chr1,44089095,44089096,bulges,159,+,chr1:44089069-44089095:+,False,"            5'- GATAGGTAAGTGGGGGCGGGGAAGGGTGCATAGCTG -3'
       rG4seq-K --------------------------*---------",PTPRF|ENSG00000142949.16_3,ENST00000359947.8_2;ENST00000372407.4_1;ENST00000429895.5_1;ENST00000496447.5_1,3UTR
chr1,44170968,44170970,longloop,16,+,chr1:44170941-44170969:+,False,"            5'- GGGAGCTGATTTTGGGGTGGGGGGTGGGACTAGAGGGC -3'
       rG4seq-K ---------------------------**---------",AL451062.3|ENSG00000284989.1_2;KDM4A|ENSG00000066135.12_4,ENST00000372396.3_1;ENST00000645057.1_1,3UTR;non_coding
chr1,44170978,44170979,canonical/G3L1-7,48,+,chr1:44170954-44170978:+,False,"            5'- GGGGTGGGGGGTGGGACTAGAGGGCAATACTGAA -3'
       rG4seq-K ------------------------*---------",AL451062.3|ENSG00000284989.1_2;KDM4A|ENSG00000066135.12_4,ENST00000372396.3_1;ENST00000645057.1_1,3UTR;non_coding
chr1,44170991,44170993,longloop,83,+,chr1:44170959-44170992:+,False,"            5'- GGGGGGTGGGACTAGAGGGCAATACTGAAGGGGTTAAACAGGT -3'
       rG4seq-K --------------------------------**---------",AL451062.3|ENSG00000284989.1_2;KDM4A|ENSG00000066135.12_4,ENST00000372396.3_1;ENST00000645057.1_1,3UTR;non_coding
chr1,44433542,44433543,bulges,22,+,chr1:44433513-44433542:+,False,"            5'- GGACCCAGGCCTTGGGAGGGAATGGTGGGAACATCCTCT -3'
       rG4seq-K -----------------------------*---------",IPO13|ENSG00000117408.10_2,ENST00000372343.7_1,3UTR
chr1,44679176,44679179,bulges,29,+,chr1:44679155-44679180:+,False,"            5'- GGGGACGGGGGAGTGGTAGTGGGGGCTGCAGCTGC -3'
       rG4seq-K ---------------------***-----------",DMAP1|ENSG00000178028.13_3,ENST00000315913.9_2;ENST00000361745.10_2;ENST00000372289.6_2;ENST00000436069.5_1;ENST00000437511.5_2;ENST00000440641.5_3;ENST00000446292.5_3;ENST00000463950.1_1;ENST00000471829.5_1;ENST00000475794.5_1;ENST00000487922.5_1,5UTR
chr1,45097875,45097876,bulges,28,+,chr1:45097848-45097878:+,False,"            5'- GGAGGAGCAGAGGGGCCGGCGGGAGGGAGGAAACCTTTCT -3'
       rG4seq-K ---------------------------*------------",RNF220|ENSG00000187147.17_4,ENST00000335497.11_1;ENST00000355387.6_1;ENST00000361799.6_1;ENST00000372247.6_1;ENST00000440132.2_1;ENST00000453863.5_3;ENST00000471494.5_1;ENST00000474064.5_1;ENST00000488865.2_1,CDS
chr1,45116714,45116716,potential G-quadruplex & G>=40%,19,+,chr1:45116656-45116716:+,False,"            5'- CCCACCTATGGTTTGGGGGCCATACCTGTTCCAGCTCTGTTCCCAGGGTGGGGCAGGGAGGTGGGGGTTG -3'
       rG4seq-K ----------------------------------------------------------**----------",RNF220|ENSG00000187147.17_4,ENST00000355387.6_1;ENST00000361799.6_1;ENST00000372247.6_1;ENST00000474064.5_1;ENST00000474956.1_1;ENST00000480686.5_1;ENST00000484745.5_1,3UTR
chr1,45116720,45116723,canonical/G3L1-7,34,+,chr1:45116701-45116723:+,False,"            5'- GGGTGGGGCAGGGAGGTGGGGGTTGGGGGAGT -3'
       rG4seq-K -------------------***----------",RNF220|ENSG00000187147.17_4,ENST00000355387.6_1;ENST00000361799.6_1;ENST00000372247.6_1;ENST00000474064.5_1;ENST00000474956.1_1;ENST00000480686.5_1;ENST00000484745.5_1,3UTR
chr1,45116728,45116730,canonical/G3L1-7,90,+,chr1:45116701-45116730:+,False,"            5'- GGGTGGGGCAGGGAGGTGGGGGTTGGGGGAGTAGTGGGG -3'
       rG4seq-K ---------------------------**----------",RNF220|ENSG00000187147.17_4,ENST00000355387.6_1;ENST00000361799.6_1;ENST00000372247.6_1;ENST00000474064.5_1;ENST00000474956.1_1;ENST00000480686.5_1;ENST00000484745.5_1,3UTR
chr1,45116739,45116741,canonical/G3L1-7,154,+,chr1:45116711-45116740:+,False,"            5'- GGGAGGTGGGGGTTGGGGGAGTAGTGGGGCACGGCTCCT -3'
       rG4seq-K ----------------------------**---------",RNF220|ENSG00000187147.17_4,ENST00000355387.6_1;ENST00000361799.6_1;ENST00000372247.6_1;ENST00000474064.5_1;ENST00000474956.1_1;ENST00000480686.5_1;ENST00000484745.5_1,3UTR
chr1,45233012,45233013,canonical/G3L1-7,128,+,chr1:45232989-45233014:+,False,"            5'- GGGCCCAGGGCAGCTGGGGAGGGGGTCAGAGTGAC -3'
       rG4seq-K -----------------------*-----------",KIF2C|ENSG00000142945.12_4,ENST00000372217.5_2;ENST00000372224.8_2,3UTR
chr1,45244061,45244063,G>=40%,82,+,chr1:45244003-45244063:+,False,"            5'- AGGCCCGTGCTTGGAGTCTTTGTATTTGGGGAAGTCTCTGCCCAGGCTGAGGGGGCTGTCTCAGTGATGA -3'
       rG4seq-K ----------------------------------------------------------**----------",RPS8|ENSG00000142937.11_2;SNORD38B|ENSG00000207421.1,ENST00000372209.3_1;ENST00000384690.1;ENST00000396651.7_1;ENST00000464658.1_1;ENST00000474582.1_1;ENST00000484599.1_1;ENST00000485390.5_1,non_coding
chr1,45975922,45975924,bulges,31,+,chr1:45975895-45975923:+,False,"            5'- GTCGGTTCTAGAGGGGTGGGCAGGTGGGAGTAGCTGAG -3'
       rG4seq-K ---------------------------**---------",MMACHC|ENSG00000132763.14_2,ENST00000401061.8_1;ENST00000477188.1_1;ENST00000616135.1_2,3UTR
chr1,46083781,46083782,two-quartet,221,+,chr1:46083754-46083781:+,False,"            5'- GGGCAGCAGTGGAGGGGACAGTGGAGGCTGGAGCTAC -3'
       rG4seq-K ---------------------------*---------",NASP|ENSG00000132780.16_4,ENST00000350030.7_2;ENST00000351223.7_2;ENST00000372052.8_2;ENST00000472408.1_1;ENST00000481782.1_1;ENST00000530073.5_1;ENST00000531612.5_4;ENST00000534450.1_1;ENST00000537798.5_2,CDS
chr1,46769341,46769342,G>=40%,226,+,chr1:46769282-46769342:+,False,"            5'- CAATCTGAGCATGTGTTCGCGACCACGATGAGTGTGCCGCACTTCCGGCCAGATCGCCGGATTTCCGCTG -3'
       rG4seq-K -----------------------------------------------------------*----------",UQCRH|ENSG00000173660.11_2,ENST00000311672.9_1,5UTR
chr1,52812046,52812047,canonical/G3L1-7,12,+,chr1:52812024-52812046:+,False,"            5'- GGGGGTTTGGGAGACGGGTGGGAAAGGGTGGT -3'
       rG4seq-K ----------------------*---------",ZFYVE9|ENSG00000157077.14_3,ENST00000287727.7_2;ENST00000357206.6_2;ENST00000371591.1_2,3UTR
chr1,55529301,55529304,canonical/G3L1-7,241,+,chr1:55529282-55529303:+,False,"            5'- GGGGAGGGTCAAGGGCTGGGGCTGAGCTTTA -3'
       rG4seq-K -------------------***---------",PCSK9|ENSG00000169174.10_2,ENST00000302118.5_1;ENST00000490692.1_1,3UTR
chr1,55529677,55529679,bulges,128,+,chr1:55529660-55529679:+,False,"            5'- GGGGAGGGGGCGGTAGGGGCTGCAGGGAC -3'
       rG4seq-K -----------------**----------",PCSK9|ENSG00000169174.10_2,ENST00000302118.5_1;ENST00000490692.1_1,3UTR
chr1,55529686,55529688,canonical/G3L1-7,225,+,chr1:55529660-55529687:+,False,"            5'- GGGGAGGGGGCGGTAGGGGCTGCAGGGACAAACATCG -3'
       rG4seq-K --------------------------**---------",PCSK9|ENSG00000169174.10_2,ENST00000302118.5_1;ENST00000490692.1_1,3UTR
chr1,55529703,55529705,longloop,373,+,chr1:55529665-55529702:+,False,"            5'- GGGGGCGGTAGGGGCTGCAGGGACAAACATCGTTGGGGGGTGAGTGT -3'
       rG4seq-K --------------------------------------**-------",PCSK9|ENSG00000169174.10_2,ENST00000302118.5_1;ENST00000490692.1_1,3UTR
chr1,57175103,57175104,two-quartet,54,+,chr1:57175088-57175103:+,False,"            5'- GGGAAGGAGGGCGGGTTGCAATTTG -3'
       rG4seq-K ---------------*---------",PRKAA2|ENSG00000162409.10_2,ENST00000371244.8_1;ENST00000610361.1_1,3UTR
chr1,57179324,57179326,bulges,46,+,chr1:57179308-57179325:+,False,"            5'- GAGGTGGGCAGGGAGGGTTGCTACGTT -3'
       rG4seq-K ----------------**---------",PRKAA2|ENSG00000162409.10_2,ENST00000371244.8_1;ENST00000610361.1_1,3UTR
chr1,62902718,62902720,potential G-quadruplex & G>=40%,60,+,chr1:62902660-62902720:+,False,"            5'- ACGTTCAATCGCAGCGCTGGCGCGGGCGGAGGCTAAAACACGGGGGTCCTGAGACTGAGGAAAACGCGCC -3'
       rG4seq-K ----------------------------------------------------------**----------",USP1|ENSG00000162607.12_3,ENST00000339950.4_1;ENST00000371146.5_1;ENST00000442679.5_2;ENST00000452143.5_1,5UTR
chr1,62902991,62902992,canonical/G3L1-7,48,+,chr1:62902966-62902991:+,False,"            5'- GGGACCCGGCGGGCTCGGGGCAGGGACTCACCTGT -3'
       rG4seq-K -------------------------*---------",USP1|ENSG00000162607.12_3,ENST00000339950.4_1;ENST00000371146.5_1;ENST00000442679.5_2;ENST00000452143.5_1,5UTR
chr1,70687402,70687406,bulges,65,+,chr1:70687367-70687407:+,False,"            5'- GGCGGGCCCGGTGGCGGAGGTGGTGGTGGCGGCGGAGGCGGCGGCACCGA -3'
       rG4seq-K -----------------------------------*-**-----------",SRSF11|ENSG00000116754.13_2,ENST00000370950.7_1;ENST00000370951.5_1;ENST00000395136.6_2;ENST00000463877.1_1;ENST00000469170.5_1;ENST00000473950.5_1;ENST00000475204.5_1;ENST00000486667.5_1,CDS
chr1,70687408,70687412,bulges,134,+,chr1:70687376-70687411:+,False,"            5'- GGTGGCGGAGGTGGTGGTGGCGGCGGAGGCGGCGGCACCGAGGTA -3'
       rG4seq-K --------------------------------*-**---------",SRSF11|ENSG00000116754.13_2,ENST00000370950.7_1;ENST00000370951.5_1;ENST00000395136.6_2;ENST00000463877.1_1;ENST00000469170.5_1;ENST00000473950.5_1;ENST00000475204.5_1;ENST00000486667.5_1,CDS
chr1,70718114,70718116,two-quartet,151,+,chr1:70718096-70718115:+,False,"            5'- GGGTGGCTGGGGTTAAGGGAAAATGAGAC -3'
       rG4seq-K ------------------**---------",SRSF11|ENSG00000116754.13_2,ENST00000370950.7_1,3UTR
chr1,78409138,78409140,bulges,34,+,chr1:78409120-78409140:+,False,"            5'- GGGATTGGAGCGGGGTGGGGAAAACTGTCA -3'
       rG4seq-K ------------------**----------",NEXN|ENSG00000162614.18_4,ENST00000330010.12_2;ENST00000342754.5_3,3UTR
chr1,86048815,86048819,bulges,361,+,chr1:86048791-86048820:+,False,"            5'- GGAGAAAATGGGCGGGGGTGGTGTGGGTGATGGGACTCA -3'
       rG4seq-K ------------------------****-----------",CYR61|ENSG00000142871.16_3,ENST00000451137.6_1,3UTR
chr1,86048824,86048826,canonical/G3L1-7,794,+,chr1:86048800-86048825:+,False,"            5'- GGGCGGGGGTGGTGTGGGTGATGGGACTCATTGTA -3'
       rG4seq-K ------------------------**---------",CYR61|ENSG00000142871.16_3,ENST00000451137.6_1,3UTR
chr1,86049285,86049287,potential G-quadruplex & G>=40%,741,+,chr1:86049227-86049287:+,False,"            5'- TCAGGTGTTTTAAGACTGAATGTTTTATTTATCAAAATGTAGCTTTTGGGGAGGGAGGGGAAATGTAATA -3'
       rG4seq-K ----------------------------------------------------------**----------",CYR61|ENSG00000142871.16_3,ENST00000451137.6_1,3UTR
chr1,87572218,87572219,bulges,73,+,chr1:87572189-87572218:+,False,"            5'- GCCTTAAAGGTTATGGGAGGGCATGAGGGAACACTTCTT -3'
       rG4seq-K -----------------------------*---------",AC093155.3|ENSG00000267561.2_6;HS2ST1|ENSG00000153936.16_3,ENST00000370548.3_1;ENST00000370550.9_1,3UTR;non_coding
chr1,87810763,87810767,canonical/G3L1-7,46,+,chr1:87810741-87810765:+,False,"            5'- GGGGAGGGGGAGGGAGCTGGGGGGGAGGGAAATG -3'
       rG4seq-K ----------------------****--------",LMO4|ENSG00000143013.12_2,ENST00000370542.1_1;ENST00000370544.9_1,3UTR
chr1,87810769,87810771,canonical/G3L1-7,182,+,chr1:87810742-87810770:+,False,"            5'- GGGAGGGGGAGGGAGCTGGGGGGGAGGGAAATGACTAA -3'
       rG4seq-K ---------------------------**---------",LMO4|ENSG00000143013.12_2,ENST00000370542.1_1;ENST00000370544.9_1,3UTR
chr1,90493147,90493149,canonical/G3L1-7,13,+,chr1:90493118-90493147:+,False,"            5'- GGGAGTAGGGGAAGGAGGGGAAGTAGGGGTAGTGGGAGA -3'
       rG4seq-K -----------------------------**--------",ZNF326|ENSG00000162664.16_2,ENST00000340281.8_2;ENST00000370447.3_2;ENST00000394583.7_1,3UTR;CDS
chr1,90493152,90493155,canonical/G3L1-7,22,+,chr1:90493125-90493154:+,False,"            5'- GGGGAAGGAGGGGAAGTAGGGGTAGTGGGAGAAGTAGAG -3'
       rG4seq-K ---------------------------***---------",ZNF326|ENSG00000162664.16_2,ENST00000340281.8_2;ENST00000370447.3_2;ENST00000394583.7_1,3UTR;CDS
chr1,90493172,90493175,longloop,50,+,chr1:90493134-90493174:+,False,"            5'- GGGGAAGTAGGGGTAGTGGGAGAAGTAGAGGGAGTGGGGGAAGTAGAGGA -3'
       rG4seq-K --------------------------------------***---------",ZNF326|ENSG00000162664.16_2,ENST00000340281.8_2;ENST00000370447.3_2;ENST00000394583.7_1,3UTR;CDS
chr1,93826643,93826644,potential G-quadruplex & G>=40%,193,+,chr1:93826584-93826644:+,False,"            5'- AATTTTAAATTATTAAGGGGGGGGTGCTGTGTGAATCAGTAGACATTGGATTGGGTTGGTGAAAGAGTTC -3'
       rG4seq-K -----------------------------------------------------------*----------",DR1|ENSG00000117505.12_2,ENST00000370267.1_1;ENST00000370272.8_1,3UTR
chr1,94019397,94019401,bulges,36,+,chr1:94019378-94019400:+,False,"            5'- GGGAGATGGGGCAGGTGGGGGGTTATTTGTAC -3'
       rG4seq-K -------------------****---------",FNBP1L|ENSG00000137942.16_2,ENST00000260506.12_1;ENST00000271234.11_1;ENST00000370253.6_1,3UTR
chr1,109239772,109239774,two-quartet,30,+,chr1:109239757-109239776:+,False,"            5'- GGGAGGCTGGGGTGGGAGGATCACTTGAG -3'
       rG4seq-K ---------------**------------",PRPF38B|ENSG00000134186.11_2,ENST00000370021.1_1;ENST00000370022.9_1;ENST00000370025.8_1;ENST00000467302.5_1,3UTR
chr1,109289384,109289386,two-quartet,74,+,chr1:109289361-109289386:+,False,"            5'- GGCGCCGCCGGTGGCAGAGAGGGGGCTAAAGAGCG -3'
       rG4seq-K -----------------------**----------",STXBP3|ENSG00000116266.10_2,ENST00000370008.3_1;ENST00000469338.1_1;ENST00000483586.5_1,CDS
chr1,109637593,109637595,canonical/G3L1-7,122,+,chr1:109637573-109637594:+,False,"            5'- GGGGAGGGGATGCTGGGTGGGAAACAGTTAT -3'
       rG4seq-K --------------------**---------",TMEM167B|ENSG00000215717.5_3,ENST00000338272.8_1;ENST00000479160.1_1,3UTR
chr1,110472582,110472584,longloop,15,+,chr1:110472559-110472583:+,False,"            5'- GGGAGAGAGCAAGGGAGGGGAGGGCACAGACAGA -3'
       rG4seq-K -----------------------**---------",CSF1|ENSG00000184371.13_4,ENST00000329608.10_3,3UTR
chr1,110527573,110527575,bulges,56,+,chr1:110527554-110527574:+,False,"            5'- GGGGCCGGCAGGAGGGTGGGCGATCGCGTG -3'
       rG4seq-K -------------------**---------",AHCYL1|ENSG00000168710.17_3,ENST00000369799.9_2;ENST00000393614.8_2,5UTR
chr1,110527625,110527628,canonical/G3L1-7,90,+,chr1:110527600-110527625:+,False,"            5'- GGGCAGGCGGGCGGGCGCCAGAGGGGGAAAGAGGC -3'
       rG4seq-K -------------------------***-------",AHCYL1|ENSG00000168710.17_3,ENST00000369799.9_2;ENST00000393614.8_2,5UTR
chr1,110527638,110527641,longloop,183,+,chr1:110527608-110527640:+,False,"            5'- GGGCGGGCGCCAGAGGGGGAAAGAGGCGGGGGCGGCGGGTCA -3'
       rG4seq-K ------------------------------***---------",AHCYL1|ENSG00000168710.17_3,ENST00000369799.9_2;ENST00000393614.8_2;ENST00000475081.1_1,5UTR
chr1,110527646,110527648,longloop,324,+,chr1:110527608-110527647:+,False,"            5'- GGGCGGGCGCCAGAGGGGGAAAGAGGCGGGGGCGGCGGGTCAGCCGCTG -3'
       rG4seq-K --------------------------------------**---------",AHCYL1|ENSG00000168710.17_3,ENST00000369799.9_2;ENST00000393614.8_2;ENST00000475081.1_1,5UTR
chr1,110527672,110527674,longloop,1085,+,chr1:110527635-110527673:+,False,"            5'- GGGGGCGGCGGGTCAGCCGCTGGCCGGGCCGGCCGGGGAATGTCGATG -3'
       rG4seq-K -------------------------------------**---------",AHCYL1|ENSG00000168710.17_3,ENST00000369799.9_2;ENST00000393614.8_2;ENST00000475081.1_1,5UTR
chr1,110565378,110565382,two-quartet,1359,+,chr1:110565355-110565381:+,False,"            5'- GGGAGGTAGGTGTGGGCAGGAGGAGGAATGATAAAT -3'
       rG4seq-K -----------------------*-**---------",AHCYL1|ENSG00000168710.17_3,ENST00000369799.9_2;ENST00000393614.8_2,3UTR
chr1,110597004,110597006,bulges,19,+,chr1:110596972-110597005:+,False,"            5'- GTATCTTGGTTGTGCTCTGGGGTGGGGGTGGGGTGTTTCTGAT -3'
       rG4seq-K --------------------------------**---------",STRIP1|ENSG00000143093.14_3,ENST00000369795.7_1;ENST00000369796.5_1;ENST00000473429.5_1;ENST00000485775.5_1,3UTR
chr1,111690264,111690265,bulges,145,+,"chr1:111683197-111683230:+,chr1:111690263-111690264:+",True,"            5'- GGGAGCCGGGGGGCTGTTGTGTGGGAGCCCAAGGTAAGCACCAG -3'
       rG4seq-K ----------------------------------*---------",CEPT1|ENSG00000134255.13_2,ENST00000357172.8_1;ENST00000460443.5_1;ENST00000476865.5_1;ENST00000478042.5_1;ENST00000480324.5_1;ENST00000498239.5_1;ENST00000545121.5_1,5UTR
chr1,113217319,113217320,potential G-quadruplex & G>=40%,54,+,chr1:113217260-113217320:+,False,"            5'- AGGGCCCTGAGGGAGGGGTCAGACGCTTTAGGAAAGAGTTAATGCGAAGAGGGGGAGGGGATAGGACGAA -3'
       rG4seq-K -----------------------------------------------------------*----------",MOV10|ENSG00000155363.18_2,ENST00000369644.5_1;ENST00000369645.5_1;ENST00000413052.6_1;ENST00000486416.1_1,5UTR
chr1,116915904,116915905,potential G-quadruplex & G>=40%,84,+,chr1:116915845-116915905:+,False,"            5'- GTGAGGAGGAGGCGCGGGCTGGAGCTGCGGCGGGGTCTGGGGCGCAGAGCAGCGGCGGGAGGAGGCGGAC -3'
       rG4seq-K -----------------------------------------------------------*----------",ATP1A1|ENSG00000163399.15_3,ENST00000295598.9_1;ENST00000418797.5_1;ENST00000488733.1_1,5UTR
chr1,116947246,116947248,bulges,486,+,chr1:116947230-116947247:+,False,"            5'- GGGGGGAGGGGGGAGGGCTGCCTGAAA -3'
       rG4seq-K ----------------**---------",ATP1A1|ENSG00000163399.15_3,ENST00000295598.9_1;ENST00000369496.8_1;ENST00000440951.1_1;ENST00000537345.5_1,3UTR
chr1,117530409,117530411,bulges,71,+,chr1:117530384-117530410:+,False,"            5'- GGGCTGCAAGGAAGGGGAGGATGGGGACAAGGAAAG -3'
       rG4seq-K -------------------------**---------",PTGFRN|ENSG00000134247.9_2,ENST00000393203.2_1;ENST00000497385.1_1,3UTR
chr1,118167443,118167445,two-quartet,39,+,chr1:118167425-118167445:+,False,"            5'- GGTGGTGGTAGTGGAAGGGGATAATTGTAA -3'
       rG4seq-K ------------------**----------",TENT5C|ENSG00000183508.4_3,ENST00000369448.3_1,3UTR
chr1,118170379,118170380,bulges,19,+,chr1:118170350-118170381:+,False,"            5'- GAGGACCAAGTCGTGGGGGAGGGGGGCGGTGTTGAGGAGAG -3'
       rG4seq-K -----------------------------*-----------",TENT5C|ENSG00000183508.4_3,ENST00000369448.3_1,3UTR
chr1,120254547,120254548,bulges,486,+,chr1:120254508-120254548:+,False,"            5'- GGAGGAGGAGGAGGAGATGACTGGGGAGCGGGAGCTGGAGAATACTGCCC -3'
       rG4seq-K ---------------------------------------*----------",PHGDH|ENSG00000092621.12_4,ENST00000493622.5_2;ENST00000496756.2_2;ENST00000641023.1_2;ENST00000641074.1_1;ENST00000641115.1_1;ENST00000641213.1_1;ENST00000641491.1_1;ENST00000641597.1_2;ENST00000641720.1_1;ENST00000641947.1_1;ENST00000642021.1_1;ENST00000642041.1_1,5UTR
chr1,145283710,145283712,longloop,12,+,chr1:145283681-145283711:+,False,"            5'- GGGAGATTAGCATGAGGGGTGGGAATGGGGAGATTCGATG -3'
       rG4seq-K -----------------------------**---------",AC239799.1|ENSG00000213240.8_6;NOTCH2NLA|ENSG00000264343.5_4,ENST00000578207.5_1;ENST00000579793.6_1;ENST00000612520.1_1,3UTR;non_coding
chr1,147096901,147096902,bulges,17,+,chr1:147096879-147096901:+,False,"            5'- GGGCTGCTTTGGGGGAGGGGGGAACTCGAGAA -3'
       rG4seq-K ----------------------*---------",BCL9|ENSG00000116128.10_3,ENST00000234739.7_1,3UTR
chr1,149871539,149871540,canonical/G3L1-7,23,+,chr1:149871512-149871539:+,False,"            5'- GGGCGGATGCGGGGATCGCGGGGCGGGTGTTGACATT -3'
       rG4seq-K ---------------------------*---------",BOLA1|ENSG00000178096.8_2,ENST00000369150.1_1;ENST00000369152.5_1;ENST00000369153.2_1;ENST00000476344.1_1,5UTR
chr1,150039894,150039896,canonical/G3L1-7,88,+,chr1:150039873-150039895:+,False,"            5'- GGGGGCGGGAAGGGCTGTAGGGTACTTGTCAA -3'
       rG4seq-K ---------------------**---------",VPS45|ENSG00000136631.14_5,ENST00000369128.9_1;ENST00000369130.7_1;ENST00000460366.5_1;ENST00000462852.5_1;ENST00000478999.1_1;ENST00000491789.2_2;ENST00000497638.2_1;ENST00000535106.5_1;ENST00000611412.4_2;ENST00000642919.1_1;ENST00000643611.1_1;ENST00000643970.1_1;ENST00000644510.2_2,5UTR
chr1,150266280,150266283,G>=40%,207,+,chr1:150266223-150266283:+,False,"            5'- CCTCGGCCTGTTTCTTTGCGCGGCGCTGGCGATTCCGTAATTTCCGCTTCCGGTAGTGAGAACCCTTCCG -3'
       rG4seq-K ---------------------------------------------------------***----------",MRPS21|ENSG00000266472.5_2,ENST00000614145.4_1,5UTR
chr1,150280676,150280677,bulges,710,+,chr1:150280652-150280676:+,False,"            5'- GGGCTGCTGAGGCCTGTGGGTGGGACACCCAGTG -3'
       rG4seq-K ------------------------*---------",MRPS21|ENSG00000266472.5_2,ENST00000581066.2_1;ENST00000614145.4_1,3UTR;CDS
chr1,150446106,150446109,bulges,26,+,chr1:150446086-150446109:+,False,"            5'- GGCTGGGGGGTTGGGGAGTGGGGAGGAAAACAA -3'
       rG4seq-K --------------------***----------",RPRD2|ENSG00000163125.15_4,ENST00000401000.8_1,3UTR
chr1,150446112,150446113,two-quartet,55,+,chr1:150446086-150446112:+,False,"            5'- GGCTGGGGGGTTGGGGAGTGGGGAGGAAAACAATCT -3'
       rG4seq-K --------------------------*---------",RPRD2|ENSG00000163125.15_4,ENST00000401000.8_1,3UTR
chr1,150447738,150447740,two-quartet,22,+,chr1:150447724-150447740:+,False,"            5'- GGGGTGGGAGGTGGGGAAATGATATT -3'
       rG4seq-K --------------**----------",RPRD2|ENSG00000163125.15_4,ENST00000401000.8_1,3UTR
chr1,150933582,150933586,canonical/G3L1-7,44,+,chr1:150933565-150933585:+,False,"            5'- GGGGAGGGCCGGGCTGGGGGAAGCCGAATG -3'
       rG4seq-K -----------------****---------",SETDB1|ENSG00000143379.12_3,ENST00000271640.9_2;ENST00000368969.8_1;ENST00000498193.5_1,CDS
chr1,151221858,151221869,longloop,103,+,chr1:151221844-151221868:+,False,"            5'- GGGAATATTTGAGGGAGGGCTGGGTCTTAGGGAA -3'
       rG4seq-K --------------**-***-*-**---------",PIP5K1A|ENSG00000143398.19_4,ENST00000349792.9_1;ENST00000368890.8_1;ENST00000409426.5_2,3UTR
chr1,151221875,151221877,canonical/G3L1-7,379,+,chr1:151221856-151221876:+,False,"            5'- GGGAGGGCTGGGTCTTAGGGAAAGGAATGG -3'
       rG4seq-K -------------------**---------",PIP5K1A|ENSG00000143398.19_4,ENST00000349792.9_1;ENST00000368890.8_1;ENST00000409426.5_2,3UTR
chr1,151221886,151221889,longloop,672,+,chr1:151221856-151221888:+,False,"            5'- GGGAGGGCTGGGTCTTAGGGAAAGGAATGGGGAAGCAACATT -3'
       rG4seq-K ------------------------------***---------",PIP5K1A|ENSG00000143398.19_4,ENST00000349792.9_1;ENST00000368890.8_1;ENST00000409426.5_2,3UTR
chr1,151373438,151373439,longloop,33,+,chr1:151373410-151373438:+,False,"            5'- GGGATGGGCTGGGATCGCTATTACTGGGCAGATGGTTT -3'
       rG4seq-K ----------------------------*---------",PSMB4|ENSG00000159377.10_2,ENST00000290541.6_1;ENST00000466425.1_1;ENST00000474100.1_1;ENST00000476467.1_1;ENST00000493673.1_1;ENST00000495288.5_1;ENST00000495805.5_1,non_coding
chr1,153617568,153617571,bulges,166,+,chr1:153617542-153617570:+,False,"            5'- GGGGTATGATAGGTCGGGGAAGAGGGGGCTTTGGAGGC -3'
       rG4seq-K --------------------------***---------",CHTOP|ENSG00000160679.12_3,ENST00000368687.1_2;ENST00000368690.7_1;ENST00000368694.7_1;ENST00000403433.5_3;ENST00000495554.1_1;ENST00000614256.4_2,3UTR;CDS
chr1,153617986,153617987,two-quartet,117,+,chr1:153617973-153617987:+,False,"            5'- GGGGGGAGGGGGGGTTTCCCCTCC -3'
       rG4seq-K -------------*----------",CHTOP|ENSG00000160679.12_3,ENST00000368690.7_1;ENST00000368694.7_1;ENST00000403433.5_3;ENST00000614256.4_2,3UTR
chr1,153701189,153701191,bulges,54,+,chr1:153701158-153701192:+,False,"            5'- GGAGCAGCGGGAGGTGGAGGAGGAGGAGCGGGAGCAGGAGCCCC -3'
       rG4seq-K -------------------------------**-----------",INTS3|ENSG00000143624.13_3,ENST00000318967.6_2;ENST00000435409.6_2;ENST00000481797.5_1,CDS
chr1,153701215,153701216,bulges,233,+,chr1:153701182-153701215:+,False,"            5'- GGAGCGGGAGCAGGAGCCCCAGGAGGGGGGAGGCTGCTACTTT -3'
       rG4seq-K ---------------------------------*---------",INTS3|ENSG00000143624.13_3,ENST00000318967.6_2;ENST00000435409.6_2;ENST00000481797.5_1,CDS
chr1,154990689,154990692,canonical/G3L1-7,25,+,chr1:154990669-154990692:+,False,"            5'- GGGGAGGGGTCACAGGGAGGGGGTAGCGGGACC -3'
       rG4seq-K --------------------***----------",ZBTB7B|ENSG00000160685.13_2,ENST00000368426.3_1;ENST00000417934.6_1;ENST00000535420.5_1,3UTR
chr1,155035174,155035178,canonical/G3L1-7,144,+,chr1:155035153-155035177:+,False,"            5'- GGGGGCTTGGGGAGGGGCTGGGGGTTGGACGGGA -3'
       rG4seq-K ---------------------****---------",ADAM15|ENSG00000143537.13_3,ENST00000271836.10_1;ENST00000355956.6_1;ENST00000356955.6_1;ENST00000359280.8_1;ENST00000360674.8_1;ENST00000368412.7_1;ENST00000368413.5_1;ENST00000449910.6_1;ENST00000461234.5_1;ENST00000464824.2_1;ENST00000472434.5_1;ENST00000474709.5_1;ENST00000498481.6_1;ENST00000526491.5_1;ENST00000527418.5_1;ENST00000529473.5_1,3UTR
chr1,155035197,155035198,bulges,414,+,chr1:155035161-155035197:+,False,"            5'- GGGGAGGGGCTGGGGGTTGGACGGGATTGAGGAAGGTCCGCACAGC -3'
       rG4seq-K ------------------------------------*---------",ADAM15|ENSG00000143537.13_3,ENST00000271836.10_1;ENST00000355956.6_1;ENST00000356955.6_1;ENST00000359280.8_1;ENST00000360674.8_1;ENST00000368412.7_1;ENST00000368413.5_1;ENST00000449910.6_1;ENST00000461234.5_1;ENST00000464824.2_1;ENST00000472434.5_1;ENST00000474709.5_1;ENST00000498481.6_1;ENST00000526491.5_1;ENST00000527418.5_1;ENST00000529473.5_1,3UTR
chr1,155059458,155059460,canonical/G3L1-7,26,+,chr1:155059433-155059459:+,False,"            5'- GGGGAGGGGACTAGATGGGCAAGGGGCAGCACTGCC -3'
       rG4seq-K -------------------------**---------",EFNA3|ENSG00000143590.13_3,ENST00000368408.3_1;ENST00000470294.5_1,3UTR
chr1,155059612,155059615,longloop,38,+,chr1:155059575-155059613:+,False,"            5'- GGGGGGGCGGGCAGTGGACAAGGATGGCAAGGGGTGGGCATTGGGGTG -3'
       rG4seq-K -------------------------------------***--------",EFNA3|ENSG00000143590.13_3,ENST00000368408.3_1,3UTR
chr1,155059620,155059622,bulges,67,+,chr1:155059590-155059621:+,False,"            5'- GGACAAGGATGGCAAGGGGTGGGCATTGGGGTGCCAGGCAG -3'
       rG4seq-K ------------------------------**---------",EFNA3|ENSG00000143590.13_3,ENST00000368408.3_1,3UTR
chr1,155279490,155279491,longloop,17,+,chr1:155279457-155279490:+,False,"            5'- GGGAGGGGCACTCTGGGCTAAGGCTGGGGTGGGAGTTATCTGG -3'
       rG4seq-K ---------------------------------*---------",FDPS|ENSG00000160752.14_2,ENST00000356657.10_1;ENST00000368356.8_1;ENST00000447866.5_1;ENST00000461507.5_1;ENST00000465559.5_1;ENST00000467076.5_1;ENST00000468479.5_1;ENST00000470171.5_1;ENST00000471117.5_1;ENST00000474345.5_1;ENST00000477057.5_1;ENST00000487002.1_1;ENST00000489003.5_1;ENST00000491013.5_1;ENST00000495308.5_1;ENST00000611010.4_1;ENST00000612683.1_1,non_coding
chr1,155279790,155279792,canonical/G3L1-7,20,+,chr1:155279768-155279792:+,False,"            5'- GGGGTGAGGGGCCTTGGGGAGGGGAGCAGCTGAT -3'
       rG4seq-K ----------------------**----------",FDPS|ENSG00000160752.14_2,ENST00000356657.10_1;ENST00000368356.8_1;ENST00000447866.5_1;ENST00000461507.5_1;ENST00000465559.5_1;ENST00000467076.5_1;ENST00000468479.5_1;ENST00000470171.5_1;ENST00000471117.5_1;ENST00000474345.5_1;ENST00000477057.5_1;ENST00000487002.1_1;ENST00000489003.5_1;ENST00000491013.5_1;ENST00000495308.5_1;ENST00000611010.4_1;ENST00000612683.1_1,non_coding
chr1,155282254,155282255,canonical/G3L1-7,18,+,chr1:155282237-155282254:+,False,"            5'- GGGTGGGAAGGGGAGGGATGGGCCTGA -3'
       rG4seq-K -----------------*---------",FDPS|ENSG00000160752.14_2,ENST00000356657.10_1;ENST00000368356.8_1;ENST00000447866.5_1;ENST00000461507.5_1;ENST00000465559.5_1;ENST00000467076.5_1;ENST00000468479.5_1;ENST00000470171.5_1;ENST00000471117.5_1;ENST00000474345.5_1;ENST00000477057.5_1;ENST00000487002.1_1;ENST00000489003.5_1;ENST00000491013.5_1;ENST00000495308.5_1;ENST00000611010.4_1;ENST00000612683.1_1,non_coding
chr1,156108494,156108496,bulges,161,+,chr1:156108466-156108495:+,False,"            5'- GGGGGGCAGTGGGGGTGGCAGCTTCGGGGACAATCTGGT -3'
       rG4seq-K ----------------------------**---------",LMNA|ENSG00000160789.19_2,ENST00000347559.6_1;ENST00000368299.7_1;ENST00000368300.8_1;ENST00000448611.6_1;ENST00000473598.6_1;ENST00000496738.5_1;ENST00000506981.1_1;ENST00000508500.1_1,CDS
chr1,156108987,156108988,potential G-triplex & G>=40%,233,+,chr1:156108928-156108988:+,False,"            5'- AGGCTTCCTGCGTCCTCCTCACCTCATGCCCACCCCCTGCCCTGCACGTCATGGGAGGGGGCTTGAAGCC -3'
       rG4seq-K -----------------------------------------------------------*----------",LMNA|ENSG00000160789.19_2,ENST00000347559.6_1;ENST00000368299.7_1;ENST00000368300.8_1;ENST00000448611.6_1;ENST00000473598.6_1;ENST00000496738.5_1;ENST00000508500.1_1,3UTR
chr1,156109586,156109587,two-quartet,312,+,chr1:156109569-156109589:+,False,"            5'- GGGAATGAGGTGGGAGGTGGAAGAAGGGAG -3'
       rG4seq-K -----------------*------------",LMNA|ENSG00000160789.19_2,ENST00000347559.6_1;ENST00000368300.8_1;ENST00000448611.6_1,3UTR;CDS
chr1,156109589,156109590,two-quartet,350,+,chr1:156109569-156109589:+,False,"            5'- GGGAATGAGGTGGGAGGTGGAAGAAGGGAG -3'
       rG4seq-K --------------------*---------",LMNA|ENSG00000160789.19_2,ENST00000347559.6_1;ENST00000368300.8_1;ENST00000448611.6_1,3UTR;CDS
chr1,156109596,156109598,bulges,410,+,chr1:156109569-156109597:+,False,"            5'- GGGAATGAGGTGGGAGGTGGAAGAAGGGAGAAGAAAGG -3'
       rG4seq-K ---------------------------**---------",LMNA|ENSG00000160789.19_2,ENST00000347559.6_1;ENST00000368300.8_1;ENST00000448611.6_1,3UTR;CDS
chr1,156109704,156109705,canonical/G3L1-7,135,+,chr1:156109680-156109704:+,False,"            5'- GGGGTGCTGGGAGGAGGGAGAGGGAGGTCACTGG -3'
       rG4seq-K ------------------------*---------",LMNA|ENSG00000160789.19_2,ENST00000347559.6_1;ENST00000368300.8_1;ENST00000448611.6_1,3UTR
chr1,156109721,156109722,bulges,180,+,chr1:156109688-156109721:+,False,"            5'- GGGAGGAGGGAGAGGGAGGTCACTGGAAAGGGGAGAGCCTGCT -3'
       rG4seq-K ---------------------------------*---------",LMNA|ENSG00000160789.19_2,ENST00000347559.6_1;ENST00000368300.8_1;ENST00000448611.6_1,3UTR
chr1,156109771,156109774,bulges,170,+,chr1:156109741-156109771:+,False,"            5'- GTGGAGGAGGAAGGCAAGAGGGGGTGGAGGGGTGTGGCAG -3'
       rG4seq-K ------------------------------***-------",LMNA|ENSG00000160789.19_2,ENST00000347559.6_1;ENST00000368300.8_1;ENST00000448611.6_1,3UTR
chr1,156109778,156109779,bulges,239,+,chr1:156109746-156109778:+,False,"            5'- GGAGGAAGGCAAGAGGGGGTGGAGGGGTGTGGCAGTGGTTTT -3'
       rG4seq-K --------------------------------*---------",LMNA|ENSG00000160789.19_2,ENST00000347559.6_1;ENST00000368300.8_1;ENST00000448611.6_1,3UTR
chr1,156206233,156206234,two-quartet,130,+,chr1:156206210-156206233:+,False,"            5'- GGCAGGGCGGAGGCAGGTGGAGGAGCTGCAGCT -3'
       rG4seq-K -----------------------*---------",PMF1-BGLAP|ENSG00000260238.6_3;PMF1|ENSG00000160783.19_4,ENST00000320139.5_2;ENST00000368273.8_2;ENST00000368276.8_2;ENST00000368277.3_2;ENST00000368279.7_2;ENST00000490491.5_2;ENST00000497069.2_4;ENST00000567140.3_2;ENST00000606952.5_1,3UTR;CDS
chr1,156563890,156563892,two-quartet,354,+,chr1:156563876-156563891:+,False,"            5'- GGGAAGGTGGGTGGGTATTCTTCCC -3'
       rG4seq-K --------------**---------",NAXE|ENSG00000163382.11_3,ENST00000368234.7_1;ENST00000368235.7_1;ENST00000488840.1_1,3UTR
chr1,156737883,156737884,bulges,40,+,chr1:156737856-156737883:+,False,"            5'- GGCTGAAGCGGCGGGAGTTGGGGAGGGACTGGGATTG -3'
       rG4seq-K ---------------------------*---------",PRCC|ENSG00000143294.14_2,ENST00000271526.8_1;ENST00000473387.1_1;ENST00000491853.5_1,CDS
chr1,156737895,156737897,canonical/G3L1-7,91,+,chr1:156737868-156737896:+,False,"            5'- GGGAGTTGGGGAGGGACTGGGATTGGGGTTGCCCTCGC -3'
       rG4seq-K ---------------------------**---------",PRCC|ENSG00000143294.14_2,ENST00000271526.8_1;ENST00000473387.1_1;ENST00000491853.5_1,CDS
chr1,158065817,158065820,bulges,45,+,chr1:158065796-158065822:+,False,"            5'- GGAGTGGTGAGGTAGGGGTGGGGGTGCTGTAGGCTC -3'
       rG4seq-K ---------------------***------------",KIRREL1|ENSG00000183853.17_6,ENST00000360089.8_1;ENST00000368172.1_1;ENST00000368173.7_1,3UTR
chr1,158067786,158067788,canonical/G3L1-7,47,+,chr1:158067767-158067787:+,False,"            5'- GGGTTGGGGGTAGGGATGGGACTGCCCATT -3'
       rG4seq-K -------------------**---------",KIRREL1|ENSG00000183853.17_6,ENST00000368172.1_1;ENST00000368173.7_1,3UTR
chr1,158068320,158068323,two-quartet,24,+,chr1:158068305-158068322:+,False,"            5'- GGGGAGCCGGTGGAGGGAAAGGGGTAC -3'
       rG4seq-K ---------------***---------",KIRREL1|ENSG00000183853.17_6,ENST00000368172.1_1;ENST00000368173.7_1,3UTR
chr1,158068327,158068330,bulges,77,+,chr1:158068305-158068329:+,False,"            5'- GGGGAGCCGGTGGAGGGAAAGGGGTACAACAGCT -3'
       rG4seq-K ----------------------***---------",KIRREL1|ENSG00000183853.17_6,ENST00000368172.1_1;ENST00000368173.7_1,3UTR
chr1,158069308,158069311,bulges,80,+,chr1:158069271-158069310:+,False,"            5'- GGTTTGGTAGGAAGGGGGTGTGTGTGGGGGTTAGTGGGGAATCCCATTT -3'
       rG4seq-K -------------------------------------***---------",KIRREL1|ENSG00000183853.17_6,ENST00000368172.1_1;ENST00000368173.7_1,3UTR
chr1,160183503,160183504,canonical/G3L1-7,21,+,chr1:160183478-160183503:+,False,"            5'- GGGGATGGGGGTCAGGGGCTAGGGGAGG -3'
       rG4seq-K -------------------------*--",PEA15|ENSG00000162734.12_3,ENST00000360472.8_1;ENST00000368076.1_1;ENST00000368077.5_1;ENST00000488858.1_1,3UTR
chr1,160183507,160183510,canonical/G3L1-7,66,+,chr1:160183484-160183509:+,False,"            5'- GGGGGTCAGGGGCTAGGGGAGGGGGCTGAGTTTCC -3'
       rG4seq-K -----------------------***---------",PEA15|ENSG00000162734.12_3,ENST00000360472.8_1;ENST00000368076.1_1;ENST00000368077.5_1;ENST00000488858.1_1,3UTR
chr1,160184493,160184494,bulges,41,+,chr1:160184467-160184495:+,False,"            5'- GTCTAGGCCAGAGCGGGGGTGGGAGGGGAATGCCACAG -3'
       rG4seq-K --------------------------*-----------",PEA15|ENSG00000162734.12_3,ENST00000360472.8_1;ENST00000368076.1_1,3UTR
chr1,160184511,160184513,potential G-quadruplex & G>=40%,102,+,chr1:160184453-160184513:+,False,"            5'- AGCATTAACTTATTGTCTAGGCCAGAGCGGGGGTGGGAGGGGAATGCCACAGTGAAGGGAGTGGCAGAAT -3'
       rG4seq-K ----------------------------------------------------------**----------",PEA15|ENSG00000162734.12_3,ENST00000360472.8_1;ENST00000368076.1_1,3UTR
chr1,160313232,160313233,longloop,156,+,chr1:160313200-160313233:+,False,"            5'- GGGTGGCTCTGGGGCTGACCCGGGAAGTCGGGGTCTCCTTCGC -3'
       rG4seq-K --------------------------------*----------",NCSTN|ENSG00000162736.16_4,ENST00000294785.9_1;ENST00000368063.6_2;ENST00000421914.5_1;ENST00000437169.5_1;ENST00000438008.5_1;ENST00000465223.1_1;ENST00000467837.5_2,CDS
chr1,160328603,160328605,longloop,342,+,chr1:160328582-160328604:+,False,"            5'- GGGTGGGCGTGCTGCGGGTGGGTATCCCACCT -3'
       rG4seq-K ---------------------**---------",NCSTN|ENSG00000162736.16_4,ENST00000294785.9_1;ENST00000368063.6_2,3UTR
chr1,161129407,161129410,canonical/G3L1-7,15,+,chr1:161129381-161129408:+,False,"            5'- GGGGGGGCTGCACGGGGGTAGTAGGGGGTGGCCCTGA -3'
       rG4seq-K --------------------------***--------",USP21|ENSG00000143258.15_3,ENST00000289865.12_3;ENST00000368001.1_2;ENST00000368002.7_1;ENST00000479344.1_3;ENST00000492950.5_3,5UTR
chr1,161135350,161135352,two-quartet,36,+,chr1:161135335-161135351:+,False,"            5'- GGGGAGGGGGGAGGGGGTGGTTGTAG -3'
       rG4seq-K ---------------**---------",USP21|ENSG00000143258.15_3,ENST00000289865.12_3;ENST00000368001.1_2;ENST00000368002.7_1;ENST00000487163.5_1;ENST00000493054.5_2,3UTR
chr1,161196215,161196218,longloop,11,+,chr1:161196179-161196215:+,False,"            5'- GGGGAGCCGGATAATGGGGGGTGGGGCCCGTTGGGGGGTAAAGGGG -3'
       rG4seq-K ------------------------------------***-------",TOMM40L|ENSG00000158882.14_3,ENST00000367987.1_1;ENST00000367988.7_1;ENST00000465512.5_1;ENST00000470426.5_1;ENST00000474486.5_1;ENST00000492482.5_1;ENST00000545897.5_1,5UTR
chr1,161196224,161196226,canonical/G3L1-7,40,+,chr1:161196194-161196225:+,False,"            5'- GGGGGGTGGGGCCCGTTGGGGGGTAAAGGGGCAATAGCGTC -3'
       rG4seq-K ------------------------------**---------",TOMM40L|ENSG00000158882.14_3,ENST00000367987.1_1;ENST00000367988.7_1;ENST00000465512.5_1;ENST00000470426.5_1;ENST00000474486.5_1;ENST00000492482.5_1;ENST00000545897.5_1,5UTR
chr1,161332608,161332611,canonical/G3L1-7,84,+,chr1:161332590-161332611:+,False,"            5'- GGGGATGGGCCGGGTTGGGGGGTGGGTTGGT -3'
       rG4seq-K ------------------***----------",SDHC|ENSG00000143252.14_2,ENST00000342751.8_1;ENST00000367975.6_1,3UTR
chr1,161332615,161332617,canonical/G3L1-7,148,+,chr1:161332590-161332616:+,False,"            5'- GGGGATGGGCCGGGTTGGGGGGTGGGTTGGTGAGGC -3'
       rG4seq-K -------------------------**---------",SDHC|ENSG00000143252.14_2,ENST00000342751.8_1;ENST00000367975.6_1,3UTR
chr1,161332623,161332628,bulges,336,+,chr1:161332590-161332625:+,False,"            5'- GGGGATGGGCCGGGTTGGGGGGTGGGTTGGTGAGGCTTTGGGTGC -3'
       rG4seq-K ---------------------------------*-*-*-------",SDHC|ENSG00000143252.14_2,ENST00000342751.8_1;ENST00000367975.6_1,3UTR
chr1,161332632,161332633,bulges,487,+,chr1:161332596-161332632:+,False,"            5'- GGGCCGGGTTGGGGGGTGGGTTGGTGAGGCTTTGGGTGCCACTGCC -3'
       rG4seq-K ------------------------------------*---------",SDHC|ENSG00000143252.14_2,ENST00000342751.8_1;ENST00000367975.6_1,3UTR
chr1,161332742,161332744,two-quartet,281,+,chr1:161332728-161332744:+,False,"            5'- GGTGGGGGTGGAGGGGAATTAGTCTG -3'
       rG4seq-K --------------**----------",SDHC|ENSG00000143252.14_2,ENST00000342751.8_1;ENST00000367975.6_1,3UTR
chr1,161334023,161334027,bulges,34,+,chr1:161334012-161334028:+,False,"            5'- GGGTGGGTGGGGGGTGTGACAGAGCA -3'
       rG4seq-K -----------****-----------",SDHC|ENSG00000143252.14_2,ENST00000367975.6_1,3UTR
chr1,161929140,161929142,longloop,149,+,chr1:161929116-161929142:+,False,"            5'- GGGTAAGGGAAGGGCCAGTGGTGGGGTTTGGAGAGA -3'
       rG4seq-K ------------------------**----------",ATF6|ENSG00000118217.5_3,ENST00000367942.3_1,3UTR
chr1,161931000,161931001,bulges,40,+,chr1:161930971-161931002:+,False,"            5'- GGTGAAAAGGTGGGTAGCGGTTGGGAGGGAGTCTCCACTGA -3'
       rG4seq-K -----------------------------*-----------",ATF6|ENSG00000118217.5_3,ENST00000367942.3_1,3UTR
chr1,164528594,164528597,canonical/G3L1-7,29,+,chr1:164528565-164528596:+,False,"            5'- GGGGGTGGGGGGCAGCGGGGGGTGGGGGGGGAAAGTTTGCA -3'
       rG4seq-K -----------------------------***---------",PBX1|ENSG00000185630.18_3,ENST00000467023.5_1;ENST00000485769.5_1,5UTR
chr1,164529173,164529174,canonical/G3L1-7,48,+,chr1:164529143-164529173:+,False,"            5'- GGGGCCGGAGGGACCGAGGGGGAGGGCGGGAGGAAGCAGG -3'
       rG4seq-K ------------------------------*---------",PBX1|ENSG00000185630.18_3,ENST00000340699.7_1;ENST00000367897.5_1;ENST00000420696.6_1;ENST00000467023.5_1;ENST00000485769.5_1;ENST00000498497.2_1;ENST00000559240.5_1;ENST00000627490.2_1,CDS
chr1,164529176,164529177,bulges,98,+,chr1:164529143-164529179:+,False,"            5'- GGGGCCGGAGGGACCGAGGGGGAGGGCGGGAGGAAGCAGGACATTG -3'
       rG4seq-K ---------------------------------*------------",PBX1|ENSG00000185630.18_3,ENST00000340699.7_1;ENST00000367897.5_1;ENST00000420696.6_1;ENST00000467023.5_1;ENST00000485769.5_1;ENST00000498497.2_1;ENST00000559240.5_1;ENST00000627490.2_1,CDS
chr1,165880533,165880534,potential G-quadruplex & G>=40%,80,+,chr1:165880474-165880534:+,False,"            5'- GCCCTTTACACTTTGCTCAGGGCGGGGTGGGGGAAGCATTCAAACAAAACAAGGAAGGGAACTGTCTGGC -3'
       rG4seq-K -----------------------------------------------------------*----------",UCK2|ENSG00000143179.15_4,ENST00000479872.5_1;ENST00000642653.1_1,3UTR
chr1,166822742,166822744,canonical/G3L1-7,181,+,chr1:166822722-166822743:+,False,"            5'- GGGGCAGTGGGAGGGCTTGGGCTTTTAGCCA -3'
       rG4seq-K --------------------**---------",POGK|ENSG00000143157.11_2,ENST00000367875.1_1;ENST00000367876.8_1,3UTR
chr1,167385739,167385741,canonical/G3L1-7,18,+,chr1:167385713-167385740:+,False,"            5'- GGGGAGGGAGGGTTTTGGGGTAAGGGGAGACTTCTGT -3'
       rG4seq-K --------------------------**---------",POU2F1|ENSG00000143190.22_6,ENST00000271411.8_1;ENST00000367862.9_2;ENST00000367865.5_1;ENST00000367866.6_1;ENST00000429375.6_4;ENST00000443275.2_2;ENST00000541643.7_2,3UTR
chr1,167391156,167391159,canonical/G3L1-7,11,+,chr1:167391135-167391159:+,False,"            5'- GGGTTAGGGAGGGTTGGGTGGGGGAAGAGGAGAT -3'
       rG4seq-K ---------------------***----------",POU2F1|ENSG00000143190.22_6,ENST00000271411.8_1;ENST00000367862.9_2;ENST00000367865.5_1;ENST00000367866.6_1;ENST00000429375.6_4;ENST00000443275.2_2;ENST00000541643.7_2,3UTR
chr1,167394871,167394872,canonical/G3L1-7,17,+,chr1:167394853-167394871:+,False,"            5'- GGGCCTAGGGAGGGTGGGAGCTGCTGCT -3'
       rG4seq-K ------------------*---------",POU2F1|ENSG00000143190.22_6,ENST00000271411.8_1;ENST00000367862.9_2;ENST00000367865.5_1;ENST00000367866.6_1;ENST00000429375.6_4;ENST00000443275.2_2;ENST00000541643.7_2,3UTR
chr1,167395268,167395271,two-quartet,23,+,chr1:167395254-167395270:+,False,"            5'- GGTTGGGGGAGGGGGGTACTTGGTTC -3'
       rG4seq-K --------------*-*---------",POU2F1|ENSG00000143190.22_6,ENST00000271411.8_1;ENST00000367862.9_2;ENST00000367865.5_1;ENST00000367866.6_1;ENST00000429375.6_4;ENST00000443275.2_2;ENST00000541643.7_2,3UTR
chr1,168170201,168170202,two-quartet,166,+,chr1:168170178-168170203:+,False,"            5'- GGGAAGATAGGTAAGGAGGAGGGGGTTTTAAAATA -3'
       rG4seq-K -----------------------*-----------",TIPRL|ENSG00000143155.12_2,ENST00000367833.6_1,3UTR
chr1,168214360,168214362,canonical/G3L1-7,28,+,chr1:168214337-168214361:+,False,"            5'- GGGAGTAGGGGGAAAGAGGGAGGGAAGGAGAAAA -3'
       rG4seq-K -----------------------**---------",SFT2D2|ENSG00000213064.9_2,ENST00000271375.6_1,3UTR
chr1,169101396,169101397,two-quartet,29,+,chr1:169101381-169101398:+,False,"            5'- GGGGGCTGGGGTGGGGGTTTGTCATGG -3'
       rG4seq-K ---------------*-----------",ATP1B1|ENSG00000143153.12_3,ENST00000367816.5_1,3UTR
chr1,169101409,169101412,longloop,167,+,chr1:169101381-169101411:+,False,"            5'- GGGGGCTGGGGTGGGGGTTTGTCATGGGGGAACTGCCCTT -3'
       rG4seq-K ----------------------------***---------",ATP1B1|ENSG00000143153.12_3,ENST00000367816.5_1,3UTR
chr1,169337473,169337475,bulges,49,+,chr1:169337447-169337474:+,False,"            5'- GCTGGATATGCGGAGGGACTGGGCGGGTCGGCTTCCG -3'
       rG4seq-K --------------------------**---------",BLZF1|ENSG00000117475.13_2,ENST00000329281.6_1;ENST00000367807.7_2;ENST00000367808.7_1;ENST00000420531.1_1,5UTR
chr1,171510248,171510250,bulges,97,+,chr1:171510226-171510249:+,False,"            5'- GGGCGTGGCAGGGGTGGTAGGGGACACACTCGA -3'
       rG4seq-K ----------------------**---------",PRRC2C|ENSG00000117523.16_4,ENST00000338920.8_1;ENST00000367742.7_1;ENST00000426496.6_1,CDS
chr1,171561024,171561026,canonical/G3L1-7,103,+,chr1:171561004-171561025:+,False,"            5'- GGGGATTGGGAGGGGGGCGGGAAAACATGGA -3'
       rG4seq-K --------------------**---------",PRRC2C|ENSG00000117523.16_4,ENST00000338920.8_1;ENST00000367742.7_1;ENST00000426496.6_1;ENST00000495585.1_2;ENST00000498596.5_2;ENST00000644916.1_1;ENST00000647382.1_1,3UTR
chr1,171750890,171750892,two-quartet,92,+,chr1:171750867-171750892:+,False,"            5'- GGAACAGCAGGCGCGGAGGAGGGGGCAAGCGTGTG -3'
       rG4seq-K -----------------------**----------",METTL13|ENSG00000010165.19_3,ENST00000361735.3_1;ENST00000362019.7_1;ENST00000367737.9_1;ENST00000485629.1_1,5UTR
chr1,171750965,171750968,bulges,99,+,chr1:171750939-171750967:+,False,"            5'- GGGTCATTCCTGGGGTTTGGAGTGGGGGAACAAATCAA -3'
       rG4seq-K --------------------------*-*---------",METTL13|ENSG00000010165.19_3,ENST00000361735.3_1;ENST00000362019.7_1;ENST00000367737.9_1;ENST00000485629.1_1,5UTR
chr1,171753273,171753274,bulges,88,+,chr1:171753253-171753275:+,False,"            5'- GGAGGGGTGGATGGTGAGGGTGCACCAAGTGG -3'
       rG4seq-K --------------------*-----------",METTL13|ENSG00000010165.19_3,ENST00000361735.3_1;ENST00000362019.7_1;ENST00000367737.9_1;ENST00000485629.1_1,CDS
chr1,172579500,172579502,potential G-quadruplex & G>=40%,40,+,chr1:172579442-172579502:+,False,"            5'- CTTTGAAGAACAGTCTGTAGTATTTGAAGGGTTTGGGGGAGGGAGAAAATATTAATGGGAAAGGCATTCA -3'
       rG4seq-K ----------------------------------------------------------**----------",SUCO|ENSG00000094975.13_3,ENST00000263688.3_2;ENST00000367723.8_2;ENST00000608151.5_2;ENST00000616058.4_1,3UTR
chr1,178886137,178886139,potential G-quadruplex & G>=40%,28,+,chr1:178886079-178886139:+,False,"            5'- GTGAGTTCTTGGGTTTGTTTGGGATTGGGTGGGGGTGTTTGTTTTGTTTTGGATGAGGGGAGAATTTTTT -3'
       rG4seq-K ----------------------------------------------------------**----------",RALGPS2|ENSG00000116191.17_4,ENST00000367634.6_2;ENST00000367635.7_2,3UTR
chr1,179065070,179065072,potential G-quadruplex & G>=40%,200,+,chr1:179065012-179065072:+,False,"            5'- AGACTTATGGTCTACAGATTTTGGCGGGGGAGGGGGGACCTTTTCAAAGACAATAGGGGGTCTTGACATG -3'
       rG4seq-K ----------------------------------------------------------**----------",TOR3A|ENSG00000186283.13_3,ENST00000352445.10_2;ENST00000367627.7_2,3UTR
chr1,179323001,179323004,bulges,215,+,chr1:179322987-179323005:+,False,"            5'- GGGGCTGGGTGGGGGGAGAAGACCGACT -3'
       rG4seq-K --------------***-----------",SOAT1|ENSG00000057252.12_2,ENST00000367619.7_1;ENST00000539888.5_1;ENST00000540564.5_1,3UTR
chr1,180166741,180166743,longloop,124,+,chr1:180166717-180166743:+,False,"            5'- GGGTGGGGTTTGGCTTCAGGGTGGGGTTTGGAAGCT -3'
       rG4seq-K ------------------------**----------",QSOX1|ENSG00000116260.16_2,ENST00000367600.5_1;ENST00000367602.7_1;ENST00000443059.1_1,3UTR
chr1,180853785,180853788,two-quartet,20,+,chr1:180853767-180853786:+,False,"            5'- GGGAAGGGTTGCTGGGTGGGTGGGAAATA -3'
       rG4seq-K ------------------***--------",XPR1|ENSG00000143324.13_3,ENST00000367589.3_1;ENST00000367590.8_1,3UTR
chr1,180853790,180853792,canonical/G3L1-7,99,+,chr1:180853767-180853791:+,False,"            5'- GGGAAGGGTTGCTGGGTGGGTGGGAAATATGATG -3'
       rG4seq-K -----------------------**---------",XPR1|ENSG00000143324.13_3,ENST00000367589.3_1;ENST00000367590.8_1,3UTR
chr1,181059438,181059439,longloop,86,+,chr1:181059398-181059438:+,False,"            5'- GGGCCGGGGAGTTCCCCATTCGTTCTCCGGGGAGGGAGGGACTTTACACC -3'
       rG4seq-K ----------------------------------------*---------",IER5|ENSG00000162783.10_2,ENST00000367577.6_2,3UTR
chr1,182856516,182856520,two-quartet,159,+,chr1:182856503-182856519:+,False,"            5'- GGAGGTGGTAGGGGGGCCTATGGAAC -3'
       rG4seq-K -------------****---------",DHX9|ENSG00000135829.16_2,ENST00000367549.3_1;ENST00000473076.1_1;ENST00000485081.5_1,CDS
chr1,182856562,182856563,two-quartet,266,+,chr1:182856539-182856562:+,False,"            5'- GGACAGGGAAGAGGAGGTGGCGGCTATTAAAAC -3'
       rG4seq-K -----------------------*---------",DHX9|ENSG00000135829.16_2,ENST00000367549.3_1;ENST00000473076.1_1;ENST00000485081.5_1,CDS
chr1,183113363,183113365,two-quartet,119,+,chr1:183113348-183113364:+,False,"            5'- GGGGCGGGGTGGGGGGAAAGAAACTA -3'
       rG4seq-K ---------------**---------",LAMC1|ENSG00000135862.5_2,ENST00000258341.4_1,3UTR
chr1,193091326,193091328,two-quartet,40,+,chr1:193091308-193091327:+,False,"            5'- GGCGGAGGCGAGGGGGGGGAAGATGGCGG -3'
       rG4seq-K ------------------**---------",CDC73|ENSG00000134371.12_5,ENST00000367435.4_2;ENST00000635846.1_1;ENST00000643006.1_1;ENST00000643784.1_1;ENST00000648071.1_1;ENST00000649606.1_1;ENST00000649895.1_1;ENST00000650099.1_1;ENST00000650197.1_1,5UTR
chr1,200818316,200818318,potential G-quadruplex & G>=40%,54,+,chr1:200818258-200818318:+,False,"            5'- CTTACTGTAGTGAAAAAGAAAGGGGATGGGATATCTCCTCTACGAGAGGAAGCGGCGGGTGCAGAAGATG -3'
       rG4seq-K ----------------------------------------------------------**----------",CAMSAP2|ENSG00000118200.14_3,ENST00000236925.8_1;ENST00000358823.6_1;ENST00000413307.6_1;ENST00000447701.2_3,CDS
chr1,201177522,201177523,longloop,17,+,chr1:201177480-201177522:+,False,"            5'- GGGTCTCTGAGGGCAGGAAGCAAAGTGGGTGAGGGGGATGGGACAAGATGCC -3'
       rG4seq-K ------------------------------------------*---------",IGFN1|ENSG00000163395.16_3,ENST00000295591.12_1;ENST00000335211.8_1;ENST00000437879.6_1,CDS
chr1,201177963,201177965,bulges,11,+,chr1:201177925-201177964:+,False,"            5'- GCAAGGCAGATTATAGGGATGGTGTAGGGGGTTCTGGGGCAATGGGGTC -3'
       rG4seq-K --------------------------------------**---------",IGFN1|ENSG00000163395.16_3,ENST00000295591.12_1;ENST00000335211.8_1;ENST00000437879.6_1,CDS
chr1,201177971,201177973,longloop,16,+,chr1:201177940-201177972:+,False,"            5'- GGGATGGTGTAGGGGGTTCTGGGGCAATGGGGTCAATGGATG -3'
       rG4seq-K -------------------------------**---------",IGFN1|ENSG00000163395.16_3,ENST00000295591.12_1;ENST00000335211.8_1;ENST00000437879.6_1,CDS
chr1,201181755,201181756,longloop,18,+,chr1:201181727-201181756:+,False,"            5'- GGGGGGGTTGGCATCTCAGGGAGGTGGGGACTCACTTTT -3'
       rG4seq-K ----------------------------*----------",IGFN1|ENSG00000163395.16_3,ENST00000295591.12_1;ENST00000335211.8_1;ENST00000437879.6_1,CDS
chr1,201798329,201798331,longloop,54,+,chr1:201798297-201798330:+,False,"            5'- GGGTCCCGGCCGCGGGGCTGGCGGGCTGAGGGGAGAAAAGATG -3'
       rG4seq-K --------------------------------**---------",IPO9|ENSG00000198700.9_2,ENST00000361565.8_1;ENST00000464348.5_1,5UTR
chr1,201844007,201844008,bulges,64,+,chr1:201843975-201844009:+,False,"            5'- GTGGGAGGACCAGGAGGAGGAAGAGGAGGAGGAGGAGGATGGTT -3'
       rG4seq-K --------------------------------*-----------",IPO9|ENSG00000198700.9_2,ENST00000361565.8_1;ENST00000456707.1_1,CDS
chr1,201844010,201844014,bulges,137,+,chr1:201843975-201844013:+,False,"            5'- GTGGGAGGACCAGGAGGAGGAAGAGGAGGAGGAGGAGGATGGTTTAGC -3'
       rG4seq-K -----------------------------------*-**---------",IPO9|ENSG00000198700.9_2,ENST00000361565.8_1;ENST00000456707.1_1,CDS
chr1,201844017,201844018,two-quartet,207,+,chr1:201843990-201844017:+,False,"            5'- GGAGGAAGAGGAGGAGGAGGAGGATGGTTTAGCTGGC -3'
       rG4seq-K ---------------------------*---------",IPO9|ENSG00000198700.9_2,ENST00000361565.8_1;ENST00000456707.1_1,CDS
chr1,201850902,201850903,bulges,19,+,chr1:201850872-201850902:+,False,"            5'- GGAACCTGGATTGAAGGGGTGGGAGATGGGAGAAAGGAAT -3'
       rG4seq-K ------------------------------*---------",IPO9|ENSG00000198700.9_2,ENST00000361565.8_1,3UTR
chr1,201861220,201861221,longloop,22,+,chr1:201861191-201861220:+,False,"            5'- GGGCTATTTTTACTGGGGGCAAGGGAGGGAGATGACAGC -3'
       rG4seq-K -----------------------------*---------",SHISA4|ENSG00000198892.6_2,ENST00000362011.6_1;ENST00000464117.1_1,3UTR
chr1,202557466,202557469,canonical/G3L1-7,16,+,chr1:202557448-202557468:+,False,"            5'- GGGATGGGGTGGGGTTGGGGTTGTTTAGGG -3'
       rG4seq-K ------------------***---------",PPP1R12B|ENSG00000077157.21_5,ENST00000391959.5_3;ENST00000608999.5_2,3UTR
chr1,202557477,202557479,canonical/G3L1-7,37,+,chr1:202557448-202557478:+,False,"            5'- GGGATGGGGTGGGGTTGGGGTTGTTTAGGGAGAAGCAGCC -3'
       rG4seq-K -----------------------------**---------",PPP1R12B|ENSG00000077157.21_5,ENST00000391959.5_3;ENST00000608999.5_2,3UTR
chr1,203277258,203277260,longloop,17,+,chr1:203277233-203277259:+,False,"            5'- GGGTTTTCTGAGGGGGGGGAGGAGGGAACTGGAGGT -3'
       rG4seq-K -------------------------**---------",BTG2|ENSG00000159388.5_3,ENST00000290551.4_1;ENST00000475157.1_1,3UTR
chr1,203596046,203596049,canonical/G3L1-7,75,+,chr1:203596030-203596048:+,False,"            5'- GGGGGCTGGGAGGGGGGGCACGAACTTC -3'
       rG4seq-K ----------------***---------",ATP2B4|ENSG00000058668.14_4,ENST00000357681.9_2;ENST00000367218.7_2,5UTR
chr1,203765762,203765764,bulges,32,+,chr1:203765739-203765763:+,False,"            5'- GTAGGTATTGGGGGAAGGGGAGGGATCAATCGAA -3'
       rG4seq-K -----------------------**---------",ZBED6|ENSG00000257315.2_4;ZC3H11A|ENSG00000058673.16_4,ENST00000332127.8_2;ENST00000367210.2_2;ENST00000367212.7_2;ENST00000367214.5_2;ENST00000432282.5_3;ENST00000453771.5_3;ENST00000461980.1_1;ENST00000466470.5_1;ENST00000492823.1_1;ENST00000550078.2_3;ENST00000638800.1_1;ENST00000639812.1_1,5UTR
chr1,203831039,203831041,potential G-quadruplex & G>=40%,72,+,chr1:203830981-203831041:+,False,"            5'- CGCGGGTAGTTGAACCGTGATGGTGGGGAGGTGGTCTTGGGGGGACCCCTGCCGTGGGGAATGCAGGAAT -3'
       rG4seq-K ----------------------------------------------------------**----------",SNRPE|ENSG00000182004.12_2,ENST00000414487.6_1;ENST00000469451.1_1;ENST00000470492.5_1;ENST00000475035.5_1;ENST00000483099.5_1,non_coding
chr1,207246618,207246619,bulges,31,+,chr1:207246595-207246618:+,False,"            5'- GGGGTTTAGGAGAGTAGGGTGGGCTCTAGCTCT -3'
       rG4seq-K -----------------------*---------",PFKFB2|ENSG00000123836.14_5,ENST00000367079.3_3;ENST00000367080.7_3;ENST00000411990.6_1;ENST00000473310.5_1;ENST00000483688.2_1,3UTR
chr1,207248051,207248054,canonical/G3L1-7,36,+,chr1:207248028-207248053:+,False,"            5'- GGGCTGGTAGGGGCAGGGATAGGGGAAAGCTAAAC -3'
       rG4seq-K -----------------------***---------",PFKFB2|ENSG00000123836.14_5,ENST00000367079.3_3;ENST00000367080.7_3;ENST00000411990.6_1;ENST00000473310.5_1;ENST00000483688.2_1,3UTR
chr1,207250905,207250906,bulges,14,+,chr1:207250885-207250906:+,False,"            5'- GGGAAGGGGGATGGTGTGGGGCTGAGCACCT -3'
       rG4seq-K --------------------*----------",PFKFB2|ENSG00000123836.14_5,ENST00000367079.3_3;ENST00000367080.7_3;ENST00000411990.6_1;ENST00000473310.5_1,3UTR
chr1,211545735,211545737,canonical/G3L1-7,18,+,chr1:211545717-211545738:+,False,"            5'- GGGGATGGGTCAGGGAGGGGGTCACACCTGT -3'
       rG4seq-K ------------------**-----------",TRAF5|ENSG00000082512.14_2,ENST00000261464.9_1;ENST00000336184.6_1;ENST00000367004.3_1;ENST00000473385.1_1,CDS
chr1,212793267,212793270,canonical/G3L1-7,106,+,chr1:212793252-212793269:+,False,"            5'- GGGTGGGAGGGATGGGGCCATCTCCTT -3'
       rG4seq-K ---------------***---------",ATF3|ENSG00000162772.16_5,ENST00000341491.8_2;ENST00000366987.6_2;ENST00000492118.2_1;ENST00000613954.4_1,3UTR
chr1,218617135,218617136,two-quartet,34,+,chr1:218617115-218617134:+,False,"            5'- GGGAGGGGGGTGGAGGTGGCAAGGAAGGG -3'
       rG4seq-K --------------------*--------",TGFB2-OT1|ENSG00000281453.1_3;TGFB2|ENSG00000092969.11_3,ENST00000366929.4_2;ENST00000366930.8_2;ENST00000625474.1_1,3UTR;non_coding
chr1,218617143,218617146,bulges,77,+,chr1:218617116-218617147:+,False,"            5'- GGAGGGGGGTGGAGGTGGCAAGGAAGGGGTGAAGTGCTAGT -3'
       rG4seq-K ---------------------------***-----------",TGFB2-OT1|ENSG00000281453.1_3;TGFB2|ENSG00000092969.11_3,ENST00000366929.4_2;ENST00000366930.8_2;ENST00000625474.1_1,3UTR;non_coding
chr1,223933044,223933045,bulges,114,+,chr1:223933019-223933044:+,False,"            5'- GGCGAGTGGGTGGAGGTGGTGGTGGATGACAGGCT -3'
       rG4seq-K -------------------------*---------",CAPN2|ENSG00000162909.17_2,ENST00000295006.5_1;ENST00000433674.6_1;ENST00000434648.5_1,CDS
chr1,223943248,223943251,bulges,101,+,chr1:223943218-223943252:+,False,"            5'- GGAGGAGGAGGATGAGGACGAGGAGGATGGGGAGAGCGGCTGCA -3'
       rG4seq-K ------------------------------***-----------",CAPN2|ENSG00000162909.17_2,ENST00000295006.5_1;ENST00000433674.6_1;ENST00000480581.1_1,CDS
chr1,224544626,224544627,bulges,224,+,chr1:224544601-224544626:+,False,"            5'- GGAGCGGCGGCGACGGAGGAGGAGGATGGAGGCGG -3'
       rG4seq-K -------------------------*---------",CNIH4|ENSG00000143771.11_3,ENST00000366856.3_2;ENST00000366857.9_1;ENST00000366858.7_1;ENST00000366860.9_1;ENST00000465271.5_2;ENST00000468318.5_1;ENST00000477413.1_1,5UTR
chr1,224544636,224544637,bulges,258,+,chr1:224544601-224544638:+,False,"            5'- GGAGCGGCGGCGACGGAGGAGGAGGATGGAGGCGGTGGTGTTCGTCT -3'
       rG4seq-K -----------------------------------*-----------",CNIH4|ENSG00000143771.11_3,ENST00000366856.3_2;ENST00000366857.9_1;ENST00000366858.7_1;ENST00000366860.9_1;ENST00000465271.5_2;ENST00000468318.5_1;ENST00000477413.1_1,5UTR;CDS
chr1,224544639,224544640,bulges,473,+,chr1:224544604-224544641:+,False,"            5'- GCGGCGGCGACGGAGGAGGAGGATGGAGGCGGTGGTGTTCGTCTTCT -3'
       rG4seq-K -----------------------------------*-----------",CNIH4|ENSG00000143771.11_3,ENST00000366856.3_2;ENST00000366857.9_1;ENST00000366858.7_1;ENST00000366860.9_1;ENST00000465271.5_2;ENST00000468318.5_1;ENST00000477413.1_1,5UTR;CDS
chr1,228881535,228881536,two-quartet,21,+,chr1:228881513-228881535:+,False,"            5'- GGTGCCTGGAGGTGTGGGAGGGAAGATGAGTT -3'
       rG4seq-K ----------------------*---------",RHOU|ENSG00000116574.5_2,ENST00000366691.3_1,3UTR
chr1,230415577,230415580,bulges,537,+,chr1:230415563-230415579:+,False,"            5'- GGGCGGGAGGAGGGGGCACACATGCC -3'
       rG4seq-K --------------*-*---------",GALNT2|ENSG00000143641.9_2,ENST00000366672.4_1;ENST00000485438.1_1,3UTR
chr1,230415596,230415597,bulges,984,+,chr1:230415563-230415596:+,False,"            5'- GGGCGGGAGGAGGGGGCACACATGCCCCAGGGGAGCGAGGAGA -3'
       rG4seq-K ---------------------------------*---------",GALNT2|ENSG00000143641.9_2,ENST00000366672.4_1;ENST00000485438.1_1,3UTR
chr1,230417481,230417489,canonical/G3L1-7,699,+,chr1:230417469-230417488:+,False,"            5'- GGGGTGGGCCGGGGAGGGGTCCTTTGCGG -3'
       rG4seq-K ------------***-****---------",GALNT2|ENSG00000143641.9_2,ENST00000366672.4_1;ENST00000485438.1_1,3UTR
chr1,231114905,231114907,bulges,31,+,chr1:231114883-231114906:+,False,"            5'- GGGGAAGGGGAACGTGGATGGGGTGGCAGCGAC -3'
       rG4seq-K ----------------------**---------",ARV1|ENSG00000173409.13_3,ENST00000310256.6_2;ENST00000366658.6_1;ENST00000435927.5_1;ENST00000450711.5_3;ENST00000480519.5_1;ENST00000497753.1_1,5UTR;CDS
chr1,244816620,244816623,two-quartet,78,+,chr1:244816593-244816622:+,False,"            5'- GGCGGCGGCCGCGGGGAGGAGGATGGGGGCTAACCAGTT -3'
       rG4seq-K ---------------------------***---------",DESI2|ENSG00000121644.18_2,ENST00000263831.11_1;ENST00000302550.15_1;ENST00000484738.1_1,5UTR;CDS
chr1,244998684,244998686,longloop,12,+,chr1:244998652-244998685:+,False,"            5'- GGGCGGAGCAGGGGGCTGGCGCGGGAAGCGGGGCTGTCTGGCT -3'
       rG4seq-K --------------------------------**---------",COX20|ENSG00000203667.9_2,ENST00000411948.6_1,5UTR
chr1,249143369,249143371,bulges,66,+,chr1:249143351-249143370:+,False,"            5'- GGGTATGGAGGTGGGTGGGAAAGCTCACT -3'
       rG4seq-K ------------------**---------",ZNF672|ENSG00000171161.12_2,ENST00000306562.7_1,3UTR
chr1,892332,892334,potential G-quadruplex & G>=40%,299,-,chr1:892332-892392:-,False,"            5'- AGGAGGATGGAGCGGAGGAAGGAGAAGATGGGGACAGAGTCCCCAGAGGGCTGAAGGGGAAGAAGAATTC -3'
       rG4seq-K ----------------------------------------------------------**----------",NOC2L|ENSG00000188976.10_2,ENST00000327044.6_1;ENST00000477976.5_1;ENST00000487214.1_1,CDS
chr1,892369,892370,potential G-quadruplex & G>=40%,190,-,chr1:892369-892429:-,False,"            5'- CTTCAGCTCAGCCTTTCTGTGCAGGAAGCCAGTGAGGAGGAGGATGGAGCGGAGGAAGGAGAAGATGGGG -3'
       rG4seq-K -----------------------------------------------------------*----------",NOC2L|ENSG00000188976.10_2,ENST00000327044.6_1;ENST00000477976.5_1;ENST00000487214.1_1,CDS
chr1,935190,935191,canonical/G3L1-7,43,-,chr1:935191-935221:-,False,"            5'- GGGGCGACCGGGGGGCGGGAGGGACGCGGGACTCAGCCGG -3'
       rG4seq-K ------------------------------*---------",HES4|ENSG00000188290.10_3,ENST00000304952.10_2;ENST00000428771.6_2;ENST00000481869.1_1;ENST00000484667.2_1,CDS
chr1,935197,935199,canonical/G3L1-7,21,-,chr1:935198-935231:-,False,"            5'- GGGCGTGAGGGGGGCGACCGGGGGGCGGGAGGGACGCGGGACT -3'
       rG4seq-K --------------------------------**---------",HES4|ENSG00000188290.10_3,ENST00000304952.10_2;ENST00000428771.6_2;ENST00000481869.1_1;ENST00000484667.2_1,CDS
chr1,1190354,1190356,canonical/G3L1-7,88,-,chr1:1190355-1190381:-,False,"            5'- GGGCCGCTGGGGCTGGTGTGGGTGGGCCTTGTGTGC -3'
       rG4seq-K -------------------------**---------",UBE2J2|ENSG00000160087.20_3,ENST00000347370.6_1;ENST00000349431.10_1;ENST00000400929.6_1;ENST00000450390.6_1,3UTR
chr1,1228420,1228422,canonical/G3L1-7,22,-,chr1:1228420-1228439:-,False,"            5'- GGGTGCTGGGCGGGAGGGGCTCTGGCCTG -3'
       rG4seq-K -----------------**----------",ACAP3|ENSG00000131584.18_2,ENST00000354700.9_1;ENST00000467278.5_1;ENST00000492936.5_1,3UTR
chr1,1270856,1270858,two-quartet,74,-,chr1:1270857-1270875:-,False,"            5'- GGGAGGGAGGTCTTGGGGAGATGGGCAG -3'
       rG4seq-K -----------------**---------",DVL1|ENSG00000107404.19_4,ENST00000378888.9_4;ENST00000378891.9_3;ENST00000610709.2_1,3UTR
chr1,1271408,1271411,canonical/G3L1-7,34,-,chr1:1271408-1271436:-,False,"            5'- GGGCCAGGACGGGAGGCAGGGTGGGGGGCAGGCTGGAC -3'
       rG4seq-K -------------------------***----------",DVL1|ENSG00000107404.19_4,ENST00000378888.9_4;ENST00000378891.9_3;ENST00000610709.2_1,3UTR
chr1,1310273,1310275,bulges,18,-,chr1:1310274-1310293:-,False,"            5'- GGGTTGGGGTGGCGGAGGGAGAAGGGAAG -3'
       rG4seq-K ------------------**---------",AURKAIP1|ENSG00000175756.13_2,ENST00000321751.9_1;ENST00000338338.9_1;ENST00000338370.7_1;ENST00000378853.3_1;ENST00000489799.1_1;ENST00000496905.1_1,5UTR
chr1,1310507,1310508,canonical/G3L1-7,114,-,chr1:1310508-1310530:-,False,"            5'- GGGCTTGGGAAGGGTCAGCGGGAGGCCTGAGG -3'
       rG4seq-K ----------------------*---------",AURKAIP1|ENSG00000175756.13_2,ENST00000321751.9_1;ENST00000338338.9_1;ENST00000338370.7_1;ENST00000378853.3_1;ENST00000489799.1_1;ENST00000496905.1_1,5UTR
chr1,1310580,1310581,two-quartet,76,-,chr1:1310580-1310604:-,False,"            5'- GGGGCCGACTTGGGGACGGACCGGAAGTGCCCGA -3'
       rG4seq-K -----------------------*----------",AURKAIP1|ENSG00000175756.13_2,ENST00000338338.9_1,5UTR
chr1,1684349,1684350,bulges,38,-,chr1:1684347-1684375:-,False,"            5'- GAGGAGGAGGAGGAGGAGGAGGAGGAGGGCTAGGTCAA -3'
       rG4seq-K -------------------------*------------",NADK|ENSG00000008130.15_2,ENST00000341426.9_1;ENST00000341991.7_1;ENST00000342348.9_1;ENST00000378625.5_1,CDS
chr1,1717176,1717177,canonical/G3L1-7,256,-,chr1:1717177-1717209:-,False,"            5'- GGGTGGGGAGGGAGAGAGAGGGAGGGAGAGGGAGTGAAGAGC -3'
       rG4seq-K --------------------------------*---------",GNB1|ENSG00000078369.17_2,ENST00000378609.8_1;ENST00000610897.4_1;ENST00000615252.4_1,3UTR
chr1,1717182,1717187,canonical/G3L1-7,117,-,chr1:1717183-1717209:-,False,"            5'- GGGTGGGGAGGGAGAGAGAGGGAGGGAGAGGGAGTG -3'
       rG4seq-K ----------------------*-***---------",GNB1|ENSG00000078369.17_2,ENST00000378609.8_1;ENST00000610897.4_1;ENST00000615252.4_1,3UTR
chr1,1717196,1717198,bulges,37,-,chr1:1717197-1717221:-,False,"            5'- GTTGGATTCTGAGGGTGGGGAGGGAGAGAGAGGG -3'
       rG4seq-K -----------------------**---------",GNB1|ENSG00000078369.17_2,ENST00000378609.8_1;ENST00000610897.4_1;ENST00000615252.4_1,3UTR
chr1,1822319,1822320,G>=40%,172,-,chr1:1822319-1822379:-,False,"            5'- CGCCGGCGCGCACCTGCCCGCAGCGCCCGCGGAGCGCGCAGCGCGGCCCGAGCGCGACGACCTGCCGAGC -3'
       rG4seq-K -----------------------------------------------------------*----------",GNB1|ENSG00000078369.17_2,ENST00000378609.8_1;ENST00000472614.2_1;ENST00000610897.4_1;ENST00000615252.4_1,5UTR
chr1,1822415,1822416,longloop,86,-,chr1:1822416-1822443:-,False,"            5'- GGGCGGCGAGTGGGGAGCGGGGCCGGGAGTGGAGCAG -3'
       rG4seq-K ---------------------------*---------",GNB1|ENSG00000078369.17_2,ENST00000378609.8_1;ENST00000610897.4_1;ENST00000615252.4_1,5UTR
chr1,1822427,1822430,longloop,34,-,chr1:1822428-1822455:-,False,"            5'- GGGAGCGGGAGCGGGCGGCGAGTGGGGAGCGGGGCCG -3'
       rG4seq-K -------------------------***---------",GNB1|ENSG00000078369.17_2,ENST00000378609.8_1;ENST00000610897.4_1;ENST00000615252.4_1,5UTR
chr1,2341856,2341857,bulges,42,-,"chr1:2342068-2342069:-,chr1:2341857-2341890:-",True,"            5'- GGTGCGAGGAAGTGGCTGGAGTGGAGGAAGGAGGTTGAGCTGCT -3'
       rG4seq-K ----------------------------------*---------",PEX10|ENSG00000157911.10_4,ENST00000288774.7_1;ENST00000447513.6_1;ENST00000502666.1_2;ENST00000507596.5_1;ENST00000508384.5_2;ENST00000510434.1_1;ENST00000514502.1_1;ENST00000650293.1_1,3UTR;5UTR;CDS
chr1,3703599,3703601,bulges,32,-,chr1:3703598-3703635:-,False,"            5'- GGAGAGGAAGCAGAGGCGGGAAGGTGGTGATGGGGAGGAGCAGGACG -3'
       rG4seq-K ----------------------------------**-----------",LRRC47|ENSG00000130764.9_2,ENST00000378251.2_1,CDS
chr1,6246449,6246453,bulges,518,-,chr1:6246453-6246481:-,False,"            5'- GGAGGCAGATGCGGGTGTGGAGGTGTGGGCTGAAGGTA -3'
       rG4seq-K ----------------------------**-*------",AL031847.2|ENSG00000285629.1_1;RPL22|ENSG00000116251.10_4,ENST00000234875.8_2;ENST00000484532.6_3,3UTR;non_coding
chr1,6246457,6246458,two-quartet,122,-,chr1:6246458-6246483:-,False,"            5'- GGGGAGGCAGATGCGGGTGTGGAGGTGTGGGCTGA -3'
       rG4seq-K -------------------------*---------",AL031847.2|ENSG00000285629.1_1;RPL22|ENSG00000116251.10_4,ENST00000234875.8_2;ENST00000484532.6_3,3UTR;non_coding
chr1,6246460,6246461,two-quartet,105,-,chr1:6246458-6246483:-,False,"            5'- GGGGAGGCAGATGCGGGTGTGGAGGTGTGGGCTGA -3'
       rG4seq-K ----------------------*------------",AL031847.2|ENSG00000285629.1_1;RPL22|ENSG00000116251.10_4,ENST00000234875.8_2;ENST00000484532.6_3,3UTR;non_coding
chr1,6282574,6282576,bulges,53,-,chr1:6282575-6282603:-,False,"            5'- GAGGAATTCCAGGGGTAGGGATGGTGGGAGAACATTCC -3'
       rG4seq-K ---------------------------**---------",ICMT|ENSG00000116237.15_2,ENST00000343813.9_1;ENST00000495791.1_1,3UTR
chr1,8073020,8073022,bulges,192,-,chr1:8073020-8073044:-,False,"            5'- GATGGTGGGGAGGGGAGGATGGGGAAGCTTTTTA -3'
       rG4seq-K ----------------------**----------",ERRFI1|ENSG00000116285.12_2,ENST00000377482.9_1;ENST00000474874.5_1,3UTR
chr1,11710073,11710074,bulges,36,-,chr1:11710072-11710108:-,False,"            5'- GTGGAGCATGGTGGGGACGGCTGGAGGGTGGAGGAGCTGCCTGGAG -3'
       rG4seq-K ----------------------------------*-----------",FBXO2|ENSG00000116661.10_3,ENST00000354287.4_1;ENST00000466919.1_1;ENST00000471501.1_1;ENST00000642025.1_1,CDS
chr1,11710076,11710077,bulges,30,-,chr1:11710075-11710108:-,False,"            5'- GTGGAGCATGGTGGGGACGGCTGGAGGGTGGAGGAGCTGCCTG -3'
       rG4seq-K -------------------------------*-----------",FBXO2|ENSG00000116661.10_3,ENST00000354287.4_1;ENST00000466919.1_1;ENST00000471501.1_1;ENST00000642025.1_1,CDS
chr1,11980166,11980167,bulges,92,-,chr1:11980167-11980188:-,False,"            5'- GGGGAGGGAAGGGGCCAGTGGACCTTTTGTA -3'
       rG4seq-K ---------------------*---------",KIAA2013|ENSG00000116685.15_2,ENST00000376572.7_1,3UTR
chr1,16340705,16340707,canonical/G3L1-7,9,-,chr1:16340706-16340726:-,False,"            5'- GGGTGGAGGGGAAGGGTGGGTCTCAGTTAG -3'
       rG4seq-K -------------------**---------",HSPB7|ENSG00000173641.17_5,ENST00000311890.13_2;ENST00000375718.4_1;ENST00000411503.5_4;ENST00000442459.2_1,3UTR
chr1,16891375,16891377,potential G-triplex & G>=40%,32,-,chr1:16891375-16891435:-,False,"            5'- TCCATGTCTGAATTTATTGCAGAAATTGAAAAGAAGGGGAAGGGGAAGAAAAGAAGGGGAAGAAGATCAA -3'
       rG4seq-K ----------------------------------------------------------**----------",NBPF1|ENSG00000219481.10_3,ENST00000392963.5_1;ENST00000430580.6_2;ENST00000432949.5_2,3UTR;CDS
chr1,17380532,17380533,bulges,91,-,chr1:17380532-17380562:-,False,"            5'- GGAGAGCGACCTCGGGGTTAAGGGGTGGGGCTGACGTCAG -3'
       rG4seq-K -----------------------------*----------",SDHB|ENSG00000117118.9_2,ENST00000375499.7_1,5UTR
chr1,17734241,17734243,potential G-quadruplex & G>=40%,310,-,chr1:17734241-17734301:-,False,"            5'- CAGTGGTGCTTATGGGGGAGATGGGACTAGAACTTAAGTGTGAGACTTGGGTGGATGGGAAAGTTAAATA -3'
       rG4seq-K ----------------------------------------------------------**----------",RCC2|ENSG00000179051.13_3,ENST00000375436.8_1,3UTR
chr1,17734833,17734836,canonical/G3L1-7,363,-,chr1:17734834-17734862:-,False,"            5'- GGGGACTTGGGGGTGGGGCAGAGGTGGGAACATTTGTA -3'
       rG4seq-K --------------------------***---------",RCC2|ENSG00000179051.13_3,ENST00000375436.8_1;ENST00000474892.1_1,3UTR
chr1,17734844,17734846,bulges,47,-,chr1:17734844-17734872:-,False,"            5'- GTGGAACCATGGGGACTTGGGGGTGGGGCAGAGGTGGG -3'
       rG4seq-K --------------------------**----------",RCC2|ENSG00000179051.13_3,ENST00000375436.8_1;ENST00000474892.1_1,3UTR
chr1,19198019,19198020,longloop,10,-,chr1:19198018-19198046:-,False,"            5'- GGGGCCGGGGCAGGTGGCTGGGTGGGGGCACAGGCTGG -3'
       rG4seq-K --------------------------*-----------",AL080251.1|ENSG00000255275.3_6;ALDH4A1|ENSG00000159423.16_3,ENST00000290597.9_1;ENST00000375341.7_1;ENST00000494072.3_3;ENST00000538839.5_2,3UTR;non_coding
chr1,19231184,19231185,longloop,16,-,chr1:19231185-19231211:-,False,"            5'- GGGGAGTCTGGAGGGGACTGGGTGGGTGCAGGTAAA -3'
       rG4seq-K --------------------------*---------",AL080251.1|ENSG00000255275.3_6;IFFO2|ENSG00000169991.10_3,ENST00000455833.6_2;ENST00000494072.3_3,3UTR;non_coding
chr1,19231981,19231984,canonical/G3L1-7,23,-,chr1:19231982-19232007:-,False,"            5'- GGGAGGAGAGGGGGTGGGGTGGGGGAGAATATAAG -3'
       rG4seq-K -----------------------***---------",AL080251.1|ENSG00000255275.3_6;IFFO2|ENSG00000169991.10_3,ENST00000455833.6_2;ENST00000494072.3_3,3UTR;non_coding
chr1,19234095,19234097,canonical/G3L1-7,16,-,chr1:19234096-19234119:-,False,"            5'- GGGTTCAGGGCGGGGGCGGAGGGATCCTTGATT -3'
       rG4seq-K ----------------------**---------",AL080251.1|ENSG00000255275.3_6;IFFO2|ENSG00000169991.10_3,ENST00000455833.6_2;ENST00000494072.3_3,3UTR;non_coding
chr1,19544796,19544797,bulges,68,-,chr1:19544796-19544818:-,False,"            5'- GGAGAAAGAGGGTAGGGGTGGGAAACTGGCAT -3'
       rG4seq-K ---------------------*----------",EMC1|ENSG00000127463.14_6,ENST00000375199.7_2;ENST00000375208.7_3;ENST00000477853.5_1;ENST00000480380.1_1,3UTR
chr1,19665544,19665546,canonical/G3L1-7,21,-,chr1:19665545-19665571:-,False,"            5'- GGGGTTGGGGGTCGTGGGGACAGGGGACAGCTCTGG -3'
       rG4seq-K -------------------------**---------",CAPZB|ENSG00000077549.17_4,ENST00000264203.7_1;ENST00000375142.5_3;ENST00000375144.5_1,3UTR
chr1,20809957,20809958,bulges,34,-,chr1:20809956-20809994:-,False,"            5'- GGAGACAGATGAGGCGAGAGGAGGAGGAGGAGGAGGAGAAGGCTCTGG -3'
       rG4seq-K ------------------------------------*-----------",CAMK2N1|ENSG00000162545.5_2,ENST00000375078.3_1;ENST00000489020.1_1,3UTR
chr1,21543824,21543825,longloop,116,-,chr1:21543824-21543854:-,False,"            5'- GGGTGCGTGGACGTGGGGTTGGGAGCTGGGAATCTATTTT -3'
       rG4seq-K -----------------------------*----------",ECE1|ENSG00000117298.15_4,ENST00000415912.6_1;ENST00000649812.1_1,3UTR
chr1,21543830,21543831,bulges,104,-,chr1:21543829-21543856:-,False,"            5'- GTGGGTGCGTGGACGTGGGGTTGGGAGCTGGGAATCT -3'
       rG4seq-K -------------------------*-----------",ECE1|ENSG00000117298.15_4,ENST00000415912.6_1;ENST00000649812.1_1,3UTR
chr1,21543982,21543985,bulges,61,-,chr1:21543983-21544004:-,False,"            5'- GGGGCCGGCAGGGGGTTGGGGAAGAAGAGGG -3'
       rG4seq-K -------------------***---------",ECE1|ENSG00000117298.15_4,ENST00000415912.6_1;ENST00000649812.1_1,3UTR
chr1,22005661,22005664,canonical/G3L1-7,36,-,chr1:22005661-22005684:-,False,"            5'- GGGGGGTGGTGGGTGGGAGGGGGCAAGTAAAGA -3'
       rG4seq-K --------------------***----------",USP48|ENSG00000090686.15_2,ENST00000308271.13_1;ENST00000374732.7_1;ENST00000400301.5_2,3UTR
chr1,22005666,22005668,two-quartet,8,-,chr1:22005668-22005684:-,False,"            5'- GGGGGGTGGTGGGTGGGAGGGGGCAA -3'
       rG4seq-K ----------------**--------",USP48|ENSG00000090686.15_2,ENST00000308271.13_1;ENST00000374732.7_1;ENST00000400301.5_2,3UTR
chr1,23637292,23637294,potential G-quadruplex & G>=40%,122,-,chr1:23637292-23637352:-,False,"            5'- AAGAGGAAGAGGAGGAGGAAGGGGAGGGCGAGGTGCTCCACCACCACCAAGGGGGAGGGGAGCACCACCT -3'
       rG4seq-K ----------------------------------------------------------**----------",HNRNPR|ENSG00000125944.19_4,ENST00000302271.10_1;ENST00000374612.5_1;ENST00000374616.7_1;ENST00000427764.3_1;ENST00000476660.1_1;ENST00000478691.5_1;ENST00000606561.5_1;ENST00000641107.1_2,CDS
chr1,23637477,23637478,bulges,479,-,chr1:23637478-23637509:-,False,"            5'- GAGGTCGGGGTCGTGGTGGGGGGAGAGGTGGATATGGCTAC -3'
       rG4seq-K -------------------------------*---------",HNRNPR|ENSG00000125944.19_4,ENST00000302271.10_1;ENST00000374612.5_1;ENST00000374616.7_1;ENST00000427764.3_1;ENST00000476660.1_1;ENST00000478691.5_1;ENST00000606561.5_1;ENST00000641107.1_2,CDS
chr1,23755783,23755784,bulges,30,-,chr1:23755784-23755809:-,False,"            5'- GCTGGTCTTAAGGGTTGGGCTTGGGAATAGGCAGG -3'
       rG4seq-K -------------------------*---------",ASAP3|ENSG00000088280.18_3,ENST00000336689.7_1;ENST00000495646.5_1;ENST00000618240.4_1,3UTR
chr1,23833399,23833400,bulges,13,-,chr1:23833399-23833430:-,False,"            5'- GGTGTGCCTTCAGGGAGGAAGAGGGAGGTGGTCAAGCTTGA -3'
       rG4seq-K ------------------------------*----------",E2F2|ENSG00000007968.6_2,ENST00000361729.2_1,3UTR
chr1,26188171,26188173,two-quartet,45,-,chr1:26188172-26188190:-,False,"            5'- GGGAGGTGCTGGAGAGGGATTAACCTGT -3'
       rG4seq-K -----------------**---------",PAQR7|ENSG00000182749.5_3,ENST00000374296.3_1,3UTR
chr1,27731445,27731447,bulges,76,-,chr1:27731445-27731481:-,False,"            5'- GGGGAGGGAGGGAGCCAGTGCTCCAAGGCCAGGGGGCTTTGCTCAT -3'
       rG4seq-K ----------------------------------**----------",WASF2|ENSG00000158195.10_2,ENST00000618852.4_1,3UTR
chr1,27731468,27731469,canonical/G3L1-7,42,-,chr1:27731469-27731487:-,False,"            5'- GGGTATGGGGAGGGAGGGAGCCAGTGCT -3'
       rG4seq-K ------------------*---------",WASF2|ENSG00000158195.10_2,ENST00000618852.4_1,3UTR
chr1,27732390,27732393,longloop,39,-,chr1:27732391-27732421:-,False,"            5'- GGGCTGGGGGCAGGAGGAGGTGGGGAGGGGCACTGCCTGC -3'
       rG4seq-K ----------------------------***---------",WASF2|ENSG00000158195.10_2,ENST00000618852.4_1,3UTR
chr1,27860937,27860938,bulges,24,-,chr1:27860937-27860955:-,False,"            5'- GCATGGTGGGGGGGAGGGAGAAGAACCT -3'
       rG4seq-K -----------------*----------",AHDC1|ENSG00000126705.14_3,ENST00000247087.10_2;ENST00000374011.6_1;ENST00000644989.1_1,3UTR
chr1,28218446,28218447,bulges,304,-,chr1:28218447-28218479:-,False,"            5'- GGGCAATTGACAGGGATGCAATCCAGGGTGGGATTTCTTGAG -3'
       rG4seq-K --------------------------------*---------",RPA2|ENSG00000117748.9_2,ENST00000373909.7_1;ENST00000373912.7_1;ENST00000419958.5_1,3UTR
chr1,28298852,28298853,bulges,36,-,chr1:28298853-28298884:-,False,"            5'- GGCCTTGTTTCCTGTGGGGTTGGGAGGAGGGAGATGTAGTG -3'
       rG4seq-K -------------------------------*---------",EYA3|ENSG00000158161.15_4,ENST00000373871.7_2;ENST00000436342.6_1;ENST00000540618.5_2,3UTR
chr1,32830951,32830954,potential G-quadruplex & G>=40%,103,-,chr1:32830951-32831011:-,False,"            5'- ACCTTCAGTGAGGGGGTGGGATGGAGAGAATGCTGAATCTTTTTTTTGACGGGATGGGGTTTTTCTCTTT -3'
       rG4seq-K ---------------------------------------------------------***----------",BSDC1|ENSG00000160058.18_2,ENST00000341071.11_1;ENST00000444377.5_1;ENST00000455895.6_1,3UTR
chr1,32859718,32859719,bulges,54,-,chr1:32859717-32859741:-,False,"            5'- GGAGGACGTGGGATGGTGGCGGAGCTGGCTGCAG -3'
       rG4seq-K ----------------------*-----------",BSDC1|ENSG00000160058.18_2,ENST00000341071.11_1;ENST00000373520.8_1;ENST00000419121.6_1;ENST00000444377.5_1;ENST00000446293.6_1;ENST00000455895.6_1;ENST00000474414.5_1;ENST00000526031.5_1;ENST00000527163.5_1;ENST00000527513.5_1;ENST00000530485.1_1;ENST00000530753.1_1;ENST00000530876.5_1;ENST00000531222.1_1;ENST00000533084.1_1,5UTR;CDS
chr1,32859728,32859730,two-quartet,33,-,"chr1:32860004-32860021:-,chr1:32859729-32859741:-",True,"            5'- GGCAAGATGGCGGAAGGGGAGGACGTGGGATGGTGGCGG -3'
       rG4seq-K ----------------------------**---------",BSDC1|ENSG00000160058.18_2,ENST00000341071.11_1;ENST00000373520.8_1;ENST00000419121.6_1;ENST00000444377.5_1;ENST00000446293.6_1;ENST00000455895.6_1;ENST00000474414.5_1;ENST00000526031.5_1;ENST00000527163.5_1;ENST00000527513.5_1;ENST00000530485.1_1;ENST00000530753.1_1;ENST00000530876.5_1;ENST00000531222.1_1;ENST00000533084.1_1,5UTR;CDS
chr1,33282837,33282839,longloop,253,-,chr1:33282840-33282878:-,False,"            5'- GGGCTGAGCGGGGGAAGCAGGGGTAGCGGAGCCATGGGGGACGCTCCC -3'
       rG4seq-K ---------------------------------------**-------",YARS|ENSG00000134684.10_2,ENST00000373477.8_1;ENST00000481895.5_1;ENST00000616261.1_1,5UTR;CDS
chr1,33475837,33475838,two-quartet,481,-,chr1:33475838-33475871:-,False,"            5'- GGGAGGGGGAAGGGAATGAAATGGAAAGGGAGGCTGATTCCCT -3'
       rG4seq-K ---------------------------------*---------",AK2|ENSG00000004455.16_2,ENST00000373449.6_1;ENST00000629371.2_2,3UTR
chr1,33476176,33476177,two-quartet,648,-,chr1:33476175-33476187:-,False,"            5'- GGAGGGTGGGGGTAGAAATAGA -3'
       rG4seq-K ----------*-----------",AK2|ENSG00000004455.16_2,ENST00000373449.6_1;ENST00000482191.1_1;ENST00000548033.5_2;ENST00000629371.2_2,3UTR
chr1,33476302,33476307,longloop,449,-,chr1:33476306-33476338:-,False,"            5'- GGGTGAGGATGGTGAGGGAGGGCTGGTGAGGGGCTCAGAGGA -3'
       rG4seq-K -------------------------------***-*------",AK2|ENSG00000004455.16_2,ENST00000373449.6_1;ENST00000482191.1_1;ENST00000491241.1_1;ENST00000548033.5_2;ENST00000629371.2_2,3UTR
chr1,33476315,33476317,longloop,122,-,chr1:33476316-33476353:-,False,"            5'- GGGGAAGGGTGGTCAGGGTGAGGATGGTGAGGGAGGGCTGGTGAGGG -3'
       rG4seq-K ------------------------------------**---------",AK2|ENSG00000004455.16_2,ENST00000373449.6_1;ENST00000482191.1_1;ENST00000491241.1_1;ENST00000548033.5_2;ENST00000629371.2_2,3UTR
chr1,33476319,33476322,bulges,78,-,chr1:33476321-33476355:-,False,"            5'- GAGGGGAAGGGTGGTCAGGGTGAGGATGGTGAGGGAGGGCTGGT -3'
       rG4seq-K ---------------------------------*-*--------",AK2|ENSG00000004455.16_2,ENST00000373449.6_1;ENST00000482191.1_1;ENST00000491241.1_1;ENST00000548033.5_2;ENST00000629371.2_2,3UTR
chr1,35325287,35325288,longloop,53,-,chr1:35325288-35325323:-,False,"            5'- GGGCGGAGAGCGGGGGCCGCACTGGGGAGTGTGGGCTGGGCCGCA -3'
       rG4seq-K -----------------------------------*---------",SMIM12|ENSG00000163866.8_3,ENST00000423898.1_1;ENST00000426886.1_1;ENST00000456842.1_1;ENST00000521580.2_1,5UTR
chr1,35650143,35650144,canonical/G3L1-7,330,-,chr1:35650144-35650174:-,False,"            5'- GGGAGGTGCGGGGCCTGTGGGTGGACAGGGTCCTAGAGGA -3'
       rG4seq-K ------------------------------*---------",SFPQ|ENSG00000116560.10_2,ENST00000357214.5_1;ENST00000460428.5_1;ENST00000470472.5_1,CDS
chr1,35650152,35650154,canonical/G3L1-7,237,-,chr1:35650153-35650179:-,False,"            5'- GGGCAGGGAGGTGCGGGGCCTGTGGGTGGACAGGGT -3'
       rG4seq-K -------------------------**---------",SFPQ|ENSG00000116560.10_2,ENST00000357214.5_1;ENST00000460428.5_1;ENST00000470472.5_1,CDS
chr1,35650160,35650163,bulges,151,-,chr1:35650161-35650179:-,False,"            5'- GGGCAGGGAGGTGCGGGGCCTGTGGGTG -3'
       rG4seq-K ----------------***---------",SFPQ|ENSG00000116560.10_2,ENST00000357214.5_1;ENST00000460428.5_1;ENST00000470472.5_1,CDS
chr1,36179570,36179572,two-quartet,34,-,chr1:36179571-36179587:-,False,"            5'- GGGGGTGAGGGGTGGGCCCTGAAGAC -3'
       rG4seq-K ---------------**---------",C1orf216|ENSG00000142686.7_2,ENST00000270815.4_1,3UTR
chr1,36602369,36602370,bulges,404,-,chr1:36602370-36602400:-,False,"            5'- GGGAGGAAGGGCTGGGAGGGAGTGGGGAGGAATTGCTAGC -3'
       rG4seq-K ------------------------------*---------",TRAPPC3|ENSG00000054116.11_2,ENST00000373166.7_1;ENST00000462715.1_1;ENST00000616074.4_1;ENST00000616395.4_1;ENST00000617904.4_1,3UTR
chr1,36602372,36602375,canonical/G3L1-7,159,-,chr1:36602373-36602400:-,False,"            5'- GGGAGGAAGGGCTGGGAGGGAGTGGGGAGGAATTGCT -3'
       rG4seq-K -------------------------***---------",TRAPPC3|ENSG00000054116.11_2,ENST00000373166.7_1;ENST00000462715.1_1;ENST00000616074.4_1;ENST00000616395.4_1;ENST00000617904.4_1,3UTR
chr1,36602379,36602381,canonical/G3L1-7,31,-,chr1:36602380-36602408:-,False,"            5'- GGGGTGGAGGGAGGAAGGGCTGGGAGGGAGTGGGGAGG -3'
       rG4seq-K ---------------------------**---------",TRAPPC3|ENSG00000054116.11_2,ENST00000373166.7_1;ENST00000462715.1_1;ENST00000616074.4_1;ENST00000616395.4_1;ENST00000617904.4_1,3UTR
chr1,36614990,36614991,bulges,90,-,chr1:36614992-36615013:-,False,"            5'- GTGGCTAGGCGAGTGGGGCGGGGCGGCCGGC -3'
       rG4seq-K ----------------------*--------",TRAPPC3|ENSG00000054116.11_2,ENST00000373159.1_1;ENST00000373162.5_1;ENST00000373163.5_1;ENST00000373166.7_1;ENST00000469757.1_1;ENST00000616074.4_1;ENST00000616395.4_1;ENST00000617904.4_1,5UTR
chr1,38006186,38006188,canonical/G3L1-7,28,-,chr1:38006187-38006206:-,False,"            5'- GGGCAGGGTCAGGGACGGGATCGAGACAC -3'
       rG4seq-K ------------------**---------",SNIP1|ENSG00000163877.10_2,ENST00000296215.7_2;ENST00000468040.2_2;ENST00000638725.1_1,3UTR;CDS
chr1,38277323,38277324,longloop,22,-,chr1:38277324-38277347:-,False,"            5'- GGGGATATTGGAGGGTGGGTGGGTTTTCCTGAG -3'
       rG4seq-K -----------------------*---------",MTF1|ENSG00000188786.9_2,ENST00000373036.4_1,3UTR
chr1,38423002,38423003,potential G-quadruplex & G>=40%,166,-,chr1:38423002-38423062:-,False,"            5'- AGGGGGGGGGGGGGGAGTTGGGCTGTGTTGGAATGGGCCTGCAGCCCAACAAACAAGGGAACTAGGACCG -3'
       rG4seq-K -----------------------------------------------------------*----------",SF3A3|ENSG00000183431.11_2,ENST00000373019.4_1,3UTR
chr1,38423039,38423041,canonical/G3L1-7,36,-,chr1:38423040-38423061:-,False,"            5'- GGGGGGGGGGGGGGAGTTGGGCTGTGTTGGA -3'
       rG4seq-K --------------------**---------",SF3A3|ENSG00000183431.11_2,ENST00000373019.4_1,3UTR
chr1,40041624,40041627,canonical/G3L1-7,75,-,chr1:40041625-40041651:-,False,"            5'- GGGGCTCGGGGTGGTGGGGGGCGGGGAGATGAACGC -3'
       rG4seq-K ------------------------***---------",PABPC4|ENSG00000090621.13_4,ENST00000372856.7_2;ENST00000372857.7_2;ENST00000372858.7_2;ENST00000372862.7_2;ENST00000451091.2_1;ENST00000531243.2_1,5UTR
chr1,40307358,40307360,bulges,83,-,chr1:40307358-40307383:-,False,"            5'- GGGGATCCAGTTCAGGAGGGAGGGGTATGTTTGTC -3'
       rG4seq-K -----------------------**----------",TRIT1|ENSG00000043514.16_3,ENST00000316891.9_1;ENST00000372818.5_2;ENST00000441669.6_2;ENST00000462797.5_1;ENST00000491865.5_1;ENST00000495175.6_1;ENST00000537440.5_1;ENST00000648678.1_1,3UTR
chr1,43392101,43392102,bulges,160,-,chr1:43392101-43392119:-,False,"            5'- GGGAGGAGAGGGGAAGGGCCAGTCTGGG -3'
       rG4seq-K -----------------*----------",SLC2A1|ENSG00000117394.21_4,ENST00000426263.8_3;ENST00000630287.2_1,3UTR
chr1,43824137,43824140,longloop,24,-,chr1:43824137-43824172:-,False,"            5'- GGGAAGGAGAGCCGCGGGCGGCAGCGGGGCAGGGGACGGAATTGG -3'
       rG4seq-K --------------------------------***----------",AL139289.2|ENSG00000234694.1_5,ENST00000424948.1_1,non_coding
chr1,43829133,43829135,canonical/G3L1-7,145,-,chr1:43829134-43829153:-,False,"            5'- GGGTGGGCGGGGGCCTGGGAATACAGCCT -3'
       rG4seq-K ------------------**---------",ELOVL1|ENSG00000066322.14_3,ENST00000372458.7_1;ENST00000413844.3_1;ENST00000621943.4_1,3UTR
chr1,43829140,43829142,longloop,49,-,chr1:43829140-43829166:-,False,"            5'- GGGCCAAAGGTCAGGGTGGGCGGGGGCCTGGGAATA -3'
       rG4seq-K ------------------------**----------",ELOVL1|ENSG00000066322.14_3,ENST00000372458.7_1;ENST00000413844.3_1;ENST00000621943.4_1,3UTR
chr1,44462463,44462465,potential G-quadruplex & G>=40%,55,-,chr1:44462463-44462523:-,False,"            5'- GGGGGATGGGGTGGGGGCTGCTCCACAGGAGGTTTGAGCCCAGCACCCTGGGGAAGGGGACCCTGCACGA -3'
       rG4seq-K ----------------------------------------------------------**----------",SLC6A9|ENSG00000196517.11_5,ENST00000372306.7_1;ENST00000372307.7_1;ENST00000372310.7_3,3UTR
chr1,44462997,44462999,bulges,14,-,chr1:44462998-44463016:-,False,"            5'- GCTGGGGGGAGGGGTGGGAGTGGAGGGT -3'
       rG4seq-K -----------------**---------",SLC6A9|ENSG00000196517.11_5,ENST00000372306.7_1;ENST00000372307.7_1;ENST00000372310.7_3,3UTR
chr1,45475076,45475078,bulges,54,-,chr1:45475077-45475104:-,False,"            5'- GGGTGGTGGTCTATGGGGGTGAAGGGGACAACCTGAA -3'
       rG4seq-K --------------------------**---------",HECTD3|ENSG00000126107.14_2,ENST00000372172.4_1,CDS
chr1,45988525,45988527,two-quartet,386,-,chr1:45988525-45988539:-,False,"            5'- GGAGGTGAGGCGGGAGAATCGCTT -3'
       rG4seq-K ------------**----------",PRDX1|ENSG00000117450.13_2,ENST00000424390.1_1,5UTR
chr1,47073468,47073469,longloop,18,-,chr1:47073469-47073496:-,False,"            5'- GGGCTGATTTCTGGGATAGGGGGAGGGTTGGAAAATT -3'
       rG4seq-K ---------------------------*---------",MKNK1|ENSG00000079277.20_5;MOB3C|ENSG00000142961.14_3,ENST00000271139.12_1;ENST00000319928.7_1;ENST00000371940.1_1;ENST00000531769.6_3,3UTR;non_coding
chr1,52827200,52827201,bulges,40,-,chr1:52827201-52827242:-,False,"            5'- GCGGGATGTGGAGGAGGAGGAGGAGGAGGAAGGGCTGGAGGAAGATGCAGA -3'
       rG4seq-K -----------------------------------------*---------",CC2D1B|ENSG00000154222.14_3,ENST00000284376.7_2;ENST00000371586.6_2;ENST00000491136.6_1,CDS
chr1,52827203,52827204,bulges,20,-,chr1:52827201-52827242:-,False,"            5'- GCGGGATGTGGAGGAGGAGGAGGAGGAGGAAGGGCTGGAGGAAGATGCAGA -3'
       rG4seq-K --------------------------------------*------------",CC2D1B|ENSG00000154222.14_3,ENST00000284376.7_2;ENST00000371586.6_2;ENST00000491136.6_1,CDS
chr1,53150452,53150454,canonical/G3L1-7,69,-,chr1:53150453-53150471:-,False,"            5'- GGGTGGGGGAGGGGAGGGAGGAATAATT -3'
       rG4seq-K -----------------**---------",COA7|ENSG00000162377.5_2,ENST00000371538.4_1,3UTR
chr1,53686015,53686016,bulges,74,-,chr1:53686241-53686281:-,False,"            5'- GGGCCGCAGCCAGCACCGGGCGGAGAGGGCTACCATGGGGAAAATCGCGC -3'
       rG4seq-K ----------------------------------------*---------",C1orf123|ENSG00000162384.13_2,ENST00000294360.4_1;ENST00000470385.5_1;ENST00000474227.1_1;ENST00000602807.1_1,5UTR;CDS
chr1,53692680,53692682,bulges,488,-,chr1:53692681-53692713:-,False,"            5'- GAATATTGGTGTGGACATGGGGGGTGGGTGGGAGTAGAAAAT -3'
       rG4seq-K -------------------------------**---------",MAGOH|ENSG00000162385.10_2,ENST00000371466.4_1;ENST00000371470.7_1;ENST00000495868.1_1,3UTR
chr1,54635491,54635493,canonical/G3L1-7,15,-,chr1:54635492-54635515:-,False,"            5'- GGGAATGGGATGGGGTGATGGGGTTTTTAGCCA -3'
       rG4seq-K ----------------------**---------",AL357673.1|ENSG00000248835.2;AL357673.1|ENSG00000256407.2_6;CYB5RL|ENSG00000215883.10_3,ENST00000287899.13_2;ENST00000311841.7_2;ENST00000525949.1_1;ENST00000536061.1;ENST00000637610.1_1,3UTR;non_coding
chr1,54691552,54691554,two-quartet,21,-,chr1:54691553-54691588:-,False,"            5'- GGAAAGACTTTGGAGCAGCTGTGGGGGGTGGGGGGACACCGACAA -3'
       rG4seq-K ----------------------------------**---------",SSBP3|ENSG00000157216.15_4,ENST00000326956.11_1;ENST00000610401.4_1,3UTR
chr1,54692090,54692092,two-quartet,13,-,chr1:54692091-54692109:-,False,"            5'- GGCAGGGGAGGAGTGGGGACGCGTTTGT -3'
       rG4seq-K -----------------**---------",SSBP3|ENSG00000157216.15_4,ENST00000326956.11_1;ENST00000610401.4_1,3UTR
chr1,55315476,55315477,bulges,396,-,chr1:55315474-55315500:-,False,"            5'- GGGAGGGGTGGAGATGGGTGTGGCAGTGTATGGTGT -3'
       rG4seq-K -----------------------*------------",DHCR24|ENSG00000116133.12_3,ENST00000371269.8_2;ENST00000535035.6_2;ENST00000647912.1_1;ENST00000648712.1_1;ENST00000649007.1_1;ENST00000649769.1_1,3UTR
chr1,55315482,55315483,bulges,318,-,chr1:55315482-55315500:-,False,"            5'- GGGAGGGGTGGAGATGGGTGTGGCAGTG -3'
       rG4seq-K -----------------*----------",DHCR24|ENSG00000116133.12_3,ENST00000371269.8_2;ENST00000535035.6_2;ENST00000647912.1_1;ENST00000648712.1_1;ENST00000649007.1_1;ENST00000649769.1_1,3UTR
chr1,55316968,55316969,longloop,177,-,chr1:55316968-55317006:-,False,"            5'- GGGAGTGGGTCCGCGCTGCTCTGCAGCAGGGGCTGGGGAGTGGACAGC -3'
       rG4seq-K -------------------------------------*----------",DHCR24|ENSG00000116133.12_3,ENST00000371269.8_2;ENST00000436604.2_2;ENST00000535035.6_2;ENST00000647912.1_1;ENST00000648712.1_1;ENST00000648728.1_1;ENST00000649007.1_1;ENST00000649769.1_1,3UTR
chr1,59247293,59247294,bulges,16,-,chr1:59247294-59247325:-,False,"            5'- GGAGGGTTGGGGAGGGGCGGCAGGAGGGAGGTTTGTGAGAG -3'
       rG4seq-K -------------------------------*---------",JUN|ENSG00000177606.6_2,ENST00000371222.3_1,3UTR
chr1,67877788,67877789,potential G-quadruplex & G>=40%,625,-,chr1:67877788-67877848:-,False,"            5'- CCAAAGGGCGCTGGTTGGTAGGGTGAGGTGGGGGAGTATTTTAATTTTTGGAATTTGGGAAGCAGACAGC -3'
       rG4seq-K -----------------------------------------------------------*----------",SERBP1|ENSG00000142864.14_4,ENST00000370994.8_2;ENST00000370995.6_3,3UTR
chr1,67877814,67877816,bulges,478,-,chr1:67877814-67877843:-,False,"            5'- GGGCGCTGGTTGGTAGGGTGAGGTGGGGGAGTATTTTAA -3'
       rG4seq-K ---------------------------**----------",SERBP1|ENSG00000142864.14_4,ENST00000370994.8_2;ENST00000370995.6_3,3UTR
chr1,67880877,67880879,bulges,470,-,chr1:67880876-67880908:-,False,"            5'- GGAGGACGAGGTGGACGTGGGCGTGGTGGGCGCCCAAACCGT -3'
       rG4seq-K -----------------------------**-----------",SERBP1|ENSG00000142864.14_4,ENST00000361219.10_2;ENST00000370990.5_3;ENST00000370994.8_2;ENST00000370995.6_3;ENST00000493607.1_1,CDS
chr1,68299102,68299104,bulges,37,-,chr1:68299103-68299142:-,False,"            5'- GGAGCCGGCGCCCGGAGGAGCAAGAGGAGGAGGAGGAGGAGAGGTCGGA -3'
       rG4seq-K --------------------------------------**---------",GNG12|ENSG00000172380.5_2,ENST00000370982.3_1;ENST00000494936.1_1,5UTR
chr1,68591563,68591565,longloop,223,-,chr1:68591564-68591605:-,False,"            5'- GGGGGTGGGGTGGGGGTGTATTCCTTGGGGGATGGTTTGGGCCGAATGGGG -3'
       rG4seq-K ----------------------------------------**---------",WLS|ENSG00000116729.13_5,ENST00000262348.8_1;ENST00000354777.6_1;ENST00000370976.7_1,3UTR
chr1,68591575,68591576,longloop,143,-,chr1:68591574-68591605:-,False,"            5'- GGGGGTGGGGTGGGGGTGTATTCCTTGGGGGATGGTTTGGG -3'
       rG4seq-K -----------------------------*-----------",WLS|ENSG00000116729.13_5,ENST00000262348.8_1;ENST00000354777.6_1;ENST00000370976.7_1,3UTR
chr1,68591586,68591589,bulges,31,-,chr1:68591587-68591607:-,False,"            5'- GTGGGGGTGGGGTGGGGGTGTATTCCTTGG -3'
       rG4seq-K ------------------***---------",WLS|ENSG00000116729.13_5,ENST00000262348.8_1;ENST00000354777.6_1;ENST00000370976.7_1,3UTR
chr1,68698042,68698043,bulges,122,-,chr1:68698041-68698075:-,False,"            5'- GGCGAGGAAGGAGGGAGTGTGTGAGAGGAGGGAGCAAAAAGCTC -3'
       rG4seq-K --------------------------------*-----------",WLS|ENSG00000116729.13_5,ENST00000262348.8_1;ENST00000354777.6_1;ENST00000370971.1_1;ENST00000370973.2_2;ENST00000370976.7_1;ENST00000471243.2_1;ENST00000491076.1_1;ENST00000530486.5_3,5UTR
chr1,78444610,78444611,bulges,514,-,chr1:78444609-78444643:-,False,"            5'- GGTGGCGGTGGTGGCGGCGGTGGTGGTGGAGGAGTTAACGACGC -3'
       rG4seq-K --------------------------------*-----------",FUBP1|ENSG00000162613.16_3,ENST00000294623.8_1;ENST00000370767.5_2;ENST00000370768.6_2;ENST00000421641.1_1,CDS
chr1,78444613,78444614,bulges,174,-,chr1:78444612-78444643:-,False,"            5'- GGTGGCGGTGGTGGCGGCGGTGGTGGTGGAGGAGTTAACGA -3'
       rG4seq-K -----------------------------*-----------",FUBP1|ENSG00000162613.16_3,ENST00000294623.8_1;ENST00000370767.5_2;ENST00000370768.6_2;ENST00000421641.1_1,CDS
chr1,78444616,78444617,bulges,62,-,chr1:78444615-78444643:-,False,"            5'- GGTGGCGGTGGTGGCGGCGGTGGTGGTGGAGGAGTTAA -3'
       rG4seq-K --------------------------*-----------",FUBP1|ENSG00000162613.16_3,ENST00000294623.8_1;ENST00000370767.5_2;ENST00000370768.6_2;ENST00000421641.1_1,CDS
chr1,86173823,86173825,bulges,15,-,chr1:86173825-86173854:-,False,"            5'- GGCGGAGGAGTTCGGCGGCGGAGAGGAGGGGACAGGGCT -3'
       rG4seq-K -----------------------------**--------",ZNHIT6|ENSG00000117174.10_3,ENST00000370574.3_3;ENST00000431532.6_3,CDS
chr1,92764489,92764491,bulges,41,-,chr1:92764491-92764523:-,False,"            5'- GGAGGAGGTGGCGGCGGCTGGGAGAGGCGAGGGTTCTGGCCG -3'
       rG4seq-K --------------------------------**--------",GLMN|ENSG00000174842.16_2,ENST00000370360.7_1;ENST00000487911.1_1;ENST00000495106.5_1,5UTR
chr1,94147350,94147352,canonical/G3L1-7,25,-,chr1:94147351-94147371:-,False,"            5'- GGGCGGGGGACGGGGCCGGGACCGGAGCCG -3'
       rG4seq-K -------------------**---------",BCAR3|ENSG00000137936.17_5,ENST00000260502.10_2;ENST00000370244.5_2,5UTR
chr1,94353697,94353698,bulges,55,-,chr1:94353696-94353728:-,False,"            5'- GGGATACTGTGGGCTCTGGAGAGAGGAGGGGGCAATAGAGCT -3'
       rG4seq-K ------------------------------*-----------",GCLM|ENSG00000023909.9_2,ENST00000370238.7_1;ENST00000615724.1_2,3UTR
chr1,109855352,109855353,two-quartet,32,-,chr1:109855353-109855371:-,False,"            5'- GGGTGGATTTTGGGGTGGCCATATAGTA -3'
       rG4seq-K ------------------*---------",SORT1|ENSG00000134243.11_3,ENST00000256637.7_3;ENST00000538502.5_3,3UTR
chr1,110950234,110950235,bulges,702,-,chr1:110950233-110950261:-,False,"            5'- GGAGTGGTCGGTGGGTGGGATGGAGGCGACCTTGGAGC -3'
       rG4seq-K --------------------------*-----------",LAMTOR5|ENSG00000134248.13_3,ENST00000256644.8_2;ENST00000464240.1_1;ENST00000474861.6_2;ENST00000483260.5_2;ENST00000531779.1_1;ENST00000602318.5_2;ENST00000614544.1_2,5UTR;CDS
chr1,110950241,110950243,bulges,540,-,chr1:110950242-110950273:-,False,"            5'- GGGTTCTGAGCCGGAGTGGTCGGTGGGTGGGATGGAGGCGA -3'
       rG4seq-K ------------------------------**---------",LAMTOR5|ENSG00000134248.13_3,ENST00000256644.8_2;ENST00000464240.1_1;ENST00000474861.6_2;ENST00000483260.5_2;ENST00000531779.1_1;ENST00000602318.5_2;ENST00000614544.1_2,5UTR;CDS
chr1,111983450,111983451,canonical/G3L1-7,194,-,chr1:111983451-111983478:-,False,"            5'- GGGTTATGGGATGTGGGCATCCCTGGGTTCTTGGAAG -3'
       rG4seq-K ---------------------------*---------",AL390195.1|ENSG00000243960.1_6;WDR77|ENSG00000116455.13_3,ENST00000235090.9_1;ENST00000416099.1_1;ENST00000445680.1_1,3UTR;non_coding
chr1,111983460,111983462,canonical/G3L1-7,126,-,chr1:111983461-111983482:-,False,"            5'- GGGTGGGTTATGGGATGTGGGCATCCCTGGG -3'
       rG4seq-K --------------------**---------",AL390195.1|ENSG00000243960.1_6;WDR77|ENSG00000116455.13_3,ENST00000235090.9_1;ENST00000416099.1_1;ENST00000445680.1_1,3UTR;non_coding
chr1,113161582,113161583,longloop,67,-,chr1:113161582-113161622:-,False,"            5'- GGGGACTGGGGCCTCGTTGTGGTTCGTGGCGGGGCTGGGGCTGCTTTACG -3'
       rG4seq-K ---------------------------------------*----------",ST7L|ENSG00000007341.18_3,ENST00000343210.11_2;ENST00000358039.8_2;ENST00000360743.8_2;ENST00000361846.7_1;ENST00000369666.5_2;ENST00000459630.5_1;ENST00000463235.5_1;ENST00000467335.5_1;ENST00000470519.5_1;ENST00000470683.1_1;ENST00000473206.5_1;ENST00000477332.5_1;ENST00000480988.5_1;ENST00000490067.5_2;ENST00000490715.5_1;ENST00000492274.1_1;ENST00000497235.5_1;ENST00000497457.5_1;ENST00000498383.5_1,CDS
chr1,115258735,115258736,two-quartet,235,-,chr1:115258736-115258764:-,False,"            5'- GGTGGTGGTTGGAGCAGGTGGTGTTGGGAAAAGCGCAC -3'
       rG4seq-K ----------------------------*---------",NRAS|ENSG00000213281.4_2,ENST00000369535.4_1,CDS
chr1,115259689,115259690,longloop,272,-,chr1:115259690-115259718:-,False,"            5'- GGGTCAGCTCAGGGGATGTGGGGGAGGGCGGTTTTATC -3'
       rG4seq-K ----------------------------*---------",CSDE1|ENSG00000009307.15_5,ENST00000339438.10_2;ENST00000358528.8_2;ENST00000438362.6_2;ENST00000610726.4_2,3UTR
chr1,115300556,115300557,G>=40%,3132,-,chr1:115300556-115300616:-,False,"            5'- CGAGATTTATTCCTACGTACCGGGCCGTGCTGCTTATGGCGGCGCTGGAGAGGGGGCGCTGAGCTGTTGG -3'
       rG4seq-K -----------------------------------------------------------*----------",CSDE1|ENSG00000009307.15_5,ENST00000261443.9_2;ENST00000339438.10_2;ENST00000358528.8_2;ENST00000369530.5_2;ENST00000524652.1_1;ENST00000525132.1_4;ENST00000525878.5_4;ENST00000525970.5_4;ENST00000529046.5_4;ENST00000530886.5_1;ENST00000533818.5_1;ENST00000534699.5_2;ENST00000610726.4_2,5UTR
chr1,117118800,117118804,canonical/G3L1-7,18,-,chr1:117118801-117118826:-,False,"            5'- GGGACAGTGAGGGGTGGGAGGGGGGTTTCCAGGGC -3'
       rG4seq-K ----------------------****---------",IGSF3|ENSG00000143061.17_4,ENST00000369483.5_1;ENST00000369486.7_2,3UTR
chr1,117122288,117122289,bulges,10,-,chr1:117122289-117122317:-,False,"            5'- GAGGAAAGGGAGGAGGAGGAGGAGGAGGACGACGACGA -3'
       rG4seq-K ----------------------------*---------",IGSF3|ENSG00000143061.17_4,ENST00000318837.6_1;ENST00000369483.5_1;ENST00000369486.7_2,CDS
chr1,120455132,120455134,bulges,96,-,chr1:120455133-120455155:-,False,"            5'- GGGGAAGGGAAAGGTATGAGGGAAAGAGAGTC -3'
       rG4seq-K ---------------------**---------",NOTCH2|ENSG00000134250.19_3,ENST00000256646.6_1,3UTR
chr1,149899674,149899675,potential G-quadruplex & G>=40%,97,-,chr1:149899674-149899734:-,False,"            5'- GTCCGTCTTCGCCCCGGAAGTGGAAGTCGTGCTGAGGTCAGAAGGCGGAACCGCTGCTGGGAGACGGCGG -3'
       rG4seq-K -----------------------------------------------------------*----------",SF3B4|ENSG00000143368.9_2,ENST00000271628.8_1,5UTR
chr1,149914858,149914859,two-quartet,48,-,chr1:149914859-149914874:-,False,"            5'- GGGAGGGGTGGGAGGACAGACATTT -3'
       rG4seq-K ---------------*---------",OTUD7B|ENSG00000264522.5_2,ENST00000581312.5_1,3UTR
chr1,149914861,149914862,bulges,30,-,chr1:149914862-149914892:-,False,"            5'- GGGGTTTGAGTGCACCTTGGGAGGGGTGGGAGGACAGACA -3'
       rG4seq-K ------------------------------*---------",OTUD7B|ENSG00000264522.5_2,ENST00000581312.5_1,3UTR
chr1,149915296,149915298,potential G-quadruplex & G>=40%,43,-,chr1:149915296-149915356:-,False,"            5'- AAGTTCTTTAGGTTGGGAAAAAGCACATGGTGGAGTGAGAAGTGTGGAGGGGAAGTGGGAAATTGGACAC -3'
       rG4seq-K ----------------------------------------------------------**----------",OTUD7B|ENSG00000264522.5_2,ENST00000581312.5_1,3UTR
chr1,149915392,149915393,longloop,99,-,chr1:149915393-149915423:-,False,"            5'- GGGGGTGGGAGGTGGGCAGAAGTCTTGGGGAGGAATGGGC -3'
       rG4seq-K ------------------------------*---------",OTUD7B|ENSG00000264522.5_2,ENST00000581312.5_1,3UTR
chr1,149915406,149915409,bulges,31,-,chr1:149915407-149915435:-,False,"            5'- GGTTTGGTGTGTGGGGGTGGGAGGTGGGCAGAAGTCTT -3'
       rG4seq-K --------------------------***---------",OTUD7B|ENSG00000264522.5_2,ENST00000581312.5_1,3UTR
chr1,149916667,149916668,canonical/G3L1-7,20,-,chr1:149916668-149916688:-,False,"            5'- GGGGTGGGGACAGGGTTGGGAGGAAGCAGC -3'
       rG4seq-K --------------------*---------",OTUD7B|ENSG00000264522.5_2,ENST00000581312.5_1,CDS
chr1,150191010,150191012,potential G-quadruplex & G>=40%,316,-,chr1:150191010-150191070:-,False,"            5'- ACTTTTAAGACTTATTTAGCTTTGTGGGTGGTATTTTCATGCAAATAAGTAAGGGTGGGTTTTATATTTT -3'
       rG4seq-K ----------------------------------------------------------**----------",ANP32E|ENSG00000143401.14_4,ENST00000583931.5_3;ENST00000616917.4_3;ENST00000629042.2_1,3UTR
chr1,150199024,150199025,bulges,304,-,chr1:150199025-150199062:-,False,"            5'- GAGGAGGAGGAAGAGGAAGAGGAGGATGAGGATGAGGATGAAGATGA -3'
       rG4seq-K -------------------------------------*---------",ANP32E|ENSG00000143401.14_4,ENST00000369114.9_1;ENST00000369115.3_1;ENST00000436748.6_1;ENST00000533654.5_1;ENST00000534220.1_1;ENST00000534437.1_3;ENST00000583931.5_3;ENST00000616917.4_3;ENST00000629042.2_1,CDS
chr1,150208169,150208171,longloop,356,-,chr1:150208170-150208202:-,False,"            5'- GGGTTGGGGGTATTGGGGAAGGCAGGAAAGGGAAAAGGAGAG -3'
       rG4seq-K -------------------------------**---------",ANP32E|ENSG00000143401.14_4,ENST00000369114.9_1;ENST00000369115.3_1;ENST00000436748.6_1;ENST00000532744.2_1;ENST00000533654.5_1;ENST00000534220.1_1;ENST00000583931.5_3;ENST00000629042.2_1,5UTR
chr1,150237901,150237904,canonical/G3L1-7,206,-,chr1:150237902-150237922:-,False,"            5'- GGGGTGTGGGAGGGGCGGGGAGGTTTTCTA -3'
       rG4seq-K ------------------***---------",APH1A|ENSG00000117362.12_3,ENST00000360244.8_2;ENST00000369109.7_2;ENST00000414276.6_1,3UTR
chr1,150237906,150237908,potential G-quadruplex & G>=40%,38,-,chr1:150237906-150237966:-,False,"            5'- GACATCGTAGGGAAGGAGGGGAGATTTTTTTGTAGTTTTTAATTGGGGTGTGGGAGGGGCGGGGAGGTTT -3'
       rG4seq-K ----------------------------------------------------------**----------",APH1A|ENSG00000117362.12_3,ENST00000360244.8_2;ENST00000369109.7_2;ENST00000414276.6_1,3UTR
chr1,150238205,150238206,potential G-quadruplex & G>=40%,380,-,chr1:150238205-150238265:-,False,"            5'- TTCTTTTTTGAGGTGGGGGGAGGGAGGAGGTATATTGGAACTCTTCTAACCTCCTTGGGCTATATTTTCT -3'
       rG4seq-K -----------------------------------------------------------*----------",APH1A|ENSG00000117362.12_3,ENST00000360244.8_2;ENST00000369109.7_2;ENST00000414276.6_1,3UTR
chr1,150547356,150547357,two-quartet,410,-,chr1:150547357-150547387:-,False,"            5'- GGGTTTATAGGGGGAGGAGGAGGCAGGTGGTCTAAGTGCT -3'
       rG4seq-K ------------------------------*---------",MCL1|ENSG00000143384.12_3,ENST00000369026.2_2;ENST00000620947.4_2,3UTR
chr1,150547366,150547367,bulges,390,-,chr1:150547364-150547397:-,False,"            5'- GGGGAGTGGTGGGTTTATAGGGGGAGGAGGAGGCAGGTGGTCT -3'
       rG4seq-K ------------------------------*------------",MCL1|ENSG00000143384.12_3,ENST00000369026.2_2;ENST00000620947.4_2,3UTR
chr1,150547369,150547370,bulges,290,-,chr1:150547368-150547397:-,False,"            5'- GGGGAGTGGTGGGTTTATAGGGGGAGGAGGAGGCAGGTG -3'
       rG4seq-K ---------------------------*-----------",MCL1|ENSG00000143384.12_3,ENST00000369026.2_2;ENST00000620947.4_2,3UTR
chr1,150547372,150547375,longloop,240,-,chr1:150547374-150547409:-,False,"            5'- GGGAAAGGAGGAGGGGAGTGGTGGGTTTATAGGGGGAGGAGGAGG -3'
       rG4seq-K ----------------------------------***--------",MCL1|ENSG00000143384.12_3,ENST00000369026.2_2;ENST00000620947.4_2,3UTR
chr1,150547382,150547385,bulges,106,-,chr1:150547384-150547409:-,False,"            5'- GGGAAAGGAGGAGGGGAGTGGTGGGTTTATAGGGG -3'
       rG4seq-K ------------------------***--------",MCL1|ENSG00000143384.12_3,ENST00000369026.2_2;ENST00000620947.4_2,3UTR
chr1,150595029,150595031,canonical/G3L1-7,246,-,chr1:150595030-150595062:-,False,"            5'- GGGTGGGGGTGGGGTTGAAAGGGTGGGGTGGGAGATATGGAG -3'
       rG4seq-K -------------------------------**---------",ENSA|ENSG00000143420.18_3,ENST00000361532.9_1;ENST00000361631.9_1;ENST00000369014.9_1;ENST00000369016.8_1,3UTR
chr1,150595033,150595036,canonical/G3L1-7,44,-,chr1:150595035-150595062:-,False,"            5'- GGGTGGGGGTGGGGTTGAAAGGGTGGGGTGGGAGATA -3'
       rG4seq-K --------------------------***--------",ENSA|ENSG00000143420.18_3,ENST00000361532.9_1;ENST00000361631.9_1;ENST00000369014.9_1;ENST00000369016.8_1,3UTR
chr1,150596735,150596736,two-quartet,139,-,chr1:150596736-150596765:-,False,"            5'- GGGGAAAGTGGTTAGGGAGGGAGAGGAGGAAGACTGAGA -3'
       rG4seq-K -----------------------------*---------",ENSA|ENSG00000143420.18_3,ENST00000271690.12_1;ENST00000339643.9_1;ENST00000356527.9_1;ENST00000361532.9_1;ENST00000361631.9_1;ENST00000369014.9_1;ENST00000369016.8_1;ENST00000509582.5_1;ENST00000638926.1_2,3UTR
chr1,150596738,150596739,two-quartet,106,-,chr1:150596736-150596765:-,False,"            5'- GGGGAAAGTGGTTAGGGAGGGAGAGGAGGAAGACTGAGA -3'
       rG4seq-K --------------------------*------------",ENSA|ENSG00000143420.18_3,ENST00000271690.12_1;ENST00000339643.9_1;ENST00000356527.9_1;ENST00000361532.9_1;ENST00000361631.9_1;ENST00000369014.9_1;ENST00000369016.8_1;ENST00000509582.5_1;ENST00000638926.1_2,3UTR
chr1,150596743,150596744,bulges,103,-,chr1:150596744-150596765:-,False,"            5'- GGGGAAAGTGGTTAGGGAGGGAGAGGAGGAA -3'
       rG4seq-K ---------------------*---------",ENSA|ENSG00000143420.18_3,ENST00000271690.12_1;ENST00000339643.9_1;ENST00000356527.9_1;ENST00000361532.9_1;ENST00000361631.9_1;ENST00000369014.9_1;ENST00000369016.8_1;ENST00000509582.5_1;ENST00000638926.1_2,3UTR
chr1,150669539,150669541,bulges,36,-,chr1:150669539-150669558:-,False,"            5'- GGACGGGGGTGGGGTGGGGAGAACAGGTG -3'
       rG4seq-K -----------------**----------",GOLPH3L|ENSG00000143457.10_2,ENST00000427665.1_1;ENST00000479757.1_1,5UTR
chr1,150782275,150782277,longloop,19,-,chr1:150782276-150782311:-,False,"            5'- GGGTGGGCGTTGCCTGGGTTCTTGGGAGAGAGGGGAAGAGTCGGG -3'
       rG4seq-K ----------------------------------**---------",ARNT|ENSG00000143437.20_3,ENST00000358595.9_3,3UTR
chr1,150784466,150784469,bulges,99,-,chr1:150784466-150784489:-,False,"            5'- GGGGTGAGGATAAGGGGTGGGGGAGAAAAAATC -3'
       rG4seq-K --------------------***----------",ARNT|ENSG00000143437.20_3,ENST00000354396.6_1;ENST00000358595.9_3;ENST00000471844.6_1;ENST00000505755.5_3;ENST00000515192.5_1,3UTR
chr1,150947194,150947195,canonical/G3L1-7,81,-,chr1:150947195-150947220:-,False,"            5'- GGGCCGGCGGGCGGGCGGAAGAGGGAGGAGAGGCG -3'
       rG4seq-K -------------------------*---------",CERS2|ENSG00000143418.19_2,ENST00000271688.10_1;ENST00000345896.8_1;ENST00000361419.9_1;ENST00000368954.9_1,5UTR
chr1,150947204,150947206,canonical/G3L1-7,34,-,chr1:150947205-150947230:-,False,"            5'- GGGCGGGCGCGGGCCGGCGGGCGGGCGGAAGAGGG -3'
       rG4seq-K ------------------------**---------",CERS2|ENSG00000143418.19_2,ENST00000271688.10_1;ENST00000345896.8_1;ENST00000361419.9_1;ENST00000368954.9_1,5UTR
chr1,151137836,151137839,longloop,66,-,chr1:151137837-151137871:-,False,"            5'- GGGGAGGCGGGGACACAGGGGAAGAGAGAGGGGGAAAGGAATCC -3'
       rG4seq-K --------------------------------***---------",LYSMD1|ENSG00000163155.11_2,ENST00000368908.9_1;ENST00000440902.2_1,5UTR
chr1,151137849,151137851,bulges,28,-,chr1:151137850-151137885:-,False,"            5'- GATGGCGTAGTGCTGGGGAGGCGGGGACACAGGGGAAGAGAGAGG -3'
       rG4seq-K ----------------------------------**---------",LYSMD1|ENSG00000163155.11_2,ENST00000368908.9_1;ENST00000440902.2_1,5UTR
chr1,151137858,151137861,longloop,10,-,chr1:151137859-151137896:-,False,"            5'- GGGAGGGGGCAGATGGCGTAGTGCTGGGGAGGCGGGGACACAGGGGA -3'
       rG4seq-K -----------------------------------***---------",LYSMD1|ENSG00000163155.11_2,ENST00000368908.9_1;ENST00000440902.2_1,5UTR
chr1,151137950,151137952,canonical/G3L1-7,46,-,chr1:151137951-151137978:-,False,"            5'- GGGTGCTTAGGGGAGAATTAGGGAGGGACTGAATACT -3'
       rG4seq-K --------------------------**---------",LYSMD1|ENSG00000163155.11_2,ENST00000368908.9_1;ENST00000440902.2_1,5UTR
chr1,151137965,151137966,bulges,16,-,chr1:151137963-151137995:-,False,"            5'- GGAGTCCAAAGTCGGAGGGGTGCTTAGGGGAGAATTAGGGAG -3'
       rG4seq-K -----------------------------*------------",LYSMD1|ENSG00000163155.11_2,ENST00000368908.9_1;ENST00000440902.2_1,5UTR
chr1,151156861,151156862,G>=40%,987,-,chr1:151156861-151156921:-,False,"            5'- TCCTTCGGGTACAGGAGAGGCAGGGCCAGTCAAGACGGCGAAAGGGGCCCCACTGTGAGCGGCCACTAAC -3'
       rG4seq-K -----------------------------------------------------------*----------",VPS72|ENSG00000163159.12_3,ENST00000354473.4_2;ENST00000368892.8_1;ENST00000491094.6_1;ENST00000496809.5_1;ENST00000640458.1_1,CDS
chr1,151156865,151156866,G>=40%,660,-,chr1:151156865-151156925:-,False,"            5'- ACGTTCCTTCGGGTACAGGAGAGGCAGGGCCAGTCAAGACGGCGAAAGGGGCCCCACTGTGAGCGGCCAC -3'
       rG4seq-K -----------------------------------------------------------*----------",VPS72|ENSG00000163159.12_3,ENST00000354473.4_2;ENST00000368892.8_1;ENST00000491094.6_1;ENST00000496809.5_1;ENST00000640458.1_1,CDS
chr1,151377208,151377209,canonical/G3L1-7,40,-,chr1:151377209-151377231:-,False,"            5'- GGGAGGGTAAAGGGGCTTAGGGAAAAGGGGGC -3'
       rG4seq-K ----------------------*---------",POGZ|ENSG00000143442.21_5,ENST00000271715.6_3;ENST00000358476.7_1;ENST00000368863.6_2;ENST00000392723.5_3;ENST00000409503.5_1;ENST00000531094.5_2,3UTR
chr1,151377223,151377224,longloop,14,-,chr1:151377224-151377247:-,False,"            5'- GGGTGGGAACATGTGAGGGAGGGTAAAGGGGCT -3'
       rG4seq-K -----------------------*---------",POGZ|ENSG00000143442.21_5,ENST00000271715.6_3;ENST00000358476.7_1;ENST00000368863.6_2;ENST00000392723.5_3;ENST00000409503.5_1;ENST00000531094.5_2,3UTR
chr1,151778630,151778632,canonical/G3L1-7,16,-,chr1:151778631-151778649:-,False,"            5'- GGGGGGGTTGGGGGTGGGATTGTGTCCT -3'
       rG4seq-K -----------------**---------",RORC|ENSG00000143365.17_3,ENST00000356728.10_1,3UTR
chr1,151779288,151779289,canonical/G3L1-7,44,-,chr1:151779289-151779312:-,False,"            5'- GGGATTTGGGTGTGGGACTAGGGTACAATGAAG -3'
       rG4seq-K -----------------------*---------",RORC|ENSG00000143365.17_3,ENST00000356728.10_1,3UTR
chr1,151786948,151786949,canonical/G3L1-7,50,-,chr1:151786949-151786969:-,False,"            5'- GGGTCCTGGGGCAGGGCGGGACATCACAGA -3'
       rG4seq-K --------------------*---------",RORC|ENSG00000143365.17_3,ENST00000318247.6_1;ENST00000356728.10_1;ENST00000480719.1_1;ENST00000638901.1_1,non_coding
chr1,153508529,153508532,canonical/G3L1-7,86,-,chr1:153508530-153508553:-,False,"            5'- GGGACTTGGGCGGGCGGGGTGGGCTTGGCCGAG -3'
       rG4seq-K ---------------------***---------",S100A6|ENSG00000197956.9_2,ENST00000368719.8_2;ENST00000368720.6_2;ENST00000496817.5_2,5UTR
chr1,153508534,153508536,canonical/G3L1-7,18,-,chr1:153508535-153508563:-,False,"            5'- GGGCGCGGGCGGGACTTGGGCGGGCGGGGTGGGCTTGG -3'
       rG4seq-K ---------------------------**---------",S100A6|ENSG00000197956.9_2,ENST00000368719.8_2;ENST00000368720.6_2;ENST00000496817.5_2,5UTR
chr1,153538148,153538149,canonical/G3L1-7,12,-,chr1:153538149-153538171:-,False,"            5'- GGGAGGGAGGGGGCTGGGAGGGAATGAGTGGG -3'
       rG4seq-K ----------------------*---------",S100A2|ENSG00000196754.10_2,ENST00000368708.7_1;ENST00000368709.5_1;ENST00000368710.5_1;ENST00000497140.5_1,5UTR
chr1,153585546,153585548,canonical/G3L1-7,142,-,chr1:153585547-153585570:-,False,"            5'- GGGCAGGGCTGGGAGGGAGTGGGACAGATTCTG -3'
       rG4seq-K ----------------------**---------",S100A16|ENSG00000188643.10_2,ENST00000368706.8_1;ENST00000474991.1_1,5UTR
chr1,153585552,153585554,canonical/G3L1-7,72,-,chr1:153585553-153585570:-,False,"            5'- GGGCAGGGCTGGGAGGGAGTGGGACAG -3'
       rG4seq-K ----------------**---------",S100A16|ENSG00000188643.10_2,ENST00000368706.8_1;ENST00000474991.1_1,5UTR
chr1,153591324,153591326,longloop,201,-,chr1:153591325-153591353:-,False,"            5'- GGGGTGGGCAGGGCAGAGCTGATCAGGGCCGAGCAGAA -3'
       rG4seq-K ---------------------------**---------",S100A13|ENSG00000189171.14_3,ENST00000339556.8_1;ENST00000392622.3_1;ENST00000392623.5_1;ENST00000440685.6_1;ENST00000476133.5_1;ENST00000491177.1_1,3UTR
chr1,153777489,153777492,canonical/G3L1-7,24,-,chr1:153777490-153777506:-,False,"            5'- GGGTGGGTGGGAGGGGAACAAGACCC -3'
       rG4seq-K --------------***---------",GATAD2B|ENSG00000143614.9_3,ENST00000368655.4_1;ENST00000637918.1_1,3UTR
chr1,153780586,153780588,bulges,18,-,chr1:153780585-153780606:-,False,"            5'- GTGGTGGGAGAGGGAGGGGGGTTAATGGAAC -3'
       rG4seq-K ------------------**-----------",GATAD2B|ENSG00000143614.9_3,ENST00000368655.4_1;ENST00000637918.1_1,3UTR
chr1,153920371,153920372,canonical/G3L1-7,74,-,chr1:153920372-153920397:-,False,"            5'- GGGCCTGGGGGAACTCAAGGGAGGGCCTAAAGCAC -3'
       rG4seq-K -------------------------*---------",CRTC2|ENSG00000160741.16_2,ENST00000303569.10_1;ENST00000368630.7_1;ENST00000368633.1_1;ENST00000461638.6_1;ENST00000487235.5_1,3UTR
chr1,153931660,153931662,longloop,572,-,chr1:153931661-153931685:-,False,"            5'- GGGGAGGGAGGGCTGTGCATAGGGACATATTCTT -3'
       rG4seq-K -----------------------**---------",AL358472.7|ENSG00000285779.1_1;SLC39A1|ENSG00000143570.17_4,ENST00000310483.10_2;ENST00000356205.8_2;ENST00000368621.5_2;ENST00000368623.7_2;ENST00000537590.5_1;ENST00000617697.4_2;ENST00000621013.4_2;ENST00000648921.1_1,3UTR
chr1,153931673,153931674,potential G-quadruplex & G>=40%,370,-,chr1:153931673-153931733:-,False,"            5'- CGAGGAGCCCAAGGGGGAAGGGCAATGCCTACCCCCAGCGTTATTTTTGGGGAGGGAGGGCTGTGCATAG -3'
       rG4seq-K -----------------------------------------------------------*----------",AL358472.7|ENSG00000285779.1_1;SLC39A1|ENSG00000143570.17_4,ENST00000310483.10_2;ENST00000356205.8_2;ENST00000368621.5_2;ENST00000368623.7_2;ENST00000537590.5_1;ENST00000617697.4_2;ENST00000621013.4_2;ENST00000648921.1_1,3UTR
chr1,153931854,153931857,longloop,428,-,chr1:153931855-153931887:-,False,"            5'- GGGGTGGGGCAGAAATATTTTCTGGGCTGGGGTAGGAGGAAG -3'
       rG4seq-K ------------------------------***---------",AL358472.7|ENSG00000285779.1_1;SLC39A1|ENSG00000143570.17_4,ENST00000310483.10_2;ENST00000356205.8_2;ENST00000368621.5_2;ENST00000368623.7_2;ENST00000537590.5_1;ENST00000617697.4_2;ENST00000621013.4_2;ENST00000648921.1_1,3UTR
chr1,153932475,153932476,bulges,613,-,chr1:153932476-153932502:-,False,"            5'- GGGGAATAGGAAGGAAAGGGGAAGGGAAATACTGAG -3'
       rG4seq-K --------------------------*---------",AL358472.7|ENSG00000285779.1_1;SLC39A1|ENSG00000143570.17_4,ENST00000310483.10_2;ENST00000356205.8_2;ENST00000368621.5_2;ENST00000368623.7_2;ENST00000537590.5_1;ENST00000617697.4_2;ENST00000621013.4_2;ENST00000648921.1_1,3UTR
chr1,153950017,153950018,two-quartet,208,-,chr1:153950018-153950044:-,False,"            5'- GGCTGCGTCGGGGGCGGGAGCGGAGGTGAGCGGGCG -3'
       rG4seq-K --------------------------*---------",AL358472.6|ENSG00000285641.1_1;JTB|ENSG00000143543.14_3,ENST00000271843.8_1;ENST00000356648.5_1;ENST00000368589.5_1;ENST00000461365.1_1;ENST00000471173.1_1;ENST00000648869.1_1,3UTR;5UTR
chr1,153954477,153954479,bulges,333,-,chr1:153954479-153954517:-,False,"            5'- GGAGTGAGCAGGGGAGAAATAGCAGAGGGGCTTGGAGGGTCACATAGG -3'
       rG4seq-K --------------------------------------**--------",AL358472.6|ENSG00000285641.1_1;RAB13|ENSG00000143545.8_3,ENST00000368575.3_1;ENST00000462680.5_1;ENST00000614713.4_1;ENST00000648869.1_1,3UTR
chr1,154521722,154521723,bulges,18,-,chr1:154521722-154521743:-,False,"            5'- GGGAGGGAAGATGAGGTGGGGAGTCTGTACT -3'
       rG4seq-K --------------------*----------",UBE2Q1|ENSG00000160714.9_2,ENST00000292211.4_1,3UTR
chr1,154600396,154600398,bulges,12,-,chr1:154600395-154600424:-,False,"            5'- GAAGGCTACGTGGTGGGGGAGGGTGGGGGGAGGGTCGCG -3'
       rG4seq-K --------------------------**-----------",ADAR|ENSG00000160710.16_5,ENST00000368471.8_3;ENST00000463920.5_1;ENST00000649021.1_1;ENST00000649042.1_1;ENST00000649593.1_1;ENST00000649724.1_1,5UTR
chr1,154897469,154897470,two-quartet,124,-,chr1:154897470-154897482:-,False,"            5'- GGGGGTTGGTGGATATTGGGCA -3'
       rG4seq-K ------------*---------",PMVK|ENSG00000163344.5_2,ENST00000368467.3_1,3UTR
chr1,154897556,154897558,bulges,44,-,chr1:154897556-154897581:-,False,"            5'- GGGGCCTGCTGAGGTGGGGGTGGGGCTGACTCTGC -3'
       rG4seq-K -----------------------**----------",PMVK|ENSG00000163344.5_2,ENST00000368467.3_1,3UTR
chr1,154917197,154917201,longloop,115,-,chr1:154917199-154917242:-,False,"            5'- GGGGGAGATGGGAGAGGAGCCTGTTTTGGGGTGGGGTCTGGGGAAGGCAATCT -3'
       rG4seq-K -----------------------------------------****--------",PBXIP1|ENSG00000163346.16_3,ENST00000368463.7_2;ENST00000368465.5_2,3UTR
chr1,154929950,154929951,two-quartet,42,-,chr1:154929951-154929980:-,False,"            5'- GGGGTGGGGAAGGCAGGCATGGGGTGTGGCCCTCGGAGA -3'
       rG4seq-K -----------------------------*---------",PYGO2|ENSG00000163348.3_3,ENST00000368457.2_1,3UTR
chr1,154930228,154930230,bulges,74,-,chr1:154930229-154930248:-,False,"            5'- GGGTAGGGGATGCGGCGGGATCCTCATTG -3'
       rG4seq-K ------------------**---------",PYGO2|ENSG00000163348.3_3,ENST00000368457.2_1,3UTR
chr1,154935436,154935438,canonical/G3L1-7,102,-,chr1:154935436-154935454:-,False,"            5'- GGGAGGGCGGGGTGGGGGTGACTGAATT -3'
       rG4seq-K ----------------**----------",PYGO2|ENSG00000163348.3_3;SHC1|ENSG00000160691.18_4,ENST00000368445.9_1;ENST00000368449.8_1;ENST00000368450.5_2;ENST00000368453.8_1;ENST00000448116.6_2;ENST00000483463.1_1,3UTR;non_coding
chr1,154942611,154942612,longloop,69,-,chr1:154942612-154942648:-,False,"            5'- GGGCGCAGGACTCGGGTGGAAGGGGGCCAGCTTGGGGGCGAGGAGT -3'
       rG4seq-K ------------------------------------*---------",SHC1|ENSG00000160691.18_4,ENST00000366442.2_1;ENST00000368445.9_1;ENST00000368449.8_1;ENST00000368450.5_2;ENST00000368453.8_1;ENST00000412170.5_3;ENST00000448116.6_2,CDS
chr1,155112743,155112745,canonical/G3L1-7,162,-,"chr1:155112966-155112991:-,chr1:155112744-155112747:-",True,"            5'- GGGGAAGGGGAGACGTGGGGTAGAGGGGAGCATTGCTT -3'
       rG4seq-K ---------------------------**---------",DPM3|ENSG00000179085.7_2,ENST00000341298.3_1;ENST00000368399.1_1;ENST00000368400.4_1,5UTR;CDS
chr1,155112970,155112973,canonical/G3L1-7,289,-,chr1:155112971-155113000:-,False,"            5'- GGGCCGCGCGGGGAAGGGGAGACGTGGGGTAGAGGGGAG -3'
       rG4seq-K ---------------------------***---------",DPM3|ENSG00000179085.7_2,ENST00000341298.3_1;ENST00000368400.4_1,5UTR
chr1,155145354,155145356,longloop,581,-,"chr1:155145684-155145708:-,chr1:155145355-155145368:-",True,"            5'- GGGGCATGATGGGTAACAGGACCGTGGTGGGTACGGGCACCTCGCTG -3'
       rG4seq-K ------------------------------------**---------",AL713999.1|ENSG00000273088.1_6;KRTCAP2|ENSG00000163463.11_3,ENST00000295682.4_1;ENST00000461136.5_1;ENST00000471891.5_1;ENST00000473363.2_1;ENST00000482246.5_1;ENST00000487350.5_1;ENST00000490672.1_1;ENST00000491084.5_1;ENST00000492892.1_1;ENST00000497317.5_1,3UTR;CDS
chr1,155145360,155145362,bulges,329,-,"chr1:155145684-155145712:-,chr1:155145361-155145368:-",True,"            5'- GGGCGGGGCATGATGGGTAACAGGACCGTGGTGGGTACGGGCACC -3'
       rG4seq-K ----------------------------------**---------",AL713999.1|ENSG00000273088.1_6;KRTCAP2|ENSG00000163463.11_3,ENST00000295682.4_1;ENST00000461136.5_1;ENST00000471891.5_1;ENST00000473363.2_1;ENST00000482246.5_1;ENST00000487350.5_1;ENST00000490672.1_1;ENST00000491084.5_1;ENST00000492892.1_1;ENST00000497317.5_1,3UTR;CDS
chr1,155225194,155225196,bulges,28,-,chr1:155225195-155225222:-,False,"            5'- GCGGAGCGTGGTGGGGAGGGGAGCGGGACAGGCGACA -3'
       rG4seq-K --------------------------**---------",FAM189B|ENSG00000160767.20_4,ENST00000481822.1_1;ENST00000621094.4_1,5UTR
chr1,155238905,155238907,canonical/G3L1-7,20,-,chr1:155238905-155238927:-,False,"            5'- GGGCTTGGGTGGGGGCAAGGGGAGATCTGTGT -3'
       rG4seq-K --------------------**----------",CLK2|ENSG00000176444.18_2,ENST00000355560.4_1;ENST00000361168.9_1;ENST00000368361.8_1;ENST00000471047.1_1;ENST00000476983.5_1;ENST00000497188.1_1,non_coding
chr1,155243095,155243096,canonical/G3L1-7,17,-,chr1:155243096-155243115:-,False,"            5'- GGGTCCCGGGTTGGGGGGGTGGAGCAGCA -3'
       rG4seq-K -------------------*---------",CLK2|ENSG00000176444.18_2,ENST00000355560.4_1;ENST00000368361.8_1;ENST00000471047.1_1;ENST00000476983.5_1,5UTR
chr1,155305658,155305660,canonical/G3L1-7,59,-,chr1:155305659-155305687:-,False,"            5'- GGGAGGTGGGACTAGGGGCACTTTGGGGGTCTCCTTTT -3'
       rG4seq-K ---------------------------**---------",ASH1L|ENSG00000116539.12_4,ENST00000368346.7_2,3UTR
chr1,155305668,155305671,canonical/G3L1-7,29,-,chr1:155305669-155305695:-,False,"            5'- GGGTGGGAGGGAGGTGGGACTAGGGGCACTTTGGGG -3'
       rG4seq-K ------------------------***---------",ASH1L|ENSG00000116539.12_4,ENST00000368346.7_2,3UTR
chr1,155305676,155305677,canonical/G3L1-7,11,-,chr1:155305677-155305701:-,False,"            5'- GGGAGTGGGTGGGAGGGAGGTGGGACTAGGGGCA -3'
       rG4seq-K ------------------------*---------",ASH1L|ENSG00000116539.12_4,ENST00000368346.7_2,3UTR
chr1,155307333,155307334,canonical/G3L1-7,36,-,chr1:155307333-155307360:-,False,"            5'- GGGTCCATCTGGGCAAGGGGAATGGGGCCATGTTGTT -3'
       rG4seq-K --------------------------*----------",ASH1L|ENSG00000116539.12_4,ENST00000368346.7_2;ENST00000392403.7_1,3UTR
chr1,155307339,155307342,canonical/G3L1-7,28,-,chr1:155307340-155307370:-,False,"            5'- GGGGTGGGAAGGGTCCATCTGGGCAAGGGGAATGGGGCCA -3'
       rG4seq-K ----------------------------***---------",ASH1L|ENSG00000116539.12_4,ENST00000368346.7_2;ENST00000392403.7_1,3UTR
chr1,155658494,155658498,canonical/G3L1-7,18,-,chr1:155658495-155658513:-,False,"            5'- GGGCGGGGAGGGAGGGGGAGGAGAGAAG -3'
       rG4seq-K ---------------****---------",YY1AP1|ENSG00000163374.19_4,ENST00000295566.8_2;ENST00000355499.8_1;ENST00000359205.9_1;ENST00000361140.8_1;ENST00000361831.9_1;ENST00000368330.6_1;ENST00000404643.5_1;ENST00000407221.5_1;ENST00000436865.5_1;ENST00000476027.5_1;ENST00000476093.5_1,5UTR
chr1,156006049,156006050,bulges,60,-,chr1:156006049-156006083:-,False,"            5'- GGGAATGAGATTATTCGGAGGAAGGGAATGGGGGAGACAGCCTG -3'
       rG4seq-K ---------------------------------*----------",UBQLN4|ENSG00000160803.7_2,ENST00000368309.3_1,3UTR
chr1,156020928,156020930,longloop,23,-,chr1:156020929-156020958:-,False,"            5'- GGGGGGCCCTCTCCGGGGGCTGGGGAGGGATCCCCCAGT -3'
       rG4seq-K ----------------------------**---------",UBQLN4|ENSG00000160803.7_2,ENST00000368309.3_1;ENST00000472638.1_1,CDS
chr1,156220200,156220202,longloop,69,-,chr1:156220200-156220233:-,False,"            5'- GGGAGGGCCCAGGAGCCGGCTGGGAGGGTGGGGTCCCTTTGTT -3'
       rG4seq-K -------------------------------**----------",SMG5|ENSG00000198952.8_2,ENST00000361813.5_1;ENST00000476954.1_1,3UTR
chr1,156262620,156262621,longloop,226,-,chr1:156262621-156262651:-,False,"            5'- GGGGACTTTGGAGGCGGGCAGGGGACAGGGCTATTGATAA -3'
       rG4seq-K ------------------------------*---------",GLMP|ENSG00000198715.12_5,ENST00000362007.5_1;ENST00000461597.1_1;ENST00000472870.5_1;ENST00000481050.1_3;ENST00000482579.1_1;ENST00000612353.4_3;ENST00000614643.4_1;ENST00000622703.4_2;ENST00000647767.1_1,3UTR
chr1,156262626,156262628,bulges,147,-,chr1:156262627-156262652:-,False,"            5'- GGGGGACTTTGGAGGCGGGCAGGGGACAGGGCTAT -3'
       rG4seq-K ------------------------**---------",GLMP|ENSG00000198715.12_5,ENST00000362007.5_1;ENST00000461597.1_1;ENST00000472870.5_1;ENST00000481050.1_3;ENST00000482579.1_1;ENST00000612353.4_3;ENST00000614643.4_1;ENST00000622703.4_2;ENST00000647767.1_1,3UTR
chr1,156436339,156436340,longloop,28,-,chr1:156436340-156436364:-,False,"            5'- GGGATGGTCTGTGGGGTGGGAGGGCCTACGGATG -3'
       rG4seq-K ------------------------*---------",MEF2D|ENSG00000116604.17_4,ENST00000348159.8_2;ENST00000360595.7_2;ENST00000368240.6_1;ENST00000464356.6_3,3UTR
chr1,156565080,156565081,two-quartet,266,-,chr1:156565081-156565102:-,False,"            5'- GGCAGCAACAGGAGGAGGAGGACTTGAACCT -3'
       rG4seq-K ---------------------*---------",GPATCH4|ENSG00000160818.16_3,ENST00000368232.8_1;ENST00000438976.6_1,CDS
chr1,156571263,156571264,potential G-quadruplex & G>=40%,40,-,chr1:156571263-156571323:-,False,"            5'- GGTTCCCGCGGACGTCTCTATGGTTTCGACAGCCTAGAAGGAACAAAACGGCATTTCCGGGAAGATGGCG -3'
       rG4seq-K -----------------------------------------------------------*----------",GPATCH4|ENSG00000160818.16_3,ENST00000368232.8_1;ENST00000415314.6_2;ENST00000506832.6_1;ENST00000525375.1_1;ENST00000527691.5_1;ENST00000531129.5_1,5UTR
chr1,156611657,156611660,canonical/G3L1-7,17,-,chr1:156611658-156611687:-,False,"            5'- GGGAGGAGGGGCAGGAGGGGCGGGGAGGGAGCGTTCGCC -3'
       rG4seq-K ---------------------------***---------",AL365181.3|ENSG00000272405.1_5,ENST00000605886.1_1,non_coding
chr1,156639064,156639066,canonical/G3L1-7,17,-,chr1:156639065-156639090:-,False,"            5'- GGGGACTTAGGGGTGCGGGGAGGGGAAGGACGCCT -3'
       rG4seq-K ------------------------**---------",NES|ENSG00000132688.10_2,ENST00000368223.3_1,3UTR
chr1,156640650,156640653,canonical/G3L1-7,11,-,chr1:156640651-156640677:-,False,"            5'- GGGGCAGGGGGTGGGAGGGCTGGGGGACCCAGGCCA -3'
       rG4seq-K ------------------------***---------",NES|ENSG00000132688.10_2,ENST00000368223.3_1,CDS
chr1,156708140,156708144,bulges,476,-,chr1:156708143-156708160:-,False,"            5'- GGGTGGTCGTGGGAGGGCTGAACACAC -3'
       rG4seq-K ----------------**-*-------",MRPL24|ENSG00000143314.12_3,ENST00000361531.6_1;ENST00000368211.8_1;ENST00000412846.5_3;ENST00000434558.5_1,CDS
chr1,156710893,156710895,bulges,89,-,chr1:156710893-156710912:-,False,"            5'- GGGCGTGGCGGGGGAGGGGACGCTGAGGG -3'
       rG4seq-K -----------------**----------",MRPL24|ENSG00000143314.12_3,ENST00000368211.8_1;ENST00000434558.5_1,5UTR
chr1,156712671,156712673,longloop,925,-,chr1:156712671-156712701:-,False,"            5'- GGGAAAGTGGGACAGCTTGTAGGGGAGGGGCTCCTTTCCA -3'
       rG4seq-K ----------------------------**----------",HDGF|ENSG00000143321.18_2,ENST00000357325.9_1;ENST00000368209.9_1;ENST00000465180.5_1;ENST00000537739.5_1,3UTR
chr1,156712759,156712760,bulges,785,-,chr1:156712760-156712783:-,False,"            5'- GGGGTGGGGGCAGCACAGGAGGGCGGCCTCCTT -3'
       rG4seq-K -----------------------*---------",HDGF|ENSG00000143321.18_2,ENST00000357325.9_1;ENST00000368209.9_1;ENST00000465180.5_1;ENST00000537739.5_1,3UTR
chr1,156712773,156712776,longloop,534,-,chr1:156712773-156712812:-,False,"            5'- GGGGCCTGGGAGGGGCAATCCTCAAATGCGGGGTGGGGGCAGCACAGGA -3'
       rG4seq-K ------------------------------------***----------",HDGF|ENSG00000143321.18_2,ENST00000357325.9_1;ENST00000368209.9_1;ENST00000465180.5_1;ENST00000537739.5_1,3UTR
chr1,156712779,156712780,potential G-quadruplex & G>=40%,403,-,chr1:156712779-156712839:-,False,"            5'- GGAGCATCAACAGCAGGGTGGGCTTGTGGGGCCTGGGAGGGGCAATCCTCAAATGCGGGGTGGGGGCAGC -3'
       rG4seq-K -----------------------------------------------------------*----------",HDGF|ENSG00000143321.18_2,ENST00000357325.9_1;ENST00000368209.9_1;ENST00000465180.5_1;ENST00000537739.5_1,3UTR
chr1,156712796,156712799,canonical/G3L1-7,176,-,chr1:156712797-156712820:-,False,"            5'- GGGCTTGTGGGGCCTGGGAGGGGCAATCCTCAA -3'
       rG4seq-K ---------------------***---------",HDGF|ENSG00000143321.18_2,ENST00000357325.9_1;ENST00000368209.9_1;ENST00000465180.5_1;ENST00000537739.5_1,3UTR
chr1,156712801,156712803,two-quartet,86,-,chr1:156712803-156712824:-,False,"            5'- GGGTGGGCTTGTGGGGCCTGGGAGGGGCAAT -3'
       rG4seq-K ---------------------**--------",HDGF|ENSG00000143321.18_2,ENST00000357325.9_1;ENST00000368209.9_1;ENST00000465180.5_1;ENST00000537739.5_1,3UTR
chr1,156721505,156721508,bulges,79,-,chr1:156721503-156721526:-,False,"            5'- GGGGACCGGGCGGGGGGTGGAGGAAGAGGCCTC -3'
       rG4seq-K ------------------***------------",HDGF|ENSG00000143321.18_2,ENST00000357325.9_1;ENST00000368206.5_1;ENST00000368209.9_1;ENST00000465180.5_1;ENST00000471377.5_1,5UTR
chr1,157092127,157092129,canonical/G3L1-7,15,-,chr1:157092128-157092152:-,False,"            5'- GGGGTTGGGGTTGGGAGGGGAGGGTCCTTATACA -3'
       rG4seq-K -----------------------**---------",ETV3|ENSG00000117036.11_2,ENST00000368192.8_1,3UTR
chr1,157094545,157094546,canonical/G3L1-7,57,-,chr1:157094546-157094561:-,False,"            5'- GGGTGGGGGGGAGGGAGTTAAACTG -3'
       rG4seq-K ---------------*---------",ETV3|ENSG00000117036.11_2,ENST00000368192.8_1,3UTR
chr1,159887950,159887952,potential G-quadruplex & G>=40%,2101,-,chr1:159887950-159888010:-,False,"            5'- TGTGGCTAAGGGGTGGGGTGAGGGGATGGAGAGGGAGGGCTGCCTACCATGGTCTGGGGCTTGAGGAAGA -3'
       rG4seq-K ----------------------------------------------------------**----------",TAGLN2|ENSG00000158710.14_2,ENST00000368096.5_1;ENST00000368097.8_1,3UTR
chr1,159887970,159887972,canonical/G3L1-7,1401,-,chr1:159887971-159887996:-,False,"            5'- GGGGTGAGGGGATGGAGAGGGAGGGCTGCCTACCA -3'
       rG4seq-K ------------------------**---------",TAGLN2|ENSG00000158710.14_2,ENST00000368096.5_1;ENST00000368097.8_1,3UTR
chr1,159887974,159887976,bulges,734,-,chr1:159887976-159888001:-,False,"            5'- GGGGTGGGGTGAGGGGATGGAGAGGGAGGGCTGCC -3'
       rG4seq-K -------------------------**--------",TAGLN2|ENSG00000158710.14_2,ENST00000368096.5_1;ENST00000368097.8_1,3UTR
chr1,159887980,159887981,two-quartet,678,-,chr1:159887981-159888007:-,False,"            5'- GGCTAAGGGGTGGGGTGAGGGGATGGAGAGGGAGGG -3'
       rG4seq-K --------------------------*---------",TAGLN2|ENSG00000158710.14_2,ENST00000368096.5_1;ENST00000368097.8_1,3UTR
chr1,159887984,159887987,bulges,589,-,chr1:159887985-159888009:-,False,"            5'- GTGGCTAAGGGGTGGGGTGAGGGGATGGAGAGGG -3'
       rG4seq-K ----------------------***---------",TAGLN2|ENSG00000158710.14_2,ENST00000368096.5_1;ENST00000368097.8_1,3UTR
chr1,160068409,160068411,canonical/G3L1-7,88,-,chr1:160068409-160068429:-,False,"            5'- GGGAGGGGCGGAGGGAGGGGATTCGGCAGC -3'
       rG4seq-K ------------------**----------",IGSF8|ENSG00000162729.13_4,ENST00000314485.11_4;ENST00000368086.5_4;ENST00000448417.1_4;ENST00000614243.4_4,5UTR
chr1,160185568,160185572,bulges,106,-,chr1:160185571-160185593:-,False,"            5'- GCTGGTGGGGTGATAGGGTGGGCTAAAAACCA -3'
       rG4seq-K ---------------------**-*-------",DCAF8|ENSG00000132716.18_5,ENST00000326837.6_1;ENST00000368073.7_1;ENST00000368074.5_1,3UTR
chr1,160186673,160186676,canonical/G3L1-7,140,-,chr1:160186674-160186703:-,False,"            5'- GGGAGGCTGGGAAGAGGTGGGAGGAGGGGCAGAAGTGAA -3'
       rG4seq-K ---------------------------***---------",AL139011.2|ENSG00000258465.7_6;DCAF8|ENSG00000132716.18_5,ENST00000326837.6_1;ENST00000368073.7_1;ENST00000368074.5_1;ENST00000477163.1_1;ENST00000647676.1_1,3UTR;CDS
chr1,160186988,160186989,bulges,150,-,chr1:160186988-160187032:-,False,"            5'- GGGGGAGGGGTGGGGGGAACAACTGGCTATTCAGTACCAAGGGGCCAGAGTGGA -3'
       rG4seq-K -------------------------------------------*----------",AL139011.2|ENSG00000258465.7_6;DCAF8|ENSG00000132716.18_5,ENST00000326837.6_1;ENST00000368073.7_1;ENST00000368074.5_1;ENST00000473382.2_1;ENST00000477163.1_1;ENST00000647676.1_1,3UTR;non_coding
chr1,160187014,160187018,canonical/G3L1-7,57,-,chr1:160187015-160187037:-,False,"            5'- GGGCTGGGGGAGGGGTGGGGGGAACAACTGGC -3'
       rG4seq-K -------------------****---------",AL139011.2|ENSG00000258465.7_6;DCAF8|ENSG00000132716.18_5,ENST00000326837.6_1;ENST00000368073.7_1;ENST00000368074.5_1;ENST00000473382.2_1;ENST00000477163.1_1;ENST00000647676.1_1,3UTR
chr1,160251914,160251915,bulges,125,-,chr1:160251915-160251942:-,False,"            5'- GGCATGGACGAAGGGGATGGGGAAGGGAACATCCTCC -3'
       rG4seq-K ---------------------------*---------",AL139011.2|ENSG00000258465.7_6;PEX19|ENSG00000162735.18_3,ENST00000368072.9_1;ENST00000392220.2_1;ENST00000462644.5_1;ENST00000472750.5_1;ENST00000485079.1_3;ENST00000495624.1_1;ENST00000532508.5_1;ENST00000532516.1_1;ENST00000532643.5_1;ENST00000533104.1_1;ENST00000533699.5_1;ENST00000556710.5_3,3UTR;CDS
chr1,160275271,160275272,potential G-triplex & G>=40%,263,-,chr1:160275271-160275331:-,False,"            5'- CTTTATGTAACATTCATGAGAACATTCGTGTCAAGAGTGGGGCCTGGGATGAGAGTGGGGTATTTATCTA -3'
       rG4seq-K -----------------------------------------------------------*----------",COPA|ENSG00000122218.15_3,ENST00000241704.7_1;ENST00000368069.7_1;ENST00000481522.1_1;ENST00000647683.1_1;ENST00000647693.1_1;ENST00000647799.1_1;ENST00000647899.1_1;ENST00000648501.1_1;ENST00000648632.1_1;ENST00000648805.1_1;ENST00000649231.1_1;ENST00000649676.1_1;ENST00000649787.1_1;ENST00000649963.1_1;ENST00000650154.1_1,3UTR;CDS
chr1,161011509,161011511,longloop,69,-,chr1:161011510-161011541:-,False,"            5'- GGGAGATGGGGCAGGGGGTACCACATCGGGGAGTACAGCTG -3'
       rG4seq-K ------------------------------**---------",USF1|ENSG00000158773.14_3,ENST00000368019.5_1;ENST00000368020.5_1;ENST00000368021.7_1;ENST00000473969.6_1;ENST00000491629.5_1;ENST00000496363.5_1;ENST00000528768.5_1;ENST00000529476.1_1;ENST00000531842.1_1;ENST00000534633.5_2,3UTR;CDS
chr1,161087754,161087755,bulges,684,-,chr1:161087753-161087780:-,False,"            5'- GGGAGCGGCGCGGGGAAGGGGGCGGTGTCCGCAGAGC -3'
       rG4seq-K -------------------------*-----------",PFDN2|ENSG00000143256.4_2,ENST00000368010.3_1;ENST00000468311.1_1,CDS
chr1,165631654,165631656,bulges,281,-,chr1:165631656-165631687:-,False,"            5'- GGGATAGGGAGGGGATTAGATAATAGATGGGGTCAAATTCT -3'
       rG4seq-K -------------------------------**--------",ALDH9A1|ENSG00000143149.12_2,ENST00000354775.4_1,3UTR
chr1,165738126,165738127,potential G-quadruplex & G>=40%,62,-,chr1:165738126-165738186:-,False,"            5'- ACTCTCGTGGCCACACCGTTCTCCGATACGAGCCTTTCCGGTGCTATGCCCCGGAAGCGGAAGTGCGATC -3'
       rG4seq-K -----------------------------------------------------------*----------",TMCO1|ENSG00000143183.16_3,ENST00000367881.9_1;ENST00000392129.10_2;ENST00000465705.3_1;ENST00000580248.5_1;ENST00000612311.4_1;ENST00000628579.1_1,5UTR;CDS
chr1,167905203,167905205,longloop,112,-,chr1:167905204-167905228:-,False,"            5'- GGGCAGGGAAAGCCGCGGGAAGGGTACTCCAGGC -3'
       rG4seq-K -----------------------**---------",MPC2|ENSG00000143158.10_2,ENST00000271373.8_1;ENST00000367846.8_1;ENST00000458574.1_1,5UTR
chr1,168665733,168665735,longloop,28,-,chr1:168665734-168665766:-,False,"            5'- GGGTGAAAGGAAAGGGGCCGGGGACAGGAGGGTGTCCACATA -3'
       rG4seq-K -------------------------------**---------",AL135926.1|ENSG00000285622.1_1;DPT|ENSG00000143196.4_3,ENST00000367817.3_1;ENST00000650631.1_1,3UTR;non_coding
chr1,176176167,176176169,bulges,26,-,chr1:176176168-176176190:-,False,"            5'- GGGGAGGGGAGGCGGCGGAGGGTCGAGGTCGC -3'
       rG4seq-K ---------------------**---------",COP1|ENSG00000143207.20_5,ENST00000367669.7_3;ENST00000474194.1_1,5UTR
chr1,179070963,179070964,canonical/G3L1-7,40,-,chr1:179070964-179070986:-,False,"            5'- GGGTGGGATTCAGGGCTGTGGGACAAGCTACA -3'
       rG4seq-K ----------------------*---------",ABL2|ENSG00000143322.19_3,ENST00000502732.5_1,3UTR
chr1,179074308,179074309,potential G-quadruplex & G>=40%,38,-,chr1:179074308-179074368:-,False,"            5'- GTTTTCTTGCCCAACAACAATCTGAAGGGTAGGGGGTGGGGGCTGTGTCTTACTCAGGGGCAGCACCTAG -3'
       rG4seq-K -----------------------------------------------------------*----------",ABL2|ENSG00000143322.19_3,ENST00000344730.7_2;ENST00000502732.5_1,3UTR
chr1,180942945,180942946,potential G-quadruplex & G>=40%,58,-,chr1:180942945-180943005:-,False,"            5'- AGCTCAATTTATGTTTATTGGAAGAACATTTTACTTAAATGATTTGAGGGGTGGGAGGGAGTGAACTACT -3'
       rG4seq-K -----------------------------------------------------------*----------",AL162431.2|ENSG00000243155.1_6;STX6|ENSG00000135823.13_3,ENST00000258301.5_1;ENST00000358073.2_1;ENST00000469135.1_1;ENST00000542060.5_1,3UTR;non_coding
chr1,180944737,180944739,bulges,127,-,chr1:180944738-180944759:-,False,"            5'- GGGGGTTGGGGTTGGGAGTGGTTAGTACATT -3'
       rG4seq-K --------------------**---------",AL162431.2|ENSG00000243155.1_6;STX6|ENSG00000135823.13_3,ENST00000258301.5_1;ENST00000358073.2_1;ENST00000469135.1_1;ENST00000542060.5_1,3UTR;non_coding
chr1,180944742,180944744,longloop,86,-,chr1:180944743-180944773:-,False,"            5'- GGGCACTCTACACTGGGGGTTGGGGTTGGGAGTGGTTAGT -3'
       rG4seq-K -----------------------------**---------",AL162431.2|ENSG00000243155.1_6;STX6|ENSG00000135823.13_3,ENST00000258301.5_1;ENST00000358073.2_1;ENST00000469135.1_1;ENST00000542060.5_1,3UTR;non_coding
chr1,180991870,180991872,canonical/G3L1-7,34,-,chr1:180991871-180991896:-,False,"            5'- GGGAACAGGCGGGGTGGGCGGAGGGAGACCGGGAG -3'
       rG4seq-K ------------------------**---------",STX6|ENSG00000135823.13_3,ENST00000258301.5_1;ENST00000542060.5_1,5UTR
chr1,182353052,182353054,bulges,79,-,chr1:182353053-182353082:-,False,"            5'- GGGAATTAGGAGAGAAGGTAGGGGTTGGGAATCAGAGAG -3'
       rG4seq-K ----------------------------**---------",GLUL|ENSG00000135821.18_4,ENST00000311223.9_1;ENST00000331872.10_1;ENST00000339526.8_1;ENST00000417584.6_1;ENST00000491322.1_1;ENST00000642379.1_1,3UTR
chr1,182353282,182353284,bulges,56,-,chr1:182353280-182353300:-,False,"            5'- GTGGGGAGGAGGGTGGGGAGACATAACCAC -3'
       rG4seq-K ----------------**------------",GLUL|ENSG00000135821.18_4,ENST00000311223.9_1;ENST00000331872.10_1;ENST00000339526.8_1;ENST00000417584.6_1;ENST00000491322.1_1;ENST00000642379.1_1,3UTR
chr1,183604849,183604851,canonical/G3L1-7,401,-,chr1:183604850-183604873:-,False,"            5'- GGGTAGTGGGTTGCTGGGCTGGGCTTGCTGAGG -3'
       rG4seq-K ----------------------**---------",ARPC5|ENSG00000162704.15_3,ENST00000294742.6_1;ENST00000359856.10_1,5UTR
chr1,184763832,184763834,bulges,53,-,chr1:184763833-184763867:-,False,"            5'- GGGGTGAGAGGGAGCTGAGGATGTCTGAGGAGGGAATAGTATTG -3'
       rG4seq-K ---------------------------------**---------",FAM129A|ENSG00000135842.16_2,ENST00000367511.3_1;ENST00000417056.5_1;ENST00000487074.5_1,3UTR
chr1,185267078,185267080,potential G-quadruplex & G>=40%,483,-,chr1:185267078-185267138:-,False,"            5'- GCTTAGTGATGTAATTATGGTTAGTAGAGGTACACTTGTGAATAAAGAGGGTGGGTGGGTATAGATGTTG -3'
       rG4seq-K ----------------------------------------------------------**----------",IVNS1ABP|ENSG00000116679.15_2,ENST00000367498.7_1;ENST00000459929.5_1;ENST00000475046.5_1;ENST00000480769.5_1,3UTR
chr1,186283126,186283127,two-quartet,224,-,chr1:186283127-186283142:-,False,"            5'- GGGAGGGAGAGGAGGAATAAACAGA -3'
       rG4seq-K ---------------*---------",TPR|ENSG00000047410.13_2,ENST00000367478.8_1,CDS
chr1,192981812,192981813,bulges,47,-,chr1:192981811-192981831:-,False,"            5'- GGGAAAAGGGGTGGGAGGAGCTGAGGTTTG -3'
       rG4seq-K ------------------*-----------",UCHL5|ENSG00000116750.13_4,ENST00000367455.8_1,3UTR
chr1,192981815,192981816,potential G-quadruplex & G>=40%,36,-,chr1:192981815-192981875:-,False,"            5'- GTAATACAACTTTTCAAATAGTAGTATGAATGGTAAAAAAAATAGGGAAAAGGGGTGGGAGGAGCTGAGG -3'
       rG4seq-K -----------------------------------------------------------*----------",UCHL5|ENSG00000116750.13_4,ENST00000367455.8_1,3UTR
chr1,201104552,201104553,canonical/G3L1-7,255,-,chr1:201104551-201104577:-,False,"            5'- GGGTCTTTGGGGTTGAAGGGAGGGGGAAGGCAGGCC -3'
       rG4seq-K ------------------------*-----------",TMEM9|ENSG00000116857.16_3,ENST00000367330.5_1;ENST00000367332.5_1;ENST00000367333.6_1;ENST00000367334.9_1;ENST00000472411.1_1,3UTR
chr1,201123518,201123520,canonical/G3L1-7,14,-,chr1:201123519-201123552:-,False,"            5'- GGGAGGGGACGGGGGTCGCGGGGCTATTGGGGGTCCCAGTCCG -3'
       rG4seq-K --------------------------------**---------",TMEM9|ENSG00000116857.16_3,ENST00000367330.5_1;ENST00000367332.5_1;ENST00000367333.6_1;ENST00000367334.9_1;ENST00000414605.2_3;ENST00000435310.5_3;ENST00000485839.6_1;ENST00000497582.5_1,5UTR
chr1,201123598,201123601,bulges,286,-,chr1:201123599-201123625:-,False,"            5'- GCTAGGAGAGGGCGGGGACAACTGGGTCTTTTGCGG -3'
       rG4seq-K ------------------------*-*---------",TMEM9|ENSG00000116857.16_3,ENST00000367332.5_1;ENST00000367333.6_1;ENST00000367334.9_1,5UTR
chr1,201434685,201434686,bulges,39,-,chr1:201434685-201434714:-,False,"            5'- GGCCTGAAGGTGGTGGGGGTGAGGGGGGGTTTGGCCATT -3'
       rG4seq-K ----------------------------*----------",PHLDA3|ENSG00000174307.6_2,ENST00000367311.4_1,3UTR
chr1,201452778,201452780,canonical/G3L1-7,817,-,chr1:201452779-201452802:-,False,"            5'- GGGAGGAAGGGGAAAGGGCTGGGCCTCACCGCT -3'
       rG4seq-K ----------------------**---------",CSRP1|ENSG00000159176.13_2,ENST00000340006.6_1;ENST00000367306.5_1;ENST00000527662.5_1;ENST00000532313.5_1;ENST00000533402.5_1,3UTR
chr1,201452789,201452791,two-quartet,745,-,chr1:201452790-201452818:-,False,"            5'- GGTTAGGAATAGTGGTGGGAGGAAGGGGAAAGGGCTGG -3'
       rG4seq-K ---------------------------**---------",CSRP1|ENSG00000159176.13_2,ENST00000340006.6_1;ENST00000367306.5_1;ENST00000527662.5_1;ENST00000532313.5_1;ENST00000533402.5_1,3UTR
chr1,201453410,201453411,two-quartet,937,-,chr1:201453411-201453429:-,False,"            5'- GGAGGGGGGAAGGCTGGGTTTTTTGGAT -3'
       rG4seq-K ------------------*---------",CSRP1|ENSG00000159176.13_2,ENST00000340006.6_1;ENST00000367306.5_1;ENST00000526256.5_1;ENST00000527662.5_1;ENST00000531916.5_1;ENST00000532313.5_1;ENST00000532460.5_1;ENST00000533402.5_1,3UTR
chr1,201453421,201453423,potential G-quadruplex & G>=40%,796,-,chr1:201453421-201453481:-,False,"            5'- CAGAGGAGCAGCAGCAACAGGCTGGAGGGAGAGGGAAGCAAGACCAAGATGAGGAGGGGGGAAGGCTGGG -3'
       rG4seq-K ----------------------------------------------------------**----------",CSRP1|ENSG00000159176.13_2,ENST00000340006.6_1;ENST00000367306.5_1;ENST00000526256.5_1;ENST00000527662.5_1;ENST00000531916.5_1;ENST00000532313.5_1;ENST00000532460.5_1;ENST00000533402.5_1,3UTR
chr1,202113714,202113717,longloop,31,-,chr1:202113715-202113754:-,False,"            5'- GGGCAGCGAGGGGCGGCGGGGACCTGGCACCGGGCGGGGCCGGCGGCAG -3'
       rG4seq-K -------------------------------------***---------",ARL8A|ENSG00000143862.7_2,ENST00000272217.6_1;ENST00000614750.1_1,5UTR
chr1,202915715,202915716,bulges,450,-,chr1:202915716-202915734:-,False,"            5'- GGGAGGGACGTTGGAGGGTCATCCCATA -3'
       rG4seq-K ------------------*---------",ADIPOR1|ENSG00000159346.12_2,ENST00000340990.9_1;ENST00000367254.7_1;ENST00000417068.5_2;ENST00000426229.1_2,CDS
chr1,204391946,204391947,bulges,66,-,chr1:204391945-204391972:-,False,"            5'- GGGAAGAGGAGTGGGGAGTGGGCGGTGAAACTTTTCC -3'
       rG4seq-K -------------------------*-----------",PIK3C2B|ENSG00000133056.13_3,ENST00000367187.7_1;ENST00000424712.6_1,3UTR
chr1,204392756,204392758,bulges,37,-,chr1:204392756-204392781:-,False,"            5'- GAAGGAAAGGGGCATGGGGTGGGGGATTCCATCAA -3'
       rG4seq-K -----------------------**----------",PIK3C2B|ENSG00000133056.13_3,ENST00000367187.7_1;ENST00000424712.6_1,3UTR
chr1,204393352,204393354,canonical/G3L1-7,21,-,chr1:204393353-204393371:-,False,"            5'- GGGGAGGGTTGGGGAGGGCTGCCTGTGC -3'
       rG4seq-K -----------------**---------",PIK3C2B|ENSG00000133056.13_3,ENST00000367187.7_1;ENST00000424712.6_1,3UTR
chr1,204393635,204393636,two-quartet,50,-,chr1:204393636-204393652:-,False,"            5'- GGGGGTGGGTGGGTGGATATCTTAAT -3'
       rG4seq-K ----------------*---------",PIK3C2B|ENSG00000133056.13_3,ENST00000367187.7_1;ENST00000424712.6_1,3UTR
chr1,204393638,204393639,longloop,22,-,chr1:204393639-204393679:-,False,"            5'- GGGGTGGGCTGTATGAAGTAGCATTTTGGGGGTGGGTGGGTGGATATCTT -3'
       rG4seq-K ----------------------------------------*---------",PIK3C2B|ENSG00000133056.13_3,ENST00000367187.7_1;ENST00000424712.6_1,3UTR
chr1,204438258,204438260,longloop,27,-,chr1:204438258-204438289:-,False,"            5'- GGGAGGTGGGGGTCAGGGGCGCCTACTGGGGTCTGTGGACT -3'
       rG4seq-K -----------------------------**----------",PIK3C2B|ENSG00000133056.13_3,ENST00000367187.7_1;ENST00000424712.6_1,CDS
chr1,205113892,205113894,canonical/G3L1-7,32,-,chr1:205113893-205113913:-,False,"            5'- GGGGAGGGTGGAAGGGAGGGACTGATATAA -3'
       rG4seq-K -------------------**---------",DSTYK|ENSG00000133059.16_2,ENST00000367161.7_1;ENST00000367162.7_1,3UTR
chr1,205115101,205115102,longloop,31,-,chr1:205115102-205115131:-,False,"            5'- GGGAGGCGGGTGGGTGGTCTTTTGGAGGGTTCCTCATGA -3'
       rG4seq-K -----------------------------*---------",DSTYK|ENSG00000133059.16_2,ENST00000367161.7_1;ENST00000367162.7_1,3UTR
chr1,205115116,205115118,bulges,16,-,chr1:205115114-205115134:-,False,"            5'- GGTGGGAGGCGGGTGGGTGGTCTTTTGGAG -3'
       rG4seq-K ----------------**------------",DSTYK|ENSG00000133059.16_2,ENST00000367161.7_1;ENST00000367162.7_1,3UTR
chr1,205579287,205579289,longloop,23,-,chr1:205579289-205579323:-,False,"            5'- GGGATCTTCTGGATGGGGTCGGGGAGGAGGTGGGGGTTTCCTGT -3'
       rG4seq-K ----------------------------------**--------",ELK4|ENSG00000158711.13_2,ENST00000357992.8_1;ENST00000616704.4_1,3UTR
chr1,205683370,205683371,potential G-quadruplex & G>=40%,385,-,chr1:205683370-205683430:-,False,"            5'- TATTGGGGGAGGGTAAAATTGGGATTTTTTTGTTGTTCCTTTTTTGATGGGGTGTGGGGGTATAGTACTC -3'
       rG4seq-K -----------------------------------------------------------*----------",NUCKS1|ENSG00000069275.12_2,ENST00000367142.4_1,3UTR
chr1,205683416,205683419,longloop,224,-,chr1:205683417-205683455:-,False,"            5'- GGGGTGAAGGGAGGGTTTTCTAGATTATTGGGGGAGGGTAAAATTGGG -3'
       rG4seq-K ------------------------------------***---------",NUCKS1|ENSG00000069275.12_2,ENST00000367142.4_1,3UTR
chr1,205683421,205683423,bulges,107,-,chr1:205683422-205683455:-,False,"            5'- GGGGTGAAGGGAGGGTTTTCTAGATTATTGGGGGAGGGTAAAA -3'
       rG4seq-K --------------------------------**---------",NUCKS1|ENSG00000069275.12_2,ENST00000367142.4_1,3UTR
chr1,205686749,205686752,canonical/G3L1-7,471,-,chr1:205686750-205686769:-,False,"            5'- GGGAGGGTGGGCAATGGGGTTACCTGACC -3'
       rG4seq-K -----------------***---------",NUCKS1|ENSG00000069275.12_2,ENST00000367142.4_1,3UTR
chr1,205686758,205686760,potential G-triplex & G>=40%,65,-,chr1:205686758-205686818:-,False,"            5'- AAAGATGAATTCTGAACTGTTACTAAAAGTACTCATTTTTTACCTTGTAGGGAGGGTGGGCAATGGGGTT -3'
       rG4seq-K ----------------------------------------------------------**----------",NUCKS1|ENSG00000069275.12_2,ENST00000367142.4_1,3UTR
chr1,205719145,205719150,longloop,161,-,chr1:205719146-205719174:-,False,"            5'- GGGCGCCGAGCGCGCGGGGTGGGGGGGGTCCTGGTCTT -3'
       rG4seq-K ------------------------*****---------",NUCKS1|ENSG00000069275.12_2,ENST00000367142.4_1,5UTR
chr1,205719155,205719156,longloop,27,-,chr1:205719156-205719184:-,False,"            5'- GGGGGGGGTGGGGCGCCGAGCGCGCGGGGTGGGGGGGG -3'
       rG4seq-K ----------------------------*---------",NUCKS1|ENSG00000069275.12_2,ENST00000367142.4_1,5UTR
chr1,205744192,205744193,two-quartet,42,-,chr1:205744193-205744206:-,False,"            5'- GGCGGTGGGTGGGAATGCCTCAC -3'
       rG4seq-K -------------*---------",RAB29|ENSG00000117280.12_2,ENST00000235932.8_1;ENST00000367139.7_1;ENST00000414729.1_1;ENST00000437324.6_1;ENST00000446390.6_1;ENST00000468887.1_1;ENST00000492534.1_1;ENST00000528078.1_1;ENST00000533111.1_1,5UTR
chr1,214526415,214526416,canonical/G3L1-7,70,-,chr1:214526416-214526444:-,False,"            5'- GGGGGTTGGGGGGATGGAGGGTACAGGGCATTCTAGGA -3'
       rG4seq-K ----------------------------*---------",AL929236.1|ENSG00000228470.1_6;PTPN14|ENSG00000152104.11_3,ENST00000366956.9_1;ENST00000443622.1_1,3UTR;non_coding
chr1,214526422,214526425,bulges,34,-,chr1:214526423-214526444:-,False,"            5'- GGGGGTTGGGGGGATGGAGGGTACAGGGCAT -3'
       rG4seq-K -------------------***---------",AL929236.1|ENSG00000228470.1_6;PTPN14|ENSG00000152104.11_3,ENST00000366956.9_1;ENST00000443622.1_1,3UTR;non_coding
chr1,220445722,220445724,bulges,18,-,chr1:220445723-220445741:-,False,"            5'- GGGGTGGAGGGGGCAGGGCGTGGTGAGG -3'
       rG4seq-K -----------------**---------",RAB3GAP2|ENSG00000118873.15_3,ENST00000237724.9_1;ENST00000358951.6_1;ENST00000478976.1_1,5UTR
chr1,224574600,224574602,bulges,42,-,chr1:224574601-224574629:-,False,"            5'- GAATTGGAGTGGGAGTTAGTGGGGAGGGATGACAAAGC -3'
       rG4seq-K ---------------------------**---------",WDR26|ENSG00000162923.15_3,ENST00000414423.7_2;ENST00000480676.2_1,3UTR
chr1,224575826,224575828,longloop,167,-,chr1:224575827-224575861:-,False,"            5'- GGGGATGGGAGAAAGGGAAAAGTCAGGGAAGGGGAGAAGAAAGA -3'
       rG4seq-K ---------------------------------**---------",WDR26|ENSG00000162923.15_3,ENST00000414423.7_2;ENST00000480676.2_1,3UTR
chr1,224575843,224575844,longloop,76,-,chr1:224575844-224575874:-,False,"            5'- GGGGTAGGTGGTCGGGGATGGGAGAAAGGGAAAAGTCAGG -3'
       rG4seq-K ------------------------------*---------",WDR26|ENSG00000162923.15_3,ENST00000414423.7_2;ENST00000480676.2_1,3UTR
chr1,224575851,224575853,bulges,52,-,chr1:224575852-224575874:-,False,"            5'- GGGGTAGGTGGTCGGGGATGGGAGAAAGGGAA -3'
       rG4seq-K ---------------------**---------",WDR26|ENSG00000162923.15_3,ENST00000414423.7_2;ENST00000480676.2_1,3UTR
chr1,225684027,225684029,bulges,106,-,chr1:225684028-225684053:-,False,"            5'- GGGTGGTGGGAAGAAGGAAGGTGGGAAGAAGGAAT -3'
       rG4seq-K ------------------------**---------",ENAH|ENSG00000154380.17_4,ENST00000358675.6_1;ENST00000366844.7_2,3UTR
chr1,225684498,225684500,two-quartet,130,-,chr1:225684496-225684518:-,False,"            5'- GGGGAGTGGGAGGAAGGGGAGGAATAATTTTT -3'
       rG4seq-K ------------------**------------",ENAH|ENSG00000154380.17_4,ENST00000358675.6_1;ENST00000366844.7_2,3UTR
chr1,226028706,226028710,bulges,21,-,chr1:226028707-226028731:-,False,"            5'- GAAGGAGAGGGGATGTGGGGAGGGAGAAGAGGTT -3'
       rG4seq-K ---------------------****---------",AL591895.1|ENSG00000242861.1_6,ENST00000424332.1_1,non_coding
chr1,226107829,226107832,two-quartet,164,-,chr1:226107827-226107847:-,False,"            5'- GGGAGGAGGGGCTGGGGAGGATCTGCAGCT -3'
       rG4seq-K ---------------***------------",AL117348.2|ENSG00000255835.1_6;PYCR2|ENSG00000143811.18_3,ENST00000343818.10_1;ENST00000432920.2_1;ENST00000478402.5_1;ENST00000612039.4_1;ENST00000612651.4_1,3UTR;non_coding
chr1,228106514,228106515,canonical/G3L1-7,12,-,chr1:228106514-228106530:-,False,"            5'- GGGTGGGTGGGAGGGGCCCTGTCTGT -3'
       rG4seq-K ---------------*----------",WNT9A|ENSG00000143816.7_2,ENST00000272164.5_1,3UTR
chr1,228107257,228107259,canonical/G3L1-7,12,-,chr1:228107258-228107277:-,False,"            5'- GGGCTGGGTTCTGGGCGGGTTGCTGGTAT -3'
       rG4seq-K ------------------**---------",WNT9A|ENSG00000143816.7_2,ENST00000272164.5_1,3UTR
chr1,229729279,229729281,bulges,37,-,chr1:229729280-229729303:-,False,"            5'- GTTTCTGGAAGTGGGTGGGTGGGTTTGATTGAG -3'
       rG4seq-K ----------------------**---------",TAF5L|ENSG00000135801.9_2,ENST00000258281.6_1;ENST00000366676.5_1,3UTR
chr1,229729581,229729583,longloop,37,-,chr1:229729582-229729615:-,False,"            5'- GGGATGTGGGGCGGGAATGAGGAAAGGGGAGGGCATGATCCTG -3'
       rG4seq-K --------------------------------**---------",TAF5L|ENSG00000135801.9_2,ENST00000258281.6_1;ENST00000366676.5_1,3UTR
chr1,235273533,235273535,potential G-quadruplex & G>=40%,412,-,chr1:235273533-235273593:-,False,"            5'- GGGCTCAGAAAAAGGAGGGCTGGCTGGAGGAGTGAGGGGCAGCTTAAGTTTGGGGAGGGTAGAAACGCCG -3'
       rG4seq-K ----------------------------------------------------------**----------",TOMM20|ENSG00000173726.10_2,ENST00000366607.4_1,3UTR
chr1,235273616,235273619,canonical/G3L1-7,284,-,chr1:235273617-235273649:-,False,"            5'- GGGAGAACAGGGGTGGGAAAGGGAGCAAGGGGCAGATAGCTC -3'
       rG4seq-K ------------------------------***---------",TOMM20|ENSG00000173726.10_2,ENST00000366607.4_1,3UTR
chr1,235273625,235273626,canonical/G3L1-7,192,-,chr1:235273626-235273649:-,False,"            5'- GGGAGAACAGGGGTGGGAAAGGGAGCAAGGGGC -3'
       rG4seq-K -----------------------*---------",TOMM20|ENSG00000173726.10_2,ENST00000366607.4_1,3UTR
chr1,235273631,235273633,longloop,89,-,chr1:235273632-235273661:-,False,"            5'- GGGGCAGTTAGAGGGAGAACAGGGGTGGGAAAGGGAGCA -3'
       rG4seq-K ----------------------------**---------",TOMM20|ENSG00000173726.10_2,ENST00000366607.4_1,3UTR
chr1,240654130,240654131,bulges,198,-,chr1:240654129-240654165:-,False,"            5'- GGAGGCTAGGGGTGGATTGGGAGGTGAGTGGAGGAGAGTCTCTGAC -3'
       rG4seq-K ----------------------------------*-----------",GREM2|ENSG00000180875.4_3,ENST00000318160.4_1,3UTR
chr1,240654133,240654134,bulges,118,-,chr1:240654132-240654165:-,False,"            5'- GGAGGCTAGGGGTGGATTGGGAGGTGAGTGGAGGAGAGTCTCT -3'
       rG4seq-K -------------------------------*-----------",GREM2|ENSG00000180875.4_3,ENST00000318160.4_1,3UTR
chr1,240654140,240654141,two-quartet,102,-,chr1:240654141-240654165:-,False,"            5'- GGAGGCTAGGGGTGGATTGGGAGGTGAGTGGAGG -3'
       rG4seq-K ------------------------*---------",GREM2|ENSG00000180875.4_3,ENST00000318160.4_1,3UTR
chr1,240654475,240654476,bulges,242,-,chr1:240654474-240654493:-,False,"            5'- GGGGTGGGGTGGGTTGGTGAATCTATCTC -3'
       rG4seq-K -----------------*-----------",GREM2|ENSG00000180875.4_3,ENST00000318160.4_1,3UTR
chr1,240654480,240654481,bulges,62,-,chr1:240654480-240654502:-,False,"            5'- GCAAGGATTGGGGTGGGGTGGGTTGGTGAATC -3'
       rG4seq-K ---------------------*----------",GREM2|ENSG00000180875.4_3,ENST00000318160.4_1,3UTR
chr1,240655143,240655144,bulges,157,-,chr1:240655144-240655177:-,False,"            5'- GATGGATAGGTATAGGGAAGGGCATTCGTTGGGAAATTGATGA -3'
       rG4seq-K ---------------------------------*---------",GREM2|ENSG00000180875.4_3,ENST00000318160.4_1,3UTR
chr1,244572293,244572295,longloop,431,-,chr1:244572294-244572324:-,False,"            5'- GGGGCTGGGAGGGGGTTATGTATTCATGGGACCTTTAATT -3'
       rG4seq-K -----------------------------**---------",ADSS|ENSG00000035687.9_3;AL645465.1|ENSG00000240963.1_6,ENST00000366535.3_1;ENST00000417765.1_1,3UTR;non_coding
chr1,244572310,244572311,bulges,250,-,chr1:244572309-244572332:-,False,"            5'- GCTTTGGTGGGGCTGGGAGGGGGTTATGTATTC -3'
       rG4seq-K ---------------------*-----------",ADSS|ENSG00000035687.9_3;AL645465.1|ENSG00000240963.1_6,ENST00000366535.3_1;ENST00000417765.1_1,3UTR;non_coding
chr1,245018833,245018835,bulges,230,-,chr1:245018834-245018862:-,False,"            5'- GAGGTGGTGGCGGTGGAGGAAGTGGTGGAATCGGCTAT -3'
       rG4seq-K ---------------------------**---------",HNRNPU|ENSG00000153187.19_5,ENST00000283179.14_3;ENST00000366525.8_2;ENST00000440865.2_4;ENST00000444376.7_3;ENST00000468690.2_2;ENST00000475997.6_3;ENST00000476241.2_2;ENST00000638230.1_1;ENST00000638301.1_3;ENST00000638475.1_1;ENST00000638716.1_2;ENST00000638952.1_1;ENST00000639064.1_1;ENST00000639628.1_2;ENST00000639824.1_1;ENST00000639880.1_2;ENST00000640001.1_2;ENST00000640056.1_3;ENST00000640119.1_3;ENST00000640218.1_1;ENST00000640264.1_1;ENST00000640306.1_1;ENST00000649899.1_1,3UTR;CDS
chr1,245027328,245027329,bulges,119,-,chr1:245027329-245027369:-,False,"            5'- GGCGGCGATGAAGAGGAGGAGGAAGAGGAAGAGGAGGAGGAAGGAATCTC -3'
       rG4seq-K ----------------------------------------*---------",HNRNPU|ENSG00000153187.19_5,ENST00000283179.14_3;ENST00000444376.7_3;ENST00000476241.2_2;ENST00000638475.1_1;ENST00000638952.1_1;ENST00000640218.1_1;ENST00000640306.1_1;ENST00000649899.1_1,CDS
chr1,247364963,247364964,canonical/G3L1-7,25,-,chr1:247364964-247364986:-,False,"            5'- GGGGATGGGGCTGGGTCTTGGGATGTCAGTGA -3'
       rG4seq-K ----------------------*---------",AL390728.4|ENSG00000227671.4_5,ENST00000421406.1_1;ENST00000606173.1_1;ENST00000606212.1_1;ENST00000606454.1_1,non_coding
chr1,249104728,249104730,canonical/G3L1-7,23,-,chr1:249104729-249104746:-,False,"            5'- GGGAGGGAGGGTGTGGGTGTGCGTGTG -3'
       rG4seq-K ----------------**---------",SH3BP5L|ENSG00000175137.10_2,ENST00000366472.5_1;ENST00000475978.1_1;ENST00000484202.2_1,3UTR
chr1,249120079,249120081,canonical/G3L1-7,50,-,chr1:249120080-249120096:-,False,"            5'- GGGGAGGGAGGGGGGGAGATTGTTTG -3'
       rG4seq-K ---------------**---------",SH3BP5L|ENSG00000175137.10_2,ENST00000366472.5_1,5UTR
chr1,249144257,249144259,canonical/G3L1-7,70,-,chr1:249144258-249144286:-,False,"            5'- GGGTGGGGGCAAGACTGGGCTGTAGGGGAGCTGGACTA -3'
       rG4seq-K ---------------------------**---------",ZNF692|ENSG00000171163.15_3,ENST00000306601.8_1;ENST00000366471.7_1;ENST00000412341.6_1;ENST00000451251.5_1;ENST00000463519.5_1;ENST00000476503.5_2;ENST00000477070.6_1;ENST00000482023.5_1;ENST00000533927.5_1,3UTR
chr1,249150248,249150249,canonical/G3L1-7,19,-,chr1:249150249-249150273:-,False,"            5'- GGGGAGCCTAGGGTGGGGGTAGGGTTGTTTCAAG -3'
       rG4seq-K ------------------------*---------",ZNF692|ENSG00000171163.15_3,ENST00000306601.8_1;ENST00000366471.7_1;ENST00000412341.6_1;ENST00000451251.5_1;ENST00000463519.5_1;ENST00000468455.5_1;ENST00000470787.6_1;ENST00000474351.5_1;ENST00000477070.6_1;ENST00000478107.5_1;ENST00000491971.5_1;ENST00000496411.5_1;ENST00000533927.5_1,non_coding
chr1,249151905,249151908,canonical/G3L1-7,19,-,chr1:249151906-249151929:-,False,"            5'- GGGAAGGGTGGGGTGAGTTGGGGAGCACAGGGT -3'
       rG4seq-K ---------------------***---------",ZNF692|ENSG00000171163.15_3,ENST00000306601.8_1;ENST00000366471.7_1;ENST00000412341.6_1;ENST00000451251.5_1;ENST00000463519.5_1;ENST00000468455.5_1;ENST00000470787.6_1;ENST00000478107.5_1;ENST00000483223.5_1;ENST00000483791.6_1;ENST00000495731.5_1;ENST00000496053.1_1;ENST00000496231.1_1;ENST00000496411.5_1;ENST00000497847.1_1;ENST00000528141.5_1;ENST00000530699.1_1;ENST00000530986.5_1;ENST00000533614.5_1;ENST00000533647.1_1;ENST00000533927.5_1;ENST00000534660.5_1,3UTR
chr1,249152296,249152298,canonical/G3L1-7,33,-,chr1:249152297-249152319:-,False,"            5'- GGGAGAAGGGCTTGGGGGAGGGTACCCAGGCA -3'
       rG4seq-K ---------------------**---------",ZNF692|ENSG00000171163.15_3,ENST00000306601.8_1;ENST00000366471.7_1;ENST00000412341.6_1;ENST00000451251.5_1;ENST00000463519.5_1;ENST00000470787.6_1;ENST00000478107.5_1;ENST00000483223.5_1;ENST00000483791.6_1;ENST00000495731.5_1;ENST00000496053.1_1;ENST00000496231.1_1;ENST00000496411.5_1;ENST00000497847.1_1;ENST00000528141.5_1;ENST00000530699.1_1;ENST00000530986.5_1;ENST00000533614.5_1;ENST00000533647.1_1;ENST00000533976.1_1;ENST00000534456.1_1;ENST00000534660.5_1,non_coding
chr10,5014829,5014830,potential G-quadruplex & G>=40%,118,+,chr10:5014770-5014830:+,False,"            5'- TCCAGGGTGGACCCGAACTCCCCGGTGCTCTTGGAGGACCCAGTCCTTTGTGCCTTGGCAAAAAAGCACA -3'
       rG4seq-K -----------------------------------------------------------*----------",AKR1C1|ENSG00000187134.13_3,ENST00000380872.8_2;ENST00000442997.5_1;ENST00000477661.1_1,CDS
chr10,6154231,6154233,canonical/G3L1-7,137,+,chr10:6154213-6154233:+,False,"            5'- GGGAGGGCCAGGGTCTGGGGAAGCATGAGC -3'
       rG4seq-K ------------------**----------",RBM17|ENSG00000134453.15_3,ENST00000379888.8_1;ENST00000437845.6_1;ENST00000446108.5_1;ENST00000447032.1_2;ENST00000481147.1_1,CDS
chr10,6156036,6156037,two-quartet,304,+,"chr10:6155542-6155544:+,chr10:6156011-6156036:+",True,"            5'- GGAACATGGTTGGTGCGGGAGAGGTGGATGAAGACTT -3'
       rG4seq-K ---------------------------*---------",RBM17|ENSG00000134453.15_3,ENST00000379888.8_1;ENST00000446108.5_1;ENST00000465906.5_1;ENST00000467080.1_1;ENST00000476706.5_1,CDS
chr10,6275024,6275027,bulges,18,+,chr10:6274987-6275029:+,False,"            5'- GAGGACTTCTTCCGGAGAGGGTGGGGTGGAGCAGCGGGGGAGCCTTGGCCGA -3'
       rG4seq-K -------------------------------------***------------",PFKFB3|ENSG00000170525.20_5,ENST00000360521.7_4;ENST00000379775.8_2;ENST00000379785.5_2;ENST00000379789.8_1;ENST00000414237.5_1;ENST00000441697.1_3;ENST00000450232.1_1;ENST00000475881.5_1;ENST00000536985.6_2;ENST00000640683.1_1,3UTR
chr10,6276301,6276302,longloop,60,+,chr10:6276276-6276301:+,False,"            5'- GGGACAGGTCCTGGGTGAGGGTGGGAGATTTAGAC -3'
       rG4seq-K -------------------------*---------",PFKFB3|ENSG00000170525.20_5,ENST00000360521.7_4;ENST00000379775.8_2;ENST00000379789.8_1;ENST00000640683.1_1,3UTR
chr10,6276994,6276997,longloop,12,+,chr10:6276965-6276996:+,False,"            5'- GGGGACATTGGACGGGGGCCGGGGGCGGGGGTTGGGTTTGA -3'
       rG4seq-K -----------------------------***---------",PFKFB3|ENSG00000170525.20_5,ENST00000360521.7_4;ENST00000379775.8_2;ENST00000379789.8_1;ENST00000640683.1_1,3UTR
chr10,6277000,6277002,canonical/G3L1-7,27,+,chr10:6276978-6277001:+,False,"            5'- GGGGGCCGGGGGCGGGGGTTGGGTTTGAGCTAC -3'
       rG4seq-K ----------------------**---------",PFKFB3|ENSG00000170525.20_5,ENST00000360521.7_4;ENST00000379775.8_2;ENST00000379789.8_1;ENST00000640683.1_1,3UTR
chr10,6780729,6780731,longloop,50,+,chr10:6780695-6780730:+,False,"            5'- GGGTATGGGGACCAGGGCACTCTGTAAGGGCTGGGATAGGAACCC -3'
       rG4seq-K ----------------------------------**---------",AL158210.2|ENSG00000285743.1_1;AL392086.3|ENSG00000285988.1_1;LINP1|ENSG00000223784.2_4,ENST00000417112.2_2;ENST00000648995.1_1;ENST00000649087.1_1;ENST00000649511.1_1;ENST00000650334.1_1;ENST00000650342.1_1,non_coding
chr10,12238216,12238218,bulges,206,+,chr10:12238194-12238217:+,False,"            5'- GGGAGGGTGCAGGCAGGAGAGGGAAAGGCAGCA -3'
       rG4seq-K ----------------------**---------",CDC123|ENSG00000151465.13_3,ENST00000281141.8_1;ENST00000429258.6_3;ENST00000455773.7_1;ENST00000467016.1_1,5UTR
chr10,21823383,21823385,bulges,17,+,chr10:21823341-21823381:+,False,"            5'- GGAGGAGGAGGAGGCGGAGGAGGCGGTGGAGGGGAGGTGGGGGGAATCAG -3'
       rG4seq-K ------------------------------------------**------",MLLT10|ENSG00000078403.16_4,ENST00000307729.11_1;ENST00000377072.7_1;ENST00000377091.6_1;ENST00000377100.7_1;ENST00000631589.1_2,5UTR
chr10,31816025,31816026,bulges,31,+,chr10:31816003-31816025:+,False,"            5'- GAGGAAGAGGAGGAGGAGGAGGAAGAAGTGGA -3'
       rG4seq-K ----------------------*---------",ZEB1|ENSG00000148516.21_3,ENST00000320985.14_1;ENST00000361642.9_1;ENST00000437844.6_1;ENST00000446923.6_1;ENST00000488625.6_1;ENST00000542815.7_1;ENST00000542879.5_1;ENST00000560721.6_1,3UTR;CDS
chr10,35859193,35859195,longloop,62,+,chr10:35859170-35859194:+,False,"            5'- GGGTGGGTTGGGTATTCCAGTGGGAAGATCATTG -3'
       rG4seq-K -----------------------**---------",CCNY|ENSG00000108100.17_2,ENST00000265375.13_1;ENST00000339497.7_1;ENST00000374704.7_1;ENST00000374706.5_1,3UTR
chr10,38346903,38346905,potential G-quadruplex & G>=40%,199,+,chr10:38346845-38346905:+,False,"            5'- TTGAGAATATGAAGAGGAGGGTTGAGGCTGGAGCAGAACCAGAATCAAGCTGGTGTGGGGCTTTTATTGA -3'
       rG4seq-K ----------------------------------------------------------**----------",ZNF33A|ENSG00000189180.15_2,ENST00000307441.13_1;ENST00000374618.7_1;ENST00000432900.6_1;ENST00000458705.6_1;ENST00000469037.2_1,3UTR
chr10,38348876,38348877,bulges,40,+,chr10:38348851-38348877:+,False,"            5'- GGGGAGCCTGTGGAAGATGGGAGGGGAAAGGGTTAT -3'
       rG4seq-K -------------------------*----------",ZNF33A|ENSG00000189180.15_2,ENST00000307441.13_1;ENST00000374618.7_1;ENST00000458705.6_1;ENST00000469037.2_1,3UTR
chr10,38348883,38348884,bulges,62,+,chr10:38348860-38348883:+,False,"            5'- GTGGAAGATGGGAGGGGAAAGGGTTATATGAGA -3'
       rG4seq-K -----------------------*---------",ZNF33A|ENSG00000189180.15_2,ENST00000307441.13_1;ENST00000374618.7_1;ENST00000458705.6_1;ENST00000469037.2_1,3UTR
chr10,49643104,49643107,canonical/G3L1-7,88,+,chr10:49643078-49643106:+,False,"            5'- GGGCCATCGGGGGGTGGGAGGGATGGGGAGTCGGTTAG -3'
       rG4seq-K --------------------------***---------",MAPK8|ENSG00000107643.16_6,ENST00000360332.7_2;ENST00000374176.8_4;ENST00000374179.8_4;ENST00000374182.7_2;ENST00000374189.5_5;ENST00000395611.7_5;ENST00000459755.1_1;ENST00000469110.1_1,3UTR
chr10,60028918,60028919,G>=40%,48,+,chr10:60028859-60028919:+,False,"            5'- TCAGCACCTACCAGGGTCGAGCTCACACACGTGCCTACGACCCGCCGCGGCGCCTGCGCGGTAGCATCGC -3'
       rG4seq-K -----------------------------------------------------------*----------",CISD1|ENSG00000122873.11_2,ENST00000333926.5_1,5UTR
chr10,60028921,60028922,potential G-triplex & G>=40%,472,+,chr10:60028862-60028922:+,False,"            5'- GCACCTACCAGGGTCGAGCTCACACACGTGCCTACGACCCGCCGCGGCGCCTGCGCGGTAGCATCGCGGA -3'
       rG4seq-K -----------------------------------------------------------*----------",CISD1|ENSG00000122873.11_2,ENST00000333926.5_1,5UTR
chr10,64565819,64565822,canonical/G3L1-7,20,+,chr10:64565802-64565821:+,False,"            5'- GGGGGCGGGGTGGGCGGGGAGGCTAGATT -3'
       rG4seq-K -----------------***---------",ADO|ENSG00000181915.4_2,ENST00000373783.2_1,3UTR
chr10,64565886,64565888,bulges,74,+,chr10:64565856-64565887:+,False,"            5'- GGGGCTTTGATTTGGAGGAATGGGGCAGGGGACTATCTGAA -3'
       rG4seq-K ------------------------------**---------",ADO|ENSG00000181915.4_2,ENST00000373783.2_1,3UTR
chr10,69644894,69644895,bulges,26,+,chr10:69644860-69644896:+,False,"            5'- GAGGGCGAGGAGGAGGAAGAGGCGGCGGCGGCGGCGATTGGGTACC -3'
       rG4seq-K ----------------------------------*-----------",SIRT1|ENSG00000096717.11_2,ENST00000212015.10_1,CDS
chr10,70098906,70098907,two-quartet,1276,+,"chr10:70098389-70098399:+,chr10:70098896-70098906:+",True,"            5'- GGGCGTGGAAGTTATGGAGGTTTTGATGAC -3'
       rG4seq-K --------------------*---------",HNRNPH3|ENSG00000096746.17_2,ENST00000265866.11_1;ENST00000354695.5_1;ENST00000461310.5_1;ENST00000467249.1_1;ENST00000469172.5_1;ENST00000478698.1_1;ENST00000480987.5_1;ENST00000481819.5_1;ENST00000486854.5_1;ENST00000490442.5_1;ENST00000491200.5_1,CDS
chr10,70101801,70101803,bulges,577,+,chr10:70101772-70101801:+,False,"            5'- GGCGGCATGAGTGGAGGTGGATGGCGTGGGATGTACTGA -3'
       rG4seq-K -----------------------------**--------",HNRNPH3|ENSG00000096746.17_2,ENST00000265866.11_1;ENST00000354695.5_1;ENST00000469172.5_1;ENST00000478698.1_1;ENST00000481819.5_1;ENST00000490442.5_1;ENST00000491200.5_1,CDS
chr10,70883977,70883979,bulges,43,+,chr10:70883946-70883980:+,False,"            5'- GGAGCGCCGGAGCGGAGGGAGCCGGGGCTGGGAGTTCTCCTGAG -3'
       rG4seq-K -------------------------------**-----------",VPS26A|ENSG00000122958.14_2,ENST00000263559.10_1;ENST00000373382.5_1;ENST00000395098.5_1;ENST00000489656.5_1;ENST00000490696.5_1;ENST00000497564.5_1,5UTR
chr10,70884025,70884026,two-quartet,197,+,chr10:70883996-70884025:+,False,"            5'- GGAGTGGAGTAGGGGGGACGCGGCGGCGGCGTTGACAAT -3'
       rG4seq-K -----------------------------*---------",VPS26A|ENSG00000122958.14_2,ENST00000263559.10_1;ENST00000373382.5_1;ENST00000395098.5_1;ENST00000467852.1_1;ENST00000489656.5_1;ENST00000490696.5_1;ENST00000497564.5_1,5UTR
chr10,71151973,71151977,potential G-quadruplex & G>=40%,64,+,chr10:71151917-71151977:+,False,"            5'- GAACGTGGAGATGGTGGAGGGGGACCAGGGGCAGATGTGCATCAACATGGAGTGGGGGGCCTTTGGGGAC -3'
       rG4seq-K --------------------------------------------------------****----------",HK1|ENSG00000156515.23_5,ENST00000298649.8_2;ENST00000359426.6_1;ENST00000360289.6_2;ENST00000436817.6_2;ENST00000448642.6_1;ENST00000493591.6_2;ENST00000643399.2_2,3UTR;CDS
chr10,71151984,71151986,two-quartet,144,+,chr10:71151965-71151985:+,False,"            5'- GGAGTGGGGGGCCTTTGGGGACAACGGGTG -3'
       rG4seq-K -------------------**---------",HK1|ENSG00000156515.23_5,ENST00000298649.8_2;ENST00000359426.6_1;ENST00000360289.6_2;ENST00000436817.6_2;ENST00000448642.6_1;ENST00000493591.6_2;ENST00000643399.2_2,3UTR;CDS
chr10,72327449,72327451,longloop,8,+,chr10:72327425-72327451:+,False,"            5'- GGGTGCACTGAGGGTGGTGGGAGGGGATCACCTGGG -3'
       rG4seq-K ------------------------**----------",PALD1|ENSG00000107719.8_2,ENST00000263563.6_1,3UTR
chr10,73768687,73768688,bulges,14,+,chr10:73768666-73768688:+,False,"            5'- GGGTGGGTCCTTGGAGGAGGGGCTAGGACAGC -3'
       rG4seq-K ---------------------*----------",CHST3|ENSG00000122863.5_2,ENST00000373115.4_1,3UTR
chr10,73975875,73975877,bulges,195,+,chr10:73975839-73975876:+,False,"            5'- GCCACTCAGGCTGGTCCTGGGGGTGGGGCTGTAGGGGAAAGTGCTAA -3'
       rG4seq-K ------------------------------------**---------",ANAPC16|ENSG00000166295.8_2,ENST00000299381.4_1;ENST00000478193.5_1;ENST00000615507.4_1;ENST00000621663.4_1,5UTR
chr10,74034228,74034230,two-quartet,49,+,chr10:74034211-74034229:+,False,"            5'- GGGGCCGGGAAGGTGGGGAAGCCCCGGT -3'
       rG4seq-K -----------------**---------",DDIT4|ENSG00000168209.4_3,ENST00000307365.3_1;ENST00000471240.1_1;ENST00000473155.1_1,non_coding
chr10,74034576,74034577,two-quartet,1244,+,chr10:74034549-74034576:+,False,"            5'- GGAGAGCCTGGCCCAGGCGCGGCTGGGCTCTCGACGC -3'
       rG4seq-K ---------------------------*---------",DDIT4|ENSG00000168209.4_3,ENST00000307365.3_1;ENST00000473155.1_1,CDS
chr10,74035352,74035353,two-quartet,1296,+,chr10:74035339-74035355:+,False,"            5'- GGAGGGAGGGGGGAGGTCGGAGGTCG -3'
       rG4seq-K -------------*------------",DDIT4|ENSG00000168209.4_3,ENST00000307365.3_1,3UTR
chr10,74035355,74035356,two-quartet,1433,+,chr10:74035339-74035355:+,False,"            5'- GGAGGGAGGGGGGAGGTCGGAGGTCG -3'
       rG4seq-K ----------------*---------",DDIT4|ENSG00000168209.4_3,ENST00000307365.3_1,3UTR
chr10,74035359,74035360,bulges,1623,+,chr10:74035339-74035362:+,False,"            5'- GGAGGGAGGGGGGAGGTCGGAGGTCGTGGAGGT -3'
       rG4seq-K --------------------*------------",DDIT4|ENSG00000168209.4_3,ENST00000307365.3_1,3UTR
chr10,74035362,74035363,bulges,1854,+,chr10:74035339-74035362:+,False,"            5'- GGAGGGAGGGGGGAGGTCGGAGGTCGTGGAGGT -3'
       rG4seq-K -----------------------*---------",DDIT4|ENSG00000168209.4_3,ENST00000307365.3_1,3UTR
chr10,74035368,74035369,bulges,2151,+,chr10:74035339-74035370:+,False,"            5'- GGAGGGAGGGGGGAGGTCGGAGGTCGTGGAGGTGGTTTGTG -3'
       rG4seq-K -----------------------------*-----------",DDIT4|ENSG00000168209.4_3,ENST00000307365.3_1,3UTR
chr10,74035371,74035372,bulges,4064,+,chr10:74035339-74035374:+,False,"            5'- GGAGGGAGGGGGGAGGTCGGAGGTCGTGGAGGTGGTTTGTGTATC -3'
       rG4seq-K --------------------------------*------------",DDIT4|ENSG00000168209.4_3,ENST00000307365.3_1,3UTR
chr10,74035374,74035375,bulges,6243,+,chr10:74035339-74035374:+,False,"            5'- GGAGGGAGGGGGGAGGTCGGAGGTCGTGGAGGTGGTTTGTGTATC -3'
       rG4seq-K -----------------------------------*---------",DDIT4|ENSG00000168209.4_3,ENST00000307365.3_1,3UTR
chr10,74035523,74035525,bulges,2284,+,chr10:74035501-74035524:+,False,"            5'- GTAGGAAGGGGTGGGTGTCAGGGATCACTTGGG -3'
       rG4seq-K ----------------------**---------",DDIT4|ENSG00000168209.4_3,ENST00000307365.3_1,3UTR
chr10,74035534,74035535,canonical/G3L1-7,2858,+,chr10:74035508-74035534:+,False,"            5'- GGGGTGGGTGTCAGGGATCACTTGGGATCTTTGACA -3'
       rG4seq-K --------------------------*---------",DDIT4|ENSG00000168209.4_3,ENST00000307365.3_1,3UTR
chr10,74035635,74035636,canonical/G3L1-7,2053,+,chr10:74035613-74035637:+,False,"            5'- GGGGAGGGGCTGAGAGGGTGGGGGCTGGAACCCC -3'
       rG4seq-K ----------------------*-----------",DDIT4|ENSG00000168209.4_3,ENST00000307365.3_1,3UTR
chr10,74647322,74647323,canonical/G3L1-7,114,+,chr10:74647297-74647322:+,False,"            5'- GGGGTGTGTGGGAAGCAAGGGAGGGAGGACATGGA -3'
       rG4seq-K -------------------------*---------",MCU|ENSG00000156026.14_4,ENST00000357157.10_2;ENST00000373053.7_3;ENST00000536019.5_3;ENST00000605416.1_1;ENST00000605597.5_1,3UTR
chr10,74647325,74647326,bulges,150,+,chr10:74647299-74647325:+,False,"            5'- GGTGTGTGGGAAGCAAGGGAGGGAGGACATGGAGAA -3'
       rG4seq-K --------------------------*---------",MCU|ENSG00000156026.14_4,ENST00000357157.10_2;ENST00000373053.7_3;ENST00000536019.5_3;ENST00000605416.1_1;ENST00000605597.5_1,3UTR
chr10,75532308,75532311,longloop,16,+,chr10:75532277-75532309:+,False,"            5'- GGGACGCCGCGGCCAGGGAGGGAGGAGGCGGGGGACTTGCCG -3'
       rG4seq-K -------------------------------***--------",FUT11|ENSG00000196968.10_3,ENST00000372841.7_2;ENST00000394790.2_2,CDS
chr10,75543041,75543042,potential G-quadruplex & G>=40%,409,+,chr10:75542982-75543042:+,False,"            5'- CTGACAACTATGCAGAGGCATTTTAGAGACATTGGCATTGCCATGCCCTCTTTGGAGGGTAGAAGAGGCA -3'
       rG4seq-K -----------------------------------------------------------*----------",CHCHD1|ENSG00000172586.7_2,ENST00000372833.5_1;ENST00000372837.3_1,3UTR
chr10,75552553,75552554,longloop,16,+,chr10:75552511-75552553:+,False,"            5'- GGGGCTGGGGGCGAGGAAGAGAAGGCCGAGGGCGGGGCTGGGGAGGAGCACG -3'
       rG4seq-K ------------------------------------------*---------",ZSWIM8|ENSG00000214655.10_4,ENST00000398706.6_2;ENST00000412198.5_1;ENST00000431225.5_1;ENST00000433366.6_1;ENST00000492395.5_2;ENST00000603114.5_1;ENST00000603187.5_2;ENST00000604524.5_1;ENST00000604729.5_2;ENST00000604754.1_1;ENST00000605216.5_2,CDS
chr10,75911027,75911028,potential G-quadruplex & G>=40%,72,+,chr10:75910968-75911028:+,False,"            5'- AGGGGGCGGGACCAGAGAGTGGATGGCAGAGGTGGGCTGTAGAGCCAAAGTGGGGTGGGAGCGCGAAGAT -3'
       rG4seq-K -----------------------------------------------------------*----------",ADK|ENSG00000156110.13_3,ENST00000286621.6_1;ENST00000478611.2_1;ENST00000539909.5_1,5UTR
chr10,79793953,79793955,canonical/G3L1-7,14,+,chr10:79793934-79793954:+,False,"            5'- GGGGGTAGGGGGCGGGCGGGATAGATGGAC -3'
       rG4seq-K -------------------**---------",RPS24|ENSG00000138326.19_4,ENST00000360830.9_2;ENST00000372360.8_2;ENST00000435275.5_2;ENST00000440692.6_2;ENST00000464716.6_2;ENST00000465692.2_2;ENST00000466129.6_2;ENST00000475468.6_2;ENST00000476545.6_2;ENST00000478655.6_2;ENST00000482069.5_1;ENST00000485708.7_2;ENST00000613865.5_3;ENST00000645440.1_1;ENST00000645698.1_1;ENST00000647545.1_1,non_coding
chr10,79798769,79798771,bulges,25,+,chr10:79798751-79798770:+,False,"            5'- GGGGTAGGAGTGGGGTGGGCGTAGTGGGA -3'
       rG4seq-K ------------------**---------",RPS24|ENSG00000138326.19_4,ENST00000360830.9_2;ENST00000372360.8_2;ENST00000435275.5_2;ENST00000440692.6_2;ENST00000464716.6_2;ENST00000465692.2_2;ENST00000476545.6_2;ENST00000480662.2_2;ENST00000482069.5_1;ENST00000613865.5_3;ENST00000645195.1_1;ENST00000645440.1_1;ENST00000645698.1_1;ENST00000647545.1_1,non_coding
chr10,79798778,79798780,canonical/G3L1-7,45,+,chr10:79798752-79798779:+,False,"            5'- GGGTAGGAGTGGGGTGGGCGTAGTGGGATTTTGAATC -3'
       rG4seq-K --------------------------**---------",RPS24|ENSG00000138326.19_4,ENST00000360830.9_2;ENST00000372360.8_2;ENST00000435275.5_2;ENST00000440692.6_2;ENST00000464716.6_2;ENST00000465692.2_2;ENST00000476545.6_2;ENST00000480662.2_2;ENST00000482069.5_1;ENST00000613865.5_3;ENST00000645195.1_1;ENST00000645440.1_1;ENST00000645698.1_1;ENST00000647545.1_1,non_coding
chr10,82195818,82195819,bulges,26,+,chr10:82195798-82195820:+,False,"            5'- GGTGCGGGGGTTGGGGGCGGGGTGCAGTGTAA -3'
       rG4seq-K --------------------*-----------",PRXL2A|ENSG00000122378.13_3,ENST00000606162.5_1,3UTR
chr10,82281189,82281190,potential G-quadruplex & G>=40%,20,+,chr10:82281130-82281190:+,False,"            5'- TTTCAGCTGTACTGGTAGGGGGTGGGTGGTGGAGTGCTGAATGACCTTCACAGGTGGGCCTTTCCAGCTC -3'
       rG4seq-K -----------------------------------------------------------*----------",TSPAN14|ENSG00000108219.14_2,ENST00000372164.7_1;ENST00000429989.7_1,3UTR
chr10,93624834,93624838,canonical/G3L1-7,121,+,chr10:93624809-93624837:+,False,"            5'- GGGAAGTTGGGGTTTTGGGGGGAGGGGGAGTATTAGTA -3'
       rG4seq-K -------------------------****---------",TNKS2|ENSG00000107854.5_2,ENST00000371627.4_1,3UTR
chr10,94112913,94112914,longloop,38,+,chr10:94112883-94112913:+,False,"            5'- GGGAGGGTTTTTTTAGGGTTGCGGGGAGGGAACTGCAAGT -3'
       rG4seq-K ------------------------------*---------",MARCH5|ENSG00000198060.9_2,ENST00000358935.2_1,3UTR
chr10,95256547,95256548,bulges,44,+,chr10:95256528-95256547:+,False,"            5'- GGGAGGGCAGGTCAGTGGGCAGATCGCGT -3'
       rG4seq-K -------------------*---------",CEP55|ENSG00000138180.15_2,ENST00000371485.7_1,5UTR
chr10,95661601,95661602,two-quartet,46,+,chr10:95661574-95661601:+,False,"            5'- GGTACTGATGGGATATGGGTGGGGAGGCTATTTTAGA -3'
       rG4seq-K ---------------------------*---------",SLC35G1|ENSG00000176273.14_2,ENST00000371408.7_1;ENST00000427197.1_1;ENST00000483386.5_1;ENST00000494992.5_1;ENST00000603665.1_1;ENST00000605679.5_1,3UTR
chr10,98720811,98720812,bulges,11,+,chr10:98720795-98720813:+,False,"            5'- GGGGTGGGGAGGGTGGAGTAGGATGGAA -3'
       rG4seq-K ----------------*-----------",LCOR|ENSG00000196233.13_5,ENST00000371103.8_3;ENST00000421806.3_5,3UTR
chr10,98721472,98721475,canonical/G3L1-7,13,+,chr10:98721448-98721474:+,False,"            5'- GGGGACTAGGGGTGGGGGGTTGGGGGTAGTTGGACA -3'
       rG4seq-K ------------------------*-*---------",LCOR|ENSG00000196233.13_5,ENST00000371103.8_3;ENST00000421806.3_5,3UTR
chr10,99344548,99344550,canonical/G3L1-7,9,+,chr10:99344525-99344550:+,False,"            5'- GGGGGTCTGGGCCTCAGGGGAGGGGAAGAAGGTGG -3'
       rG4seq-K -----------------------**----------",AL355315.1|ENSG00000249967.1_6;HOGA1|ENSG00000241935.8_3,ENST00000370646.8_1;ENST00000370647.8_1;ENST00000370649.3_1;ENST00000465608.1_1,CDS
chr10,99477827,99477828,longloop,26,+,chr10:99477798-99477827:+,False,"            5'- GGGTTTGGGAAGAGTGAGGGTGGTTGGGGAGAGGGGACC -3'
       rG4seq-K -----------------------------*---------",MARVELD1|ENSG00000155254.12_2,ENST00000285605.7_1,3UTR
chr10,99477832,99477835,longloop,54,+,chr10:99477804-99477834:+,False,"            5'- GGGAAGAGTGAGGGTGGTTGGGGAGAGGGGACCGATGTGC -3'
       rG4seq-K ----------------------------***---------",MARVELD1|ENSG00000155254.12_2,ENST00000285605.7_1,3UTR
chr10,99520284,99520287,bulges,42,+,chr10:99520259-99520286:+,False,"            5'- GGGATGAGGAGGAATTGGGGGTGGGGGTCTTCTACCT -3'
       rG4seq-K -------------------------***---------",ZFYVE27|ENSG00000155256.17_4,ENST00000337540.11_1;ENST00000357540.8_1;ENST00000359980.5_2;ENST00000370610.7_1;ENST00000370613.7_1;ENST00000393677.8_3;ENST00000423811.3_3,3UTR
chr10,102123478,102123480,bulges,636,+,chr10:102123458-102123481:+,False,"            5'- GTGGCTGTGGGTGTGGGTGGGAGTGTGTCTGCT -3'
       rG4seq-K --------------------**-----------",SCD|ENSG00000099194.5_2,ENST00000370355.2_1,3UTR
chr10,102310006,102310008,bulges,16,+,chr10:102309986-102310009:+,False,"            5'- GGTGGCTGAGGGGTGGGAGGGAGAAGGCTAATC -3'
       rG4seq-K --------------------**-----------",HIF1AN|ENSG00000166135.13_2,ENST00000299163.6_1,3UTR
chr10,102310900,102310901,bulges,11,+,chr10:102310870-102310901:+,False,"            5'- GGGGGTTGGAGTTCTGGGGTTGGAGGAGGGGCTGTTCTGGG -3'
       rG4seq-K ------------------------------*----------",HIF1AN|ENSG00000166135.13_2,ENST00000299163.6_1,3UTR
chr10,102748383,102748385,canonical/G3L1-7,17,+,chr10:102748363-102748384:+,False,"            5'- GGGGATGGGGCCAGGGAGGGGTTTCTGCTTA -3'
       rG4seq-K --------------------**---------",TWNK|ENSG00000107815.9_5,ENST00000311916.7_3;ENST00000370228.2_3;ENST00000459764.1_2;ENST00000473656.5_2;ENST00000476766.5_2;ENST00000643860.1_1;ENST00000646226.1_1,CDS
chr10,102799491,102799492,potential G-quadruplex & G>=40%,182,+,chr10:102799432-102799492:+,False,"            5'- ACTGGGCAGGGGCCTTGGTGGGCAGATGGCAATTGAGGGTAGCAACCTATTAGGGTGGGGGAGGGACCTC -3'
       rG4seq-K -----------------------------------------------------------*----------",SFXN3|ENSG00000107819.13_2,ENST00000224807.9_1;ENST00000393459.5_1;ENST00000466982.1_1;ENST00000470252.1_1,3UTR
chr10,102799496,102799498,two-quartet,279,+,chr10:102799484-102799497:+,False,"            5'- GGGTGGGGGAGGGACCTCCATAA -3'
       rG4seq-K ------------**---------",SFXN3|ENSG00000107819.13_2,ENST00000224807.9_1;ENST00000393459.5_1;ENST00000466982.1_1;ENST00000470252.1_1,3UTR
chr10,102800879,102800881,bulges,40,+,chr10:102800855-102800880:+,False,"            5'- GGCTTCAGTGGTGGGTGGGGCAGGGCAGATGAAAG -3'
       rG4seq-K ------------------------**---------",SFXN3|ENSG00000107819.13_2,ENST00000224807.9_1;ENST00000393459.5_1;ENST00000470252.1_1,3UTR
chr10,103313829,103313831,bulges,14,+,chr10:103313808-103313831:+,False,"            5'- GGGGGCAGGCAGAGGGGGTGGGGAGAAGTTTCC -3'
       rG4seq-K ---------------------**----------",BTRC|ENSG00000166167.17_3,ENST00000370187.7_1;ENST00000393441.8_3;ENST00000408038.6_1,3UTR
chr10,103316121,103316123,longloop,23,+,chr10:103316096-103316123:+,False,"            5'- GGGGAAACAAAGGTGGGAGGGGTGGGGAATACTGGAA -3'
       rG4seq-K -------------------------**----------",BTRC|ENSG00000166167.17_3,ENST00000370187.7_1;ENST00000393441.8_3;ENST00000408038.6_1,3UTR
chr10,104130564,104130565,two-quartet,52,+,chr10:104130547-104130566:+,False,"            5'- GGAGCGGGCAGTGGTGGGGTTGCTACGCC -3'
       rG4seq-K -----------------*-----------",GBF1|ENSG00000107862.4_3,ENST00000369983.3_1,CDS
chr10,104142568,104142572,longloop,49,+,chr10:104142543-104142571:+,False,"            5'- GGGTAGGCAGGTGGGGGCTGGGTGGGGGACTGCCCACA -3'
       rG4seq-K -------------------------****---------",GBF1|ENSG00000107862.4_3,ENST00000369983.3_1,3UTR
chr10,104158600,104158601,bulges,46,+,chr10:104158571-104158601:+,False,"            5'- GGGTGGAGGCTCTGGGGGTGCAGCCGGGGGCTACGGAGGA -3'
       rG4seq-K -----------------------------*----------",NFKB2|ENSG00000077150.18_3,ENST00000189444.10_1;ENST00000336486.5_1;ENST00000369966.7_1;ENST00000428099.5_1;ENST00000467116.5_1,CDS
chr10,105200320,105200322,canonical/G3L1-7,26,+,chr10:105200300-105200321:+,False,"            5'- GGGGCGGGCGGGAGTGCCGGGAGTCTGGGAG -3'
       rG4seq-K --------------------**---------",PDCD11|ENSG00000148843.14_3,ENST00000369797.7_2;ENST00000649849.1_1,CDS
chr10,105369566,105369567,canonical/G3L1-7,11,+,chr10:105369546-105369566:+,False,"            5'- GGGAGGGATGAGGGGACGGGAAGAAGCTTG -3'
       rG4seq-K --------------------*---------",AL121929.2|ENSG00000273108.1_5,ENST00000609691.1_1,non_coding
chr10,111767803,111767805,longloop,30,+,chr10:111767780-111767804:+,False,"            5'- GGGGCGGGAGGGAAAGAAGAGGGGTTTAAATTAG -3'
       rG4seq-K -----------------------**---------",ADD3|ENSG00000148700.14_3,ENST00000277900.12_1;ENST00000356080.8_1;ENST00000360162.7_1;ENST00000468251.5_1,5UTR
chr10,112642823,112642824,two-quartet,210,+,chr10:112642812-112642823:+,False,"            5'- GGAGGAGGTGGATGTGAAAGA -3'
       rG4seq-K -----------*---------",PDCD4|ENSG00000150593.17_4,ENST00000280154.11_1;ENST00000393104.6_1;ENST00000444997.1_3;ENST00000467574.5_1;ENST00000483670.5_1;ENST00000492932.5_1,CDS
chr10,112679398,112679399,bulges,58,+,chr10:112679364-112679400:+,False,"            5'- GAGGAGGAAGGAGGGCGAGCGAGGAGGATGGCGGAGTCGGGGCTCC -3'
       rG4seq-K ----------------------------------*-----------",SHOC2|ENSG00000108061.11_4,ENST00000369452.8_1;ENST00000480155.1_1;ENST00000489390.1_1,5UTR
chr10,115614439,115614440,potential G-quadruplex & G>=40%,52,+,chr10:115614380-115614440:+,False,"            5'- GGCGTGGGGACCGAAAAGGGGCGGGGTGGGTCGGACGGCAGTTTAATTACGTCCCCGGGAACTGCGCCGA -3'
       rG4seq-K -----------------------------------------------------------*----------",NHLRC2|ENSG00000196865.4_2,ENST00000369301.3_1,5UTR
chr10,115614531,115614532,bulges,29,+,chr10:115614501-115614533:+,False,"            5'- GGCGTGGAGTGGGGCTAGTGGAGGGTGAGGTGAATGCGCCGT -3'
       rG4seq-K ------------------------------*-----------",NHLRC2|ENSG00000196865.4_2,ENST00000369301.3_1,5UTR
chr10,120892095,120892096,G>=40%,116,+,chr10:120892036-120892096:+,False,"            5'- AATGGGCAAACTGCACAAAGAAATGGGTCAGCTAATTGTTCAGTCTGCAGAAGATCCAGAGAAATCAGAG -3'
       rG4seq-K -----------------------------------------------------------*----------",FAM45A|ENSG00000119979.17_4,ENST00000361432.2_2;ENST00000462327.1_1;ENST00000489988.5_1;ENST00000498549.2_1;ENST00000648560.1_1,CDS
chr10,13386959,13386961,bulges,87,-,chr10:13386960-13386995:-,False,"            5'- GGGAGGGGAGGGGCTGAGCTGTGAGGAGAGCGGGGCCCAAGAACC -3'
       rG4seq-K ----------------------------------**---------",SEPHS1|ENSG00000086475.14_2,ENST00000327347.9_1;ENST00000378614.8_1;ENST00000413411.5_1;ENST00000494329.1_1;ENST00000545675.5_1,5UTR
chr10,23003269,23003272,two-quartet,38,-,chr10:23003270-23003297:-,False,"            5'- GGCCTCGGGAGCACGGCGGTGGAGGGGACATAGGAGG -3'
       rG4seq-K -------------------------***---------",PIP4K2A|ENSG00000150867.13_3,ENST00000376573.8_1,5UTR
chr10,25012546,25012548,canonical/G3L1-7,10,-,chr10:25012546-25012562:-,False,"            5'- GGGCGGGCGGGCGGGGCGCGCTGTCC -3'
       rG4seq-K --------------**----------",ARHGAP21|ENSG00000107863.17_4,ENST00000396432.6_1;ENST00000612832.4_1,5UTR
chr10,27443238,27443239,bulges,147,-,chr10:27443237-27443265:-,False,"            5'- GGGAGGAGTGAGGGGCAACGGGTCGGAGAAAAAGGAAA -3'
       rG4seq-K --------------------------*-----------",YME1L1|ENSG00000136758.18_3,ENST00000326799.7_1;ENST00000375972.7_1;ENST00000376016.7_1;ENST00000396296.7_2;ENST00000477432.1_1;ENST00000491542.6_2;ENST00000613434.4_1,5UTR
chr10,27497308,27497310,bulges,34,-,chr10:27497306-27497331:-,False,"            5'- GGTGGGAAGTGGAGGTGATGGGGAGCGCTGGGGCT -3'
       rG4seq-K ---------------------**------------",ACBD5|ENSG00000107897.18_3,ENST00000375888.5_1;ENST00000375897.7_1;ENST00000375901.5_1;ENST00000375905.8_1;ENST00000396271.7_1;ENST00000476758.1_1,3UTR;CDS
chr10,29760089,29760090,longloop,38,-,chr10:29760090-29760122:-,False,"            5'- GGGGGGGATGGTGGTGCACTCGGGGAGGCGGGAAGAGGAAGA -3'
       rG4seq-K --------------------------------*---------",SVIL|ENSG00000197321.14_2,ENST00000355867.8_1;ENST00000375398.6_1;ENST00000375400.7_1;ENST00000632315.1_1,CDS
chr10,32557674,32557676,canonical/G3L1-7,44,-,chr10:32557675-32557695:-,False,"            5'- GGGGGTGGGGGGTGGGAGGGAAATCAATTG -3'
       rG4seq-K -------------------**---------",EPC1|ENSG00000120616.15_3,ENST00000319778.10_1;ENST00000375110.6_1,3UTR
chr10,33502417,33502419,potential G-quadruplex & G>=40%,594,-,chr10:33502417-33502477:-,False,"            5'- GGCTCCAAATAGACCTGGGGGAGGAGAAGATCGTGAGGGGCATCATCATTCAGGGTGGGAAGCACCGAGA -3'
       rG4seq-K ----------------------------------------------------------**----------",NRP1|ENSG00000099250.17_5,ENST00000265371.8_2;ENST00000374816.7_1;ENST00000374821.9_1;ENST00000374822.8_1;ENST00000374823.9_1;ENST00000374867.6_2;ENST00000374875.5_1;ENST00000395995.5_3;ENST00000432372.6_1;ENST00000466932.1_1,CDS
chr10,43691045,43691047,canonical/G3L1-7,12,-,chr10:43691045-43691076:-,False,"            5'- GGGATTTGTGGGGTCAGGGAGGGGCAGGGGGCACCTGGCAG -3'
       rG4seq-K -----------------------------**----------",RASGEF1A|ENSG00000198915.11_4,ENST00000374459.5_2;ENST00000395810.5_1,3UTR
chr10,43691462,43691465,longloop,13,-,chr10:43691463-43691490:-,False,"            5'- GGGCCCTGCTTTGGGGAGGGGGAGGGGAGAGTATCAT -3'
       rG4seq-K -------------------------***---------",RASGEF1A|ENSG00000198915.11_4,ENST00000374459.5_2;ENST00000395810.5_1,3UTR
chr10,45950505,45950506,longloop,20,-,chr10:45950506-45950533:-,False,"            5'- GGGCTTCAGGGTTGGAGAAGGGCTGGGACCAACCGGG -3'
       rG4seq-K ---------------------------*---------",MARCH8|ENSG00000165406.15_3,ENST00000319836.7_2;ENST00000453424.6_2,3UTR
chr10,50732241,50732243,potential G-quadruplex & G>=40%,22,-,chr10:50732241-50732301:-,False,"            5'- AGGCGGACCTGTCTGGAGATGGTACTGACTATGAGCTGAAGCCTCTGCCCAAGGGCGGGAAACGGCAGAA -3'
       rG4seq-K ----------------------------------------------------------**----------",ERCC6|ENSG00000225830.12_3,ENST00000355832.9_2;ENST00000447839.6_2;ENST00000515869.1_2,CDS
chr10,53457264,53457266,bulges,168,-,chr10:53457265-53457282:-,False,"            5'- GGGTGGGGGGAGGAGGGAGTGCGTCTG -3'
       rG4seq-K ----------------**---------",CSTF2T|ENSG00000177613.8_3,ENST00000331173.5_1,3UTR
chr10,58117696,58117697,bulges,120,-,chr10:58117695-58117729:-,False,"            5'- GGTTTGAACACAGGGTGTGCAGATGGGGAGGGGGTACTGGCCTT -3'
       rG4seq-K --------------------------------*-----------",ZWINT|ENSG00000122952.16_4,ENST00000318387.6_2;ENST00000373944.7_4;ENST00000395405.5_4;ENST00000460654.5_1;ENST00000489649.6_1;ENST00000494312.5_1,3UTR
chr10,59952343,59952346,two-quartet,24,-,chr10:59952343-59952362:-,False,"            5'- GGATGGGGTGGGATTGGGGACTTAATTAA -3'
       rG4seq-K ----------------***----------",IPMK|ENSG00000151151.5_3,ENST00000373935.3_1,3UTR
chr10,71892522,71892524,canonical/G3L1-7,28,-,chr10:71892523-71892544:-,False,"            5'- GGGAGCGGGAGCGGGAGCGGGAGCCGGAGCG -3'
       rG4seq-K --------------------**---------",AIFM2|ENSG00000042286.14_2,ENST00000307864.2_1;ENST00000613322.4_1,5UTR
chr10,73576222,73576225,longloop,1392,-,chr10:73576223-73576262:-,False,"            5'- GGGTCTGCTGGGTGTGGATTGGATGCTGGGGTGTGGGGGTTGGAAGCTG -3'
       rG4seq-K -------------------------------------***---------",PSAP|ENSG00000197746.13_3,ENST00000394934.4_2;ENST00000394936.7_1;ENST00000610929.3_1,3UTR
chr10,73576504,73576506,canonical/G3L1-7,6363,-,chr10:73576505-73576535:-,False,"            5'- GGGGTTCTGTGGGTTTGGGTGGGAAGAGGGCCATCTGCCT -3'
       rG4seq-K -----------------------------**---------",PSAP|ENSG00000197746.13_3,ENST00000394934.4_2;ENST00000394936.7_1;ENST00000610929.3_1,3UTR
chr10,73576511,73576515,canonical/G3L1-7,2613,-,chr10:73576512-73576535:-,False,"            5'- GGGGTTCTGTGGGTTTGGGTGGGAAGAGGGCCA -3'
       rG4seq-K --------------------****---------",PSAP|ENSG00000197746.13_3,ENST00000394934.4_2;ENST00000394936.7_1;ENST00000610929.3_1,3UTR
chr10,73576520,73576524,potential G-quadruplex & G>=40%,1025,-,chr10:73576520-73576580:-,False,"            5'- ACTGTGATTTGGCTTTCCCGTGTCTTTCCTGGTGATGCCTTGTTTGGGGTTCTGTGGGTTTGGGTGGGAA -3'
       rG4seq-K --------------------------------------------------------**-*----------",PSAP|ENSG00000197746.13_3,ENST00000394934.4_2;ENST00000394936.7_1;ENST00000610929.3_1,3UTR
chr10,74385851,74385852,two-quartet,51,-,chr10:74385849-74385867:-,False,"            5'- GGGCGGAGGGGGTGGAGGTTTGTCTCCG -3'
       rG4seq-K ---------------*------------",MICU1|ENSG00000107745.18_4,ENST00000361114.9_1;ENST00000398761.8_1;ENST00000604238.2_1;ENST00000635239.1_2;ENST00000642044.1_2,5UTR
chr10,75002910,75002912,bulges,173,-,chr10:75002908-75002937:-,False,"            5'- GTGGTGACATTTGGGAGGGTGGAGGGAGGCAGTGTCCTT -3'
       rG4seq-K -------------------------**------------",DNAJC9|ENSG00000213551.4_3,ENST00000372950.4_1;ENST00000453189.2_1;ENST00000469143.1_1,3UTR
chr10,77158437,77158438,longloop,52,-,chr10:77158438-77158475:-,False,"            5'- GGGAGAGGGGGAGGGGAGGAGTCCAGGGAGAGGCGGGATCACGGCCC -3'
       rG4seq-K -------------------------------------*---------",ZNF503|ENSG00000165655.16_3;ZNF503|ENSG00000270087.5_6,ENST00000372524.4_1;ENST00000418818.6_1,3UTR;non_coding
chr10,77158455,77158456,bulges,30,-,chr10:77158454-77158484:-,False,"            5'- GGGAGAGGAGGGAGAGGGGGAGGGGAGGAGTCCAGGGAGA -3'
       rG4seq-K ----------------------------*-----------",ZNF503|ENSG00000165655.16_3;ZNF503|ENSG00000270087.5_6,ENST00000372524.4_1;ENST00000418818.6_1,3UTR;non_coding
chr10,77158458,77158460,canonical/G3L1-7,12,-,chr10:77158459-77158484:-,False,"            5'- GGGAGAGGAGGGAGAGGGGGAGGGGAGGAGTCCAG -3'
       rG4seq-K ------------------------**---------",ZNF503|ENSG00000165655.16_3;ZNF503|ENSG00000270087.5_6,ENST00000372524.4_1;ENST00000418818.6_1,3UTR;non_coding
chr10,77159835,77159839,bulges,23,-,chr10:77159834-77159874:-,False,"            5'- GGTGGAGGCGGTGGCGGTGGCGGGGGCGGCGGCGGGGGTGTTTCGTCGGA -3'
       rG4seq-K -----------------------------------****-----------",ZNF503|ENSG00000165655.16_3;ZNF503|ENSG00000270087.5_6,ENST00000372524.4_1;ENST00000418818.6_1,CDS;non_coding
chr10,81142726,81142728,canonical/G3L1-7,39,-,chr10:81142727-81142749:-,False,"            5'- GGGACAGGGAGTGGGCAAGGGGAAGAAGCAGC -3'
       rG4seq-K ---------------------**---------",ZCCHC24|ENSG00000165424.6_2,ENST00000372336.3_1,3UTR
chr10,88195345,88195347,bulges,49,-,chr10:88195343-88195366:-,False,"            5'- GGTGGGGGGAGGTGGTGGGGGAGATAATCACTT -3'
       rG4seq-K -------------------**------------",WAPL|ENSG00000062650.18_4,ENST00000263070.11_1;ENST00000298767.9_1;ENST00000484070.1_1;ENST00000618527.4_1,3UTR
chr10,98281098,98281099,potential G-quadruplex & G>=40%,1047,-,chr10:98281098-98281158:-,False,"            5'- ATCTTTTGGGTTTGAATGAAGGTTTTACATAAGAAATTATTAAAAACAAGGGGGGTGGGTAATAAATGTA -3'
       rG4seq-K -----------------------------------------------------------*----------",TM9SF3|ENSG00000077147.15_4,ENST00000371142.8_1;ENST00000649367.1_1,3UTR
chr10,98346629,98346630,bulges,49,-,chr10:98346628-98346669:-,False,"            5'- GGAGGCGGCGGCGGCGGAGGAGGCGGCGGCGGGAGGAGGAGTCGGTGAGCC -3'
       rG4seq-K ---------------------------------------*-----------",TM9SF3|ENSG00000077147.15_4,ENST00000371142.8_1;ENST00000443638.1_3,5UTR
chr10,99126522,99126523,bulges,56,-,chr10:99126521-99126555:-,False,"            5'- GGAGGAGGAAGAAGAGGAGGAGGAGGAGGAGGAGCCCGCCCAGG -3'
       rG4seq-K --------------------------------*-----------",RRP12|ENSG00000052749.13_5,ENST00000315563.10_2;ENST00000370992.8_3;ENST00000414986.5_4;ENST00000479481.5_1;ENST00000491313.5_1;ENST00000536831.5_3,CDS
chr10,99126525,99126526,bulges,38,-,chr10:99126524-99126557:-,False,"            5'- GTGGAGGAGGAAGAAGAGGAGGAGGAGGAGGAGGAGCCCGCCC -3'
       rG4seq-K -------------------------------*-----------",RRP12|ENSG00000052749.13_5,ENST00000315563.10_2;ENST00000370992.8_3;ENST00000414986.5_4;ENST00000479481.5_1;ENST00000491313.5_1;ENST00000536831.5_3,CDS
chr10,99126528,99126529,bulges,20,-,chr10:99126527-99126557:-,False,"            5'- GTGGAGGAGGAAGAAGAGGAGGAGGAGGAGGAGGAGCCCG -3'
       rG4seq-K ----------------------------*-----------",RRP12|ENSG00000052749.13_5,ENST00000315563.10_2;ENST00000370992.8_3;ENST00000414986.5_4;ENST00000479481.5_1;ENST00000491313.5_1;ENST00000536831.5_3,CDS
chr10,103338820,103338821,longloop,46,-,chr10:103338821-103338851:-,False,"            5'- GGGTGGGGACAGAAGCTGCAGGGGAGAGGGAAGCAGCCGT -3'
       rG4seq-K ------------------------------*---------",POLL|ENSG00000166169.16_3,ENST00000299206.8_1;ENST00000339310.7_1;ENST00000370162.7_1;ENST00000370168.7_1;ENST00000370169.5_1;ENST00000370172.5_1;ENST00000463515.1_1;ENST00000628479.2_1,3UTR
chr10,103541276,103541278,canonical/G3L1-7,252,-,chr10:103541277-103541299:-,False,"            5'- GGGTGGGGGTTGGGTGGGAGGGACTTGGGTCT -3'
       rG4seq-K ---------------------**---------",NPM3|ENSG00000107833.10_2,ENST00000370110.5_1;ENST00000474993.5_1,3UTR
chr10,103541280,103541282,two-quartet,21,-,chr10:103541282-103541308:-,False,"            5'- GGAGAGCTTGGGTGGGGGTTGGGTGGGAGGGACTTG -3'
       rG4seq-K --------------------------**--------",NPM3|ENSG00000107833.10_2,ENST00000370110.5_1;ENST00000474993.5_1,3UTR
chr10,103577610,103577611,bulges,27,-,chr10:103577610-103577650:-,False,"            5'- GGGGCTGGGGGAGCGGCGGTGGCCGGGGCTGCAGGAGGGGCTCGGCGGTT -3'
       rG4seq-K ---------------------------------------*----------",OGA|ENSG00000198408.13_3,ENST00000357797.9_1;ENST00000361464.7_1;ENST00000370094.7_1;ENST00000429860.1_1;ENST00000439817.5_1,CDS
chr10,103577881,103577882,longloop,50,-,chr10:103577882-103577914:-,False,"            5'- GGGCAGAGGGGGAGGGGAAGGAGCCGGAGGGGCGCACACTTG -3'
       rG4seq-K --------------------------------*---------",OGA|ENSG00000198408.13_3,ENST00000357797.9_1;ENST00000361464.7_1;ENST00000370094.7_1;ENST00000439817.5_1,5UTR
chr10,103578138,103578140,bulges,73,-,chr10:103578138-103578174:-,False,"            5'- GGCAGCAGCAGAGGGAGAGCTCGGGGCTTGGAGGGGAAACAGCGGA -3'
       rG4seq-K ----------------------------------**----------",OGA|ENSG00000198408.13_3,ENST00000357797.9_1;ENST00000361464.7_1;ENST00000370094.7_1;ENST00000439817.5_1,5UTR
chr10,103607203,103607205,canonical/G3L1-7,13,-,chr10:103607204-103607234:-,False,"            5'- GGGCTGGAGGGGGAGCGAGGGGAGAGGGGGCTGCCCCCGA -3'
       rG4seq-K -----------------------------**---------",ARMH3|ENSG00000120029.12_3,ENST00000370033.8_1;ENST00000495001.1_1,3UTR
chr10,103868030,103868032,potential G-quadruplex & G>=40%,99,-,chr10:103868030-103868090:-,False,"            5'- CCACTCTCAGGATGTGATGGTGGTGGGGGAGCCCACCCTGATGGGCGGGGAGTTCGGGGACGAGGACGAG -3'
       rG4seq-K ----------------------------------------------------------**----------",LDB1|ENSG00000198728.10_3,ENST00000361198.9_2;ENST00000425280.1_2,CDS
chr10,104436109,104436110,bulges,41,-,chr10:104436108-104436126:-,False,"            5'- GGGTGGGGGTGGGGGGAGAAAAGGCAGA -3'
       rG4seq-K ----------------*-----------",ARL3|ENSG00000138175.8_2,ENST00000260746.5_1,3UTR
chr10,104474045,104474046,bulges,28,-,chr10:104474046-104474076:-,False,"            5'- GGAGGCAGCAGGAGGAGGAGGAGGAGGAGGGACTCGGCGG -3'
       rG4seq-K ------------------------------*---------",ARL3|ENSG00000138175.8_2,ENST00000260746.5_1,5UTR
chr10,104849327,104849328,longloop,89,-,chr10:104849326-104849352:-,False,"            5'- GGGTTCTACTCGGGGGAGGGAGGGGGCTCCATGAAA -3'
       rG4seq-K ------------------------*-----------",NT5C2|ENSG00000076685.18_4,ENST00000343289.9_1;ENST00000369857.8_1;ENST00000404739.7_1,3UTR
chr10,105110524,105110525,bulges,17,-,chr10:105110525-105110562:-,False,"            5'- GAGGAGCTGGAGGAGGAAGAAGAGGAGGAGGAGGAGGACATGAGTCA -3'
       rG4seq-K -------------------------------------*---------",PCGF6|ENSG00000156374.15_4,ENST00000337211.8_3;ENST00000369847.3_3;ENST00000490296.1_1;ENST00000647574.1_1,CDS
chr10,105355314,105355315,bulges,39,-,chr10:105355312-105355329:-,False,"            5'- GGGAGGGAGGGAGGAAGAATTATTTAG -3'
       rG4seq-K --------------*------------",SH3PXD2A|ENSG00000107957.16_3,ENST00000355946.6_3;ENST00000369774.8_3,3UTR
chr10,105357377,105357378,bulges,30,-,chr10:105357376-105357403:-,False,"            5'- GTGGAACAGGTGGGTGGGTTGGTGGAGTTTGATCTTG -3'
       rG4seq-K -------------------------*-----------",SH3PXD2A|ENSG00000107957.16_3,ENST00000355946.6_3;ENST00000369774.8_3,3UTR
chr10,105360606,105360607,potential G-quadruplex & G>=40%,166,-,chr10:105360606-105360666:-,False,"            5'- GCCTCACATGGGAAGGGGATGGGTAGTGGATGGGGTTTCTGTTGTATCTTGTGGGCGGGTGATTTTGCTT -3'
       rG4seq-K -----------------------------------------------------------*----------",SH3PXD2A|ENSG00000107957.16_3,ENST00000315994.6_1;ENST00000355946.6_3;ENST00000369774.8_3,3UTR
chr10,105360630,105360633,longloop,94,-,chr10:105360631-105360657:-,False,"            5'- GGGAAGGGGATGGGTAGTGGATGGGGTTTCTGTTGT -3'
       rG4seq-K ------------------------***---------",SH3PXD2A|ENSG00000107957.16_3,ENST00000315994.6_1;ENST00000355946.6_3;ENST00000369774.8_3,3UTR
chr10,105360642,105360644,longloop,24,-,chr10:105360643-105360683:-,False,"            5'- GGGGGCCTGGGTGGTCGGCCTCACATGGGAAGGGGATGGGTAGTGGATGG -3'
       rG4seq-K ---------------------------------------**---------",SH3PXD2A|ENSG00000107957.16_3,ENST00000315994.6_1;ENST00000355946.6_3;ENST00000369774.8_3,3UTR
chr10,105361377,105361379,two-quartet,59,-,chr10:105361377-105361396:-,False,"            5'- GGAAGGTAGGGGATGGGGGTGCCCACACT -3'
       rG4seq-K -----------------**----------",SH3PXD2A|ENSG00000107957.16_3,ENST00000315994.6_1;ENST00000355946.6_3;ENST00000369774.8_3,3UTR
chr10,105361460,105361461,bulges,32,-,chr10:105361461-105361483:-,False,"            5'- GGGGGTGGGGGGTGGGGGGTGGACAACATTCA -3'
       rG4seq-K ----------------------*---------",SH3PXD2A|ENSG00000107957.16_3,ENST00000315994.6_1;ENST00000355946.6_3;ENST00000369774.8_3,3UTR
chr10,105361465,105361467,longloop,12,-,chr10:105361464-105361498:-,False,"            5'- GGGAAAGGAAAAAATGGGGGTGGGGGGTGGGGGGTGGACAACAT -3'
       rG4seq-K -------------------------------**-----------",SH3PXD2A|ENSG00000107957.16_3,ENST00000315994.6_1;ENST00000355946.6_3;ENST00000369774.8_3,3UTR
chr10,115933881,115933882,potential G-quadruplex & G>=40%,36,-,chr10:115933881-115933941:-,False,"            5'- CCGCAGGGGTTTGGGGAAACGGCCGCTGAGTGAGGCGTCGGCTGTGTTTCTCACCGCGGTCTTTTCCTCC -3'
       rG4seq-K -----------------------------------------------------------*----------",CCDC186|ENSG00000165813.19_5;MIR2110|ENSG00000238742.1,ENST00000369285.7_4;ENST00000369286.1_3;ENST00000369287.7_3;ENST00000459421.1;ENST00000648613.1_1,5UTR;non_coding
chr10,119134731,119134734,longloop,16,-,chr10:119134732-119134771:-,False,"            5'- GGGAGTAGGGGCCCGGGCGGAGGCGGTGGCGGGATGGGGCTGCTGCTCA -3'
       rG4seq-K -------------------------------------***---------",PDZD8|ENSG00000165650.11_2,ENST00000334464.6_1,5UTR;CDS
chr10,120444185,120444186,bulges,46,-,chr10:120444185-120444206:-,False,"            5'- GGGGGGAGTGGTGTGGGTGGGAGAGTTAGAA -3'
       rG4seq-K --------------------*----------",CACUL1|ENSG00000151893.14_3,ENST00000369151.7_1;ENST00000493518.5_1;ENST00000544392.5_1,3UTR
chr10,120924858,120924861,bulges,25,-,chr10:120924859-120924882:-,False,"            5'- GGGCGCGGCAGGGGACGCAGGGGAAATCGAAGC -3'
       rG4seq-K ---------------------***---------",SFXN4|ENSG00000183605.16_3,ENST00000355697.6_2;ENST00000369131.8_2;ENST00000419372.5_2;ENST00000461438.5_1;ENST00000466218.5_1,5UTR
chr10,127703473,127703474,bulges,35,-,chr10:127703472-127703506:-,False,"            5'- GGTGTTTTGTGGTTGGGGGAGGCACGGGGTGGAGTATTCTTTTT -3'
       rG4seq-K --------------------------------*-----------",ADAM12|ENSG00000148848.14_4,ENST00000368679.8_1,3UTR
chr10,129895969,129895970,longloop,35,-,chr10:129895970-129896000:-,False,"            5'- GGGATTGCACCAGGGCAGAACAGGGGAGGGTGTTCAAGGA -3'
       rG4seq-K ------------------------------*---------",MKI67|ENSG00000148773.13_3,ENST00000368653.7_1;ENST00000368654.7_1,3UTR
chr10,129896035,129896036,longloop,14,-,chr10:129896035-129896064:-,False,"            5'- GGGAGGGAATAGAAAGGGGCAGGGAGGGGACATCTGAGG -3'
       rG4seq-K ----------------------------*----------",MKI67|ENSG00000148773.13_3,ENST00000368653.7_1;ENST00000368654.7_1,3UTR
chr10,134021076,134021079,canonical/G3L1-7,14,-,chr10:134021077-134021098:-,False,"            5'- GGGTTGGGGTAGTGGGTGGGGAGGTGAATGT -3'
       rG4seq-K -------------------***---------",STK32C|ENSG00000165752.16_2,ENST00000298630.7_1;ENST00000368622.5_2;ENST00000462160.5_1,3UTR
chr10,134145194,134145196,canonical/G3L1-7,34,-,chr10:134145194-134145223:-,False,"            5'- GGGAGCCGGAGGGCCCGGGGCGGGCGGGGCTGCTCGAGG -3'
       rG4seq-K ---------------------------**----------",STK32C|ENSG00000165752.16_2,ENST00000368619.3_2;ENST00000368620.2_1;ENST00000456004.1_2,CDS
chr11,214691,214693,longloop,18,+,chr11:214650-214693:+,False,"            5'- GGGCCTACCTGGGCACACAGAAGAGCATATGGGAGGGCAGGGGTTTGGGTGTG -3'
       rG4seq-K -----------------------------------------**----------",RIC8A|ENSG00000177963.14_5,ENST00000325207.9_4;ENST00000526104.5_4;ENST00000527696.5_1,3UTR
chr11,214698,214700,canonical/G3L1-7,33,+,chr11:214680-214699:+,False,"            5'- GGGAGGGCAGGGGTTTGGGTGTGGGTGCA -3'
       rG4seq-K ------------------**---------",RIC8A|ENSG00000177963.14_5,ENST00000325207.9_4;ENST00000526104.5_4;ENST00000527696.5_1,3UTR
chr11,214705,214706,canonical/G3L1-7,63,+,chr11:214680-214705:+,False,"            5'- GGGAGGGCAGGGGTTTGGGTGTGGGTGCACACAAA -3'
       rG4seq-K -------------------------*---------",RIC8A|ENSG00000177963.14_5,ENST00000325207.9_4;ENST00000526104.5_4;ENST00000527696.5_1,3UTR
chr11,291838,291839,canonical/G3L1-7,10,+,chr11:291818-291838:+,False,"            5'- GGGTGGGCAGGTGGGGAGGGCCTGCAGATC -3'
       rG4seq-K --------------------*---------",PGGHG|ENSG00000142102.15_6,ENST00000409479.5_5;ENST00000409548.6_5;ENST00000409655.5_3;ENST00000474221.5_1;ENST00000476372.1_1;ENST00000482937.2_3,non_coding
chr11,295408,295410,bulges,26,+,chr11:295379-295409:+,False,"            5'- GAGGACAGAGGTGGGGGAGTGGGAAGTGGGAAGTCACCAG -3'
       rG4seq-K -----------------------------**---------",PGGHG|ENSG00000142102.15_6,ENST00000409548.6_5;ENST00000409655.5_3;ENST00000474221.5_1;ENST00000476372.1_1,3UTR
chr11,404778,404780,bulges,15,+,chr11:404749-404780:+,False,"            5'- GGACTTGGCTTCCGCAGGGCAGGGGGTGGGGCAGGGCTCAA -3'
       rG4seq-K -----------------------------**----------",PKP3|ENSG00000184363.9_3,ENST00000331563.6_1,3UTR
chr11,404785,404786,canonical/G3L1-7,35,+,chr11:404765-404785:+,False,"            5'- GGGCAGGGGGTGGGGCAGGGCTCAAGGCTG -3'
       rG4seq-K --------------------*---------",PKP3|ENSG00000184363.9_3,ENST00000331563.6_1,3UTR
chr11,703374,703375,longloop,10,+,chr11:703349-703374:+,False,"            5'- GGGAACAGCTGCGGGGAGGGTAGGGACCAGACAGA -3'
       rG4seq-K -------------------------*---------",EPS8L2|ENSG00000177106.15_5;TMEM80|ENSG00000177042.14_4,ENST00000397510.7_1;ENST00000397512.7_1;ENST00000492023.1_1;ENST00000524763.5_2;ENST00000526170.5_2;ENST00000528024.1_1;ENST00000608174.5_1,3UTR;non_coding
chr11,727014,727015,bulges,22,+,chr11:726994-727015:+,False,"            5'- GGGCTGGGGCCTGCGGAGGGGAAGCCCACCC -3'
       rG4seq-K --------------------*----------",EPS8L2|ENSG00000177106.15_5,ENST00000318562.12_2;ENST00000524973.1_1;ENST00000526198.5_2;ENST00000526909.5_1;ENST00000527832.5_1;ENST00000528770.5_4;ENST00000530636.5_2;ENST00000531393.5_1;ENST00000533256.5_2;ENST00000534027.1_1;ENST00000534449.1_1;ENST00000534679.1_1;ENST00000610855.4_1;ENST00000614442.4_2;ENST00000650127.1_1,3UTR
chr11,747464,747465,G>=40%,223,+,chr11:747405-747465:+,False,"            5'- GCCCGCGGGGCATTGTGGGCCGTCCGCGCGCCCGTCCCGTCGCCGCCGCCGCCGCCGCAGACCCCTCGGT -3'
       rG4seq-K -----------------------------------------------------------*----------",TALDO1|ENSG00000177156.10_2,ENST00000319006.7_1;ENST00000528070.5_1;ENST00000528097.5_1;ENST00000530119.5_1;ENST00000530440.1_1;ENST00000532685.1_1,5UTR
chr11,838385,838387,bulges,47,+,chr11:838363-838388:+,False,"            5'- GGAGGTGAGGGGGGCTGGCGGGGCGAAGTTTGGGG -3'
       rG4seq-K ----------------------**-----------",CD151|ENSG00000177697.18_3,ENST00000322008.9_2;ENST00000397420.8_2;ENST00000397421.5_1;ENST00000525181.1_1;ENST00000528011.2_2;ENST00000530726.5_1;ENST00000532045.6_2;ENST00000645878.1_1,3UTR
chr11,838398,838401,longloop,149,+,chr11:838362-838400:+,False,"            5'- GGGAGGTGAGGGGGGCTGGCGGGGCGAAGTTTGGGGGGTGTTTTGTGG -3'
       rG4seq-K ------------------------------------***---------",CD151|ENSG00000177697.18_3,ENST00000322008.9_2;ENST00000397420.8_2;ENST00000397421.5_1;ENST00000525181.1_1;ENST00000528011.2_2;ENST00000530726.5_1;ENST00000532045.6_2;ENST00000645878.1_1,3UTR
chr11,838411,838414,bulges,328,+,chr11:838382-838412:+,False,"            5'- GGGGCGAAGTTTGGGGGGTGTTTTGTGGGGCTCCCCAGAC -3'
       rG4seq-K -----------------------------***--------",CD151|ENSG00000177697.18_3,ENST00000322008.9_2;ENST00000397420.8_2;ENST00000397421.5_1;ENST00000525181.1_1;ENST00000528011.2_2;ENST00000530726.5_1;ENST00000532045.6_2;ENST00000645878.1_1,3UTR
chr11,866749,866751,canonical/G3L1-7,60,+,chr11:866732-866750:+,False,"            5'- GGGAGGAGGGAGGGAGGGACAGGTGCCT -3'
       rG4seq-K -----------------**---------",TSPAN4|ENSG00000214063.10_3,ENST00000346501.8_1;ENST00000397396.5_1;ENST00000397397.6_1;ENST00000397404.5_1;ENST00000397406.5_1;ENST00000397408.5_1;ENST00000397411.6_1;ENST00000409531.5_1;ENST00000409543.6_1;ENST00000464987.5_1;ENST00000468468.5_1;ENST00000494815.1_1,3UTR
chr11,866878,866881,canonical/G3L1-7,175,+,chr11:866862-866880:+,False,"            5'- GGGCAGGGGTGGGAGGGGCCTCCAGCAC -3'
       rG4seq-K ----------------***---------",TSPAN4|ENSG00000214063.10_3,ENST00000397396.5_1;ENST00000397397.6_1;ENST00000397404.5_1;ENST00000397406.5_1;ENST00000397408.5_1;ENST00000409531.5_1;ENST00000464987.5_1;ENST00000468468.5_1;ENST00000494815.1_1,3UTR
chr11,2869251,2869253,longloop,26,+,chr11:2869223-2869253:+,False,"            5'- GGGGTCCTGAGGAGGGGATGGGGCTGGGGGATGGGCCTGA -3'
       rG4seq-K ----------------------------**----------",KCNQ1|ENSG00000053918.16_4,ENST00000155840.10_2;ENST00000335475.5_1;ENST00000526095.2_2,3UTR;CDS
chr11,2869257,2869259,canonical/G3L1-7,36,+,chr11:2869236-2869258:+,False,"            5'- GGGGATGGGGCTGGGGGATGGGCCTGAGTGAG -3'
       rG4seq-K ---------------------**---------",KCNQ1|ENSG00000053918.16_4,ENST00000155840.10_2;ENST00000335475.5_1;ENST00000526095.2_2,3UTR
chr11,2869272,2869274,longloop,51,+,chr11:2869242-2869273:+,False,"            5'- GGGGCTGGGGGATGGGCCTGAGTGAGAGGGGAGGCCAAGAG -3'
       rG4seq-K ------------------------------**---------",KCNQ1|ENSG00000053918.16_4,ENST00000155840.10_2;ENST00000335475.5_1;ENST00000526095.2_2,3UTR
chr11,4116063,4116066,canonical/G3L1-7,632,+,chr11:4116043-4116065:+,False,"            5'- GGGTGGCGGGCGCGGGAAGGGGATTTGGATTG -3'
       rG4seq-K --------------------***---------",RRM1|ENSG00000167325.14_3,ENST00000300738.9_1;ENST00000526865.5_1;ENST00000532170.5_1;ENST00000532710.5_1,5UTR
chr11,4144417,4144418,Unknown,1981,+,chr11:4144358-4144418:+,False,"            5'- CAATAAAGTTTTTTTAGGGAATATATATTAAATAATATTATCTGTGCCTTTCAGTTATGAGAAACAAGGT -3'
       rG4seq-K -----------------------------------------------------------*----------",RRM1|ENSG00000167325.14_3,ENST00000300738.9_1;ENST00000526304.5_1;ENST00000528442.5_3;ENST00000528470.5_1;ENST00000529109.1_1;ENST00000531591.5_1;ENST00000532170.5_1;ENST00000533349.5_1;ENST00000533495.5_1;ENST00000534285.5_2,3UTR;CDS
chr11,4148307,4148308,potential G-triplex & G>=40%,1186,+,chr11:4148248-4148308:+,False,"            5'- ATCTGTTGACACAAAGGCATGCCTATCAAATAAACGCCATCGCCCCATTGGAATTGGGGTACAAGGTCTG -3'
       rG4seq-K -----------------------------------------------------------*----------",RRM1|ENSG00000167325.14_3,ENST00000300738.9_1;ENST00000532170.5_1;ENST00000533349.5_1;ENST00000533495.5_1;ENST00000534285.5_2,3UTR;CDS
chr11,6411793,6411795,longloop,29,+,chr11:6411771-6411794:+,False,"            5'- GGGTCCAGGCCGGGGGGGACGGGACAGACGAAC -3'
       rG4seq-K ----------------------**---------",SMPD1|ENSG00000166311.9_5,ENST00000342245.8_2;ENST00000527275.5_1;ENST00000530395.1_5;ENST00000533123.5_1;ENST00000533196.1_1;ENST00000534405.5_1,5UTR
chr11,8123373,8123374,bulges,18,+,chr11:8123339-8123375:+,False,"            5'- GAGGCAGGGGAGTAGTGGAGAGCGGGTGGGTGGGTGTGAAGGGATG -3'
       rG4seq-K ----------------------------------*-----------",TUB|ENSG00000166402.8_4,ENST00000299506.2_3;ENST00000305253.8_2,3UTR
chr11,8124244,8124246,canonical/G3L1-7,11,+,chr11:8124226-8124245:+,False,"            5'- GGGAGGGAATGGGACAGGGTGAATAAAGC -3'
       rG4seq-K ------------------**---------",TUB|ENSG00000166402.8_4,ENST00000305253.8_2,3UTR
chr11,9466939,9466944,canonical/G3L1-7,81,+,chr11:9466921-9466943:+,False,"            5'- GGGATTTTGGGGGTGGGGGGGGATGGGAGGTA -3'
       rG4seq-K ------------------*****---------",IPO7|ENSG00000205339.9_2,ENST00000379719.7_1,3UTR
chr11,9466947,9466949,canonical/G3L1-7,809,+,chr11:9466921-9466948:+,False,"            5'- GGGATTTTGGGGGTGGGGGGGGATGGGAGGTACCTTA -3'
       rG4seq-K --------------------------**---------",IPO7|ENSG00000205339.9_2,ENST00000379719.7_1,3UTR
chr11,9467436,9467438,two-quartet,497,+,chr11:9467421-9467438:+,False,"            5'- GGGGTGGGGGGCAGGGGTAATTTCAAG -3'
       rG4seq-K ---------------**----------",IPO7|ENSG00000205339.9_2,ENST00000379719.7_1,3UTR
chr11,9685709,9685711,canonical/G3L1-7,10,+,chr11:9685679-9685710:+,False,"            5'- GGGGCTGGCTGGGCAGGAGGGGTTGGCGGGGCAGCAGGGCC -3'
       rG4seq-K ------------------------------**---------",SWAP70|ENSG00000133789.14_2,ENST00000318950.10_1;ENST00000447399.6_1;ENST00000524817.5_1;ENST00000526358.5_1;ENST00000531814.5_1,5UTR
chr11,10795575,10795576,potential G-quadruplex & G>=40%,76,+,chr11:10795516-10795576:+,False,"            5'- CCAACCAGGAAATAACTGACTATAGTGTTGTTTGGATTTTAGCGTTCTAAGAAGGGAGGAGAGTTTGATG -3'
       rG4seq-K -----------------------------------------------------------*----------",CTR9|ENSG00000198730.8_4,ENST00000361367.6_1;ENST00000529898.1_1,CDS
chr11,12696319,12696321,longloop,10,+,chr11:12696287-12696322:+,False,"            5'- GGGGAGGGAGCCGGGCACCGAGCAGAGGGCGGGGGAAGCGGCGCC -3'
       rG4seq-K --------------------------------**-----------",TEAD1|ENSG00000187079.16_4,ENST00000527376.1_2;ENST00000527636.5_4,5UTR;CDS
chr11,12965794,12965796,bulges,184,+,chr11:12965768-12965795:+,False,"            5'- GATTGGAGAGATGGGGGTGGGCGTGGGCAAATTCTCA -3'
       rG4seq-K --------------------------**---------",TEAD1|ENSG00000187079.16_4,ENST00000526600.1_2,3UTR
chr11,17298304,17298307,bulges,73,+,chr11:17298280-17298308:+,False,"            5'- GGGGCAGAGCGGAGCGGTGGGCCGGGGGCTGGAGGACA -3'
       rG4seq-K ------------------------***-----------",NUCB2|ENSG00000070081.16_5,ENST00000323688.10_2;ENST00000525637.1_1;ENST00000526120.5_2;ENST00000528644.5_1;ENST00000530527.5_1;ENST00000531172.5_3;ENST00000533511.6_1;ENST00000533738.6_2;ENST00000533773.5_1;ENST00000646648.1_1,5UTR
chr11,18424542,18424543,potential G-quadruplex & G>=40%,2171,+,chr11:18424483-18424543:+,False,"            5'- CCTAATGGGGGAAAGGCTGGGAGTTCACCCATTAAGCTGTCATGGGTGGGTCCTTGGGGAACATGGAGAT -3'
       rG4seq-K -----------------------------------------------------------*----------",LDHA|ENSG00000134333.13_4,ENST00000227157.8_1;ENST00000375710.7_1;ENST00000379412.9_1;ENST00000396222.6_1;ENST00000422447.7_1;ENST00000430553.6_1;ENST00000460405.5_1;ENST00000486690.6_1;ENST00000536528.5_1;ENST00000537296.5_1;ENST00000538451.1_1;ENST00000540430.5_1;ENST00000541097.5_1;ENST00000542179.1_1;ENST00000543695.5_1;ENST00000545215.5_1,3UTR;CDS
chr11,20142609,20142611,canonical/G3L1-7,70,+,chr11:20142591-20142610:+,False,"            5'- GGGGTGGGGTGGGAGTGGGACAGGAACAA -3'
       rG4seq-K ------------------**---------",NAV2|ENSG00000166833.20_6,ENST00000349880.8_2;ENST00000360655.8_4;ENST00000396085.5_2;ENST00000527559.6_1;ENST00000540292.5_2,3UTR
chr11,20398129,20398131,longloop,683,+,"chr11:20388799-20388827:+,chr11:20398125-20398130:+",True,"            5'- GGGTACCACCAGAGGGAAAGCTGGGGCGGAGGGATTTGTTCGT -3'
       rG4seq-K --------------------------------**---------",HTATIP2|ENSG00000109854.13_2,ENST00000419348.6_2;ENST00000421577.6_2;ENST00000443524.6_2;ENST00000451739.6_2;ENST00000530266.5_1;ENST00000531058.1_1;ENST00000532081.1_1;ENST00000532505.1_1;ENST00000533914.1_1,CDS
chr11,20530024,20530025,bulges,175,+,chr11:20529998-20530024:+,False,"            5'- GGGGGTAGAGTGGGTCAGCAGGAGGGAGCTGGTTTT -3'
       rG4seq-K --------------------------*---------",PRMT3|ENSG00000185238.12_3,ENST00000330796.9_1;ENST00000331079.10_2;ENST00000437750.2_2;ENST00000529592.1_1,3UTR
chr11,34122654,34122655,two-quartet,66,+,chr11:34122637-34122656:+,False,"            5'- GGGTGGTGGGAAATGGGGGATCTTCAATG -3'
       rG4seq-K -----------------*-----------",CAPRIN1|ENSG00000135387.20_3,ENST00000341394.8_1;ENST00000533657.5_1,3UTR
chr11,36253307,36253310,canonical/G3L1-7,53,+,chr11:36253286-36253309:+,False,"            5'- GGGTTTTTTTGGGGGGGAGGGGGTTTGTTTTCC -3'
       rG4seq-K ---------------------***---------",LDLRAD3|ENSG00000179241.12_3,ENST00000315571.5_1,3UTR
chr11,36398082,36398084,canonical/G3L1-7,18,+,chr11:36398064-36398083:+,False,"            5'- GGGAGGGACGGAGGGAGGGAGAGCTGGGC -3'
       rG4seq-K ------------------**---------",PRR5L|ENSG00000135362.13_4,ENST00000378867.7_2;ENST00000389693.3_1;ENST00000524380.5_1;ENST00000526682.5_1;ENST00000526728.5_1;ENST00000527172.5_1;ENST00000527751.5_1;ENST00000529034.5_1;ENST00000530252.1_1;ENST00000530639.5_2;ENST00000532121.5_1;ENST00000532843.1_1,5UTR
chr11,43516101,43516105,bulges,24,+,chr11:43516088-43516106:+,False,"            5'- GGGGAGGGAGGGGGGCTGAGAAGGGGAA -3'
       rG4seq-K -------------****-----------",TTC17|ENSG00000052841.14_3,ENST00000039989.8_1;ENST00000525543.5_1;ENST00000533072.1_1,3UTR
chr11,43516112,43516115,canonical/G3L1-7,115,+,chr11:43516088-43516113:+,False,"            5'- GGGGAGGGAGGGGGGCTGAGAAGGGGAAATCAGCA -3'
       rG4seq-K ------------------------***--------",TTC17|ENSG00000052841.14_3,ENST00000039989.8_1;ENST00000525543.5_1;ENST00000533072.1_1,3UTR
chr11,43702507,43702509,longloop,36,+,chr11:43702480-43702510:+,False,"            5'- GGGTCTGGGGAGTGGGGAATGAGGCGGGGGTCGGCCCGGG -3'
       rG4seq-K ---------------------------**-----------",AC068205.2|ENSG00000283341.1_5;HSD17B12|ENSG00000149084.12_4,ENST00000278353.9_2;ENST00000395700.4_1;ENST00000527433.6_2;ENST00000529261.5_2;ENST00000531185.5_1;ENST00000532864.6_2;ENST00000636007.1_1;ENST00000636722.1_1;ENST00000637401.1_1,CDS;non_coding
chr11,43702520,43702522,longloop,73,+,chr11:43702480-43702520:+,False,"            5'- GGGTCTGGGGAGTGGGGAATGAGGCGGGGGTCGGCCCGGGGCTCGGAGAA -3'
       rG4seq-K ----------------------------------------**--------",AC068205.2|ENSG00000283341.1_5;HSD17B12|ENSG00000149084.12_4,ENST00000278353.9_2;ENST00000395700.4_1;ENST00000527433.6_2;ENST00000529261.5_2;ENST00000531185.5_1;ENST00000532864.6_2;ENST00000636007.1_1;ENST00000636722.1_1;ENST00000637401.1_1,CDS;non_coding
chr11,46402042,46402043,bulges,17,+,chr11:46402027-46402043:+,False,"            5'- GGGGGTGGGGGGCGGGACTCTCACGG -3'
       rG4seq-K ---------------*----------",DGKZ|ENSG00000149091.15_4,ENST00000343674.10_2;ENST00000454345.5_2;ENST00000456247.6_2;ENST00000524984.5_1;ENST00000527211.5_1;ENST00000528173.5_1;ENST00000534802.1_1,3UTR
chr11,48189109,48189111,longloop,14,+,chr11:48189080-48189110:+,False,"            5'- GGGGCTGTCGGGGGCTGTGGATGGGTGGGGAGCAAATCAT -3'
       rG4seq-K -----------------------------**---------",PTPRJ|ENSG00000149177.12_2,ENST00000418331.6_1;ENST00000613246.4_1;ENST00000615445.4_1,3UTR
chr11,48191505,48191506,canonical/G3L1-7,14,+,chr11:48191476-48191505:+,False,"            5'- GGGGACAGGGCCAGTGGGGGTGGTAAGGGTATTTATAGC -3'
       rG4seq-K -----------------------------*---------",PTPRJ|ENSG00000149177.12_2,ENST00000613246.4_1,3UTR
chr11,57467957,57467959,canonical/G3L1-7,68,+,chr11:57467936-57467958:+,False,"            5'- GGGATGGGAAAATGAGGGAGGGATACATATAC -3'
       rG4seq-K ---------------------**---------",ZDHHC5|ENSG00000156599.10_3,ENST00000287169.7_1;ENST00000529480.1_1,3UTR
chr11,57467974,57467977,potential G-quadruplex & G>=40%,125,+,chr11:57467917-57467977:+,False,"            5'- GAAATTATATATCTATCCTGGGATGGGAAAATGAGGGAGGGATACATATACGGAGGGGGATCTTACTCTT -3'
       rG4seq-K ---------------------------------------------------------*-*----------",ZDHHC5|ENSG00000156599.10_3,ENST00000287169.7_1;ENST00000529480.1_1,3UTR
chr11,58894720,58894722,longloop,16,+,chr11:58894694-58894721:+,False,"            5'- GGGGCCTACTTGAGGGTGGAGGGTGGGAGGAGGGTGA -3'
       rG4seq-K --------------------------**---------",FAM111B|ENSG00000189057.10_4,ENST00000343597.3_3;ENST00000411426.1_3;ENST00000620384.1_3,3UTR
chr11,58894728,58894729,canonical/G3L1-7,40,+,chr11:58894707-58894728:+,False,"            5'- GGGTGGAGGGTGGGAGGAGGGTGAAGACTGA -3'
       rG4seq-K ---------------------*---------",FAM111B|ENSG00000189057.10_4,ENST00000343597.3_3;ENST00000411426.1_3;ENST00000620384.1_3,3UTR
chr11,58972874,58972877,bulges,14,+,chr11:58972850-58972876:+,False,"            5'- GCAAGGTTGGGGGGTGGGCAAAGGGGTGAATCACTA -3'
       rG4seq-K ------------------------***---------",DTX4|ENSG00000110042.7_2,ENST00000227451.3_1,3UTR
chr11,60690175,60690176,canonical/G3L1-7,74,+,chr11:60690156-60690177:+,False,"            5'- GGGAGGGGCAGGGGTAAGGGGACCTGAGGAT -3'
       rG4seq-K -------------------*-----------",TMEM109|ENSG00000110108.9_2,ENST00000227525.7_1;ENST00000536171.1_1;ENST00000540280.1_1,3UTR
chr11,60690196,60690200,longloop,210,+,chr11:60690156-60690198:+,False,"            5'- GGGAGGGGCAGGGGTAAGGGGACCTGAGGATAAAGGGTGGGGAAACAGGGTC -3'
       rG4seq-K ----------------------------------------****--------",TMEM109|ENSG00000110108.9_2,ENST00000227525.7_1;ENST00000536171.1_1;ENST00000540280.1_1,3UTR
chr11,60690234,60690236,longloop,478,+,chr11:60690194-60690235:+,False,"            5'- GGGGAAACAGGGTCCCCTGAGGCCTGTGGGGGCTGCAGGGGAGGAGGATGT -3'
       rG4seq-K ----------------------------------------**---------",TMEM109|ENSG00000110108.9_2,ENST00000227525.7_1;ENST00000536171.1_1;ENST00000540280.1_1,3UTR
chr11,60703795,60703796,two-quartet,43,+,chr11:60703783-60703798:+,False,"            5'- GGGAGGAGGAGGAGGAAGAGGAGGA -3'
       rG4seq-K ------------*------------",TMEM132A|ENSG00000006118.14_5,ENST00000005286.8_3;ENST00000453848.6_3;ENST00000535480.1_3;ENST00000540112.1_4,3UTR;CDS
chr11,60703807,60703808,bulges,88,+,chr11:60703784-60703809:+,False,"            5'- GGAGGAGGAGGAGGAAGAGGAGGAGGAGATGGTCC -3'
       rG4seq-K -----------------------*-----------",TMEM132A|ENSG00000006118.14_5,ENST00000005286.8_3;ENST00000453848.6_3;ENST00000535480.1_3;ENST00000540112.1_4,3UTR;CDS
chr11,60703810,60703811,bulges,160,+,chr11:60703784-60703812:+,False,"            5'- GGAGGAGGAGGAGGAAGAGGAGGAGGAGATGGTCCCTG -3'
       rG4seq-K --------------------------*-----------",TMEM132A|ENSG00000006118.14_5,ENST00000005286.8_3;ENST00000453848.6_3;ENST00000535480.1_3;ENST00000540112.1_4,3UTR;CDS
chr11,60704100,60704102,longloop,54,+,chr11:60704060-60704101:+,False,"            5'- GGGGGAGGGGAGCTGCCCCTGTGAGAGTGGGGGAGGAGGGGAGGCCCCTAC -3'
       rG4seq-K ----------------------------------------**---------",TMEM132A|ENSG00000006118.14_5,ENST00000005286.8_3;ENST00000453848.6_3;ENST00000535480.1_3;ENST00000540112.1_4,3UTR;CDS
chr11,61563005,61563007,potential G-quadruplex & G>=40%,401,+,chr11:61562947-61563007:+,False,"            5'- ATTTATCAGTTCCTGATTGCTGTTCGCCAGGGTGGGGATGTGCTGCAGAATGAGGAGGGTGAGACCACCA -3'
       rG4seq-K ----------------------------------------------------------**----------",FADS2|ENSG00000134824.13_3;FEN1|ENSG00000168496.3_3,ENST00000305885.2_1;ENST00000535723.1_3;ENST00000574708.5_1,CDS;non_coding
chr11,61634412,61634413,bulges,12,+,chr11:61634385-61634414:+,False,"            5'- GAGGCTGCCCTGAGGGGCTGGGGAGGGGGTACCTCATGA -3'
       rG4seq-K ---------------------------*-----------",FADS2|ENSG00000134824.13_3,ENST00000257261.10_1;ENST00000278840.8_1;ENST00000523235.5_1,3UTR
chr11,61634507,61634508,two-quartet,15,+,chr11:61634481-61634506:+,False,"            5'- GGGGACGGGCAAGTGAGAGGGGAGGGAGGGAAGTC -3'
       rG4seq-K --------------------------*--------",FADS2|ENSG00000134824.13_3,ENST00000257261.10_1;ENST00000278840.8_1;ENST00000523235.5_1,3UTR
chr11,61634510,61634512,longloop,44,+,chr11:61634487-61634511:+,False,"            5'- GGGCAAGTGAGAGGGGAGGGAGGGAAGTCCTGGG -3'
       rG4seq-K -----------------------**---------",FADS2|ENSG00000134824.13_3,ENST00000257261.10_1;ENST00000278840.8_1;ENST00000523235.5_1,3UTR
chr11,61634521,61634522,canonical/G3L1-7,86,+,chr11:61634499-61634521:+,False,"            5'- GGGGAGGGAGGGAAGTCCTGGGAGGATCCTGA -3'
       rG4seq-K ----------------------*---------",FADS2|ENSG00000134824.13_3,ENST00000257261.10_1;ENST00000278840.8_1;ENST00000523235.5_1,3UTR
chr11,61914250,61914251,two-quartet,43,+,chr11:61914221-61914250:+,False,"            5'- GGCAGAGCAGCGGGAGCAGGAGCGGCGGGAGCAGGAGCG -3'
       rG4seq-K -----------------------------*---------",INCENP|ENSG00000149503.12_2,ENST00000278849.4_1;ENST00000394818.7_1,CDS
chr11,61919657,61919659,two-quartet,13,+,chr11:61919635-61919657:+,False,"            5'- GGAGGATGGGCTGGGTGGGTGGGTGGGGAAGA -3'
       rG4seq-K ----------------------**--------",INCENP|ENSG00000149503.12_2,ENST00000278849.4_1;ENST00000394818.7_1,3UTR
chr11,61919661,61919664,canonical/G3L1-7,283,+,chr11:61919642-61919663:+,False,"            5'- GGGCTGGGTGGGTGGGTGGGGAAGAAATGGG -3'
       rG4seq-K -------------------***---------",INCENP|ENSG00000149503.12_2,ENST00000278849.4_1;ENST00000394818.7_1,3UTR
chr11,62649309,62649311,canonical/G3L1-7,30,+,chr11:62649292-62649311:+,False,"            5'- GGGAGAAGGGAGGGTGGGGAGGTCAGGGG -3'
       rG4seq-K -----------------**----------",SLC3A2|ENSG00000168003.16_4,ENST00000338663.11_2;ENST00000377889.6_2;ENST00000377890.6_2;ENST00000377891.6_2;ENST00000457660.6_1;ENST00000535296.5_2;ENST00000536981.5_1;ENST00000537508.5_1;ENST00000537839.5_1;ENST00000538084.1_1;ENST00000538682.5_1;ENST00000539458.1_1;ENST00000539891.5_1;ENST00000541649.1_1;ENST00000546253.5_1,5UTR
chr11,62649314,62649315,bulges,42,+,chr11:62649292-62649314:+,False,"            5'- GGGAGAAGGGAGGGTGGGGAGGTCAGGGGCCT -3'
       rG4seq-K ----------------------*---------",SLC3A2|ENSG00000168003.16_4,ENST00000338663.11_2;ENST00000377889.6_2;ENST00000377890.6_2;ENST00000377891.6_2;ENST00000457660.6_1;ENST00000535296.5_2;ENST00000536981.5_1;ENST00000537508.5_1;ENST00000537839.5_1;ENST00000538084.1_1;ENST00000538682.5_1;ENST00000539458.1_1;ENST00000539891.5_1;ENST00000541649.1_1;ENST00000546253.5_1,5UTR
chr11,62649319,62649321,canonical/G3L1-7,63,+,chr11:62649292-62649321:+,False,"            5'- GGGAGAAGGGAGGGTGGGGAGGTCAGGGGCCTCTCAGAG -3'
       rG4seq-K ---------------------------**----------",SLC3A2|ENSG00000168003.16_4,ENST00000338663.11_2;ENST00000377889.6_2;ENST00000377890.6_2;ENST00000377891.6_2;ENST00000457660.6_1;ENST00000535296.5_2;ENST00000536981.5_1;ENST00000537508.5_1;ENST00000537839.5_1;ENST00000538084.1_1;ENST00000538682.5_1;ENST00000539458.1_1;ENST00000539891.5_1;ENST00000541649.1_1;ENST00000546253.5_1,5UTR
chr11,62649333,62649335,longloop,108,+,chr11:62649299-62649334:+,False,"            5'- GGGAGGGTGGGGAGGTCAGGGGCCTCTCAGAGGGGCCTCACTTGT -3'
       rG4seq-K ----------------------------------**---------",SLC3A2|ENSG00000168003.16_4,ENST00000338663.11_2;ENST00000377889.6_2;ENST00000377890.6_2;ENST00000377891.6_2;ENST00000457660.6_1;ENST00000535296.5_2;ENST00000536981.5_1;ENST00000537508.5_1;ENST00000537839.5_1;ENST00000538084.1_1;ENST00000538682.5_1;ENST00000539458.1_1;ENST00000539891.5_1;ENST00000541649.1_1;ENST00000546253.5_1,5UTR
chr11,63594640,63594642,canonical/G3L1-7,136,+,chr11:63594625-63594641:+,False,"            5'- GGGGAGGGAGGGAGGGATGAGGCAGC -3'
       rG4seq-K ---------------**---------",SPINDOC|ENSG00000168005.8_3,ENST00000294244.8_1,3UTR
chr11,63594740,63594741,bulges,82,+,chr11:63594722-63594741:+,False,"            5'- GGGCAGGAGGGGGCTGGGGCAGCATCCAC -3'
       rG4seq-K ------------------*----------",SPINDOC|ENSG00000168005.8_3,ENST00000294244.8_1,3UTR
chr11,63677368,63677369,canonical/G3L1-7,28,+,chr11:63677343-63677368:+,False,"            5'- GGGTGGGGCTGGGGGCTGCTCCGGGGCTGCTGAGG -3'
       rG4seq-K -------------------------*---------",MARK2|ENSG00000072518.20_3,ENST00000377810.7_2;ENST00000402010.6_2,3UTR
chr11,63677561,63677563,canonical/G3L1-7,23,+,chr11:63677543-63677563:+,False,"            5'- GGGCTGGGAGAGGGGAGGGGACTGGAGGGC -3'
       rG4seq-K ------------------**----------",MARK2|ENSG00000072518.20_3,ENST00000377810.7_2;ENST00000402010.6_2,3UTR
chr11,63677965,63677966,bulges,44,+,chr11:63677935-63677967:+,False,"            5'- GTGGCCAGTGTGGGCGTGGGCGGTTTGGGGCGCTTGGCTGGT -3'
       rG4seq-K ------------------------------*-----------",MARK2|ENSG00000072518.20_3,ENST00000377810.7_2;ENST00000402010.6_2,3UTR
chr11,63724049,63724051,bulges,18,+,chr11:63724020-63724050:+,False,"            5'- GGTTCCTCAGGAGGTCGGGACTAGGGTGGGAGAGGCACTA -3'
       rG4seq-K -----------------------------**---------",NAA40|ENSG00000110583.12_3,ENST00000338447.10_1;ENST00000377793.8_2,3UTR
chr11,63971921,63971922,longloop,167,+,chr11:63971894-63971921:+,False,"            5'- GGGGCAGTGGGCATGTTATGGGGAGGGGAGGGGGTTC -3'
       rG4seq-K ---------------------------*---------",STIP1|ENSG00000168439.16_2,ENST00000305218.8_1;ENST00000358794.9_1,3UTR
chr11,63971925,63971929,longloop,547,+,chr11:63971902-63971928:+,False,"            5'- GGGCATGTTATGGGGAGGGGAGGGGGTTCTTCCAGC -3'
       rG4seq-K -----------------------****---------",STIP1|ENSG00000168439.16_2,ENST00000305218.8_1;ENST00000358794.9_1,3UTR
chr11,64010934,64010937,longloop,244,+,"chr11:64010764-64010783:+,chr11:64010922-64010936:+",True,"            5'- GGGACCAGGGGCTGCTGGGGATGTGTGAGGGGGAAAAGCGCAA -3'
       rG4seq-K -------------------------------***---------",FKBP2|ENSG00000173486.12_2,ENST00000309366.8_1;ENST00000394540.3_1;ENST00000449942.6_1;ENST00000535135.5_1;ENST00000536642.5_1;ENST00000541388.1_1,CDS
chr11,64053462,64053465,canonical/G3L1-7,12,+,chr11:64053444-64053464:+,False,"            5'- GGGGGAGGGTGGGGCGGGGGCAGCTTTCGA -3'
       rG4seq-K ------------------***---------",GPR137|ENSG00000173264.14_3,ENST00000377702.8_1;ENST00000411458.5_1;ENST00000535675.5_1;ENST00000536667.5_1;ENST00000538032.5_1;ENST00000538244.1_1;ENST00000539833.5_1;ENST00000539851.5_1;ENST00000540370.1_1;ENST00000543383.5_1;ENST00000546139.5_1;ENST00000546201.5_1,5UTR
chr11,64074851,64074853,longloop,121,+,chr11:64074816-64074852:+,False,"            5'- GGGGAGGGGGCTGGGCCTGGCGAGCAGGGCGGTGGGAAGCTGGTGC -3'
       rG4seq-K -----------------------------------**---------",ESRRA|ENSG00000173153.13_3,ENST00000000442.10_1;ENST00000405666.5_1;ENST00000406310.5_1;ENST00000468670.1_3;ENST00000539594.5_1,CDS
chr11,64082647,64082649,longloop,108,+,chr11:64082614-64082649:+,False,"            5'- GGGGGCACGGGCAGCTGGCCTGGGGGAACTGGGGGCTGCCCTGCT -3'
       rG4seq-K ---------------------------------**----------",ESRRA|ENSG00000173153.13_3,ENST00000000442.10_1;ENST00000405666.5_1;ENST00000406310.5_1;ENST00000467987.1_1;ENST00000539594.5_1;ENST00000545035.1_3,CDS
chr11,64083301,64083303,bulges,101,+,chr11:64083276-64083302:+,False,"            5'- GGGGGTGCTGAGCGGCGGCGGGCGGGCAGGCTGCTG -3'
       rG4seq-K -------------------------**---------",ESRRA|ENSG00000173153.13_3,ENST00000000442.10_1;ENST00000405666.5_1;ENST00000406310.5_1;ENST00000467987.1_1;ENST00000545035.1_3,CDS
chr11,64083459,64083461,bulges,19,+,chr11:64083443-64083462:+,False,"            5'- GGGGTGGGACTGGTGGGGGTTCTGGCAGG -3'
       rG4seq-K ----------------**-----------",ESRRA|ENSG00000173153.13_3,ENST00000000442.10_1;ENST00000405666.5_1;ENST00000406310.5_1;ENST00000545035.1_3,3UTR
chr11,64083765,64083766,longloop,169,+,chr11:64083723-64083766:+,False,"            5'- GGGATGCGTGGGAGGCAGAAACCTATCTCAGGGAGGGAAGGGGATGGAGGCCA -3'
       rG4seq-K ------------------------------------------*----------",ESRRA|ENSG00000173153.13_3,ENST00000000442.10_1;ENST00000405666.5_1;ENST00000406310.5_1,3UTR
chr11,64083790,64083792,potential G-quadruplex & G>=40%,267,+,chr11:64083732-64083792:+,False,"            5'- GGGAGGCAGAAACCTATCTCAGGGAGGGAAGGGGATGGAGGCCAGAGTCTCCCAGTGGGTGATGCTTTTG -3'
       rG4seq-K ----------------------------------------------------------**----------",ESRRA|ENSG00000173153.13_3,ENST00000000442.10_1;ENST00000405666.5_1;ENST00000406310.5_1,3UTR
chr11,64085685,64085687,bulges,646,+,chr11:64085655-64085685:+,False,"            5'- GGAGGCGGAGTGGAAGTGGCCGTGGGGCGGGTATGGGACT -3'
       rG4seq-K ------------------------------**--------",PRDX5|ENSG00000126432.13_2,ENST00000265462.8_1;ENST00000347941.4_1;ENST00000352435.8_1,5UTR
chr11,64085691,64085693,bulges,1225,+,chr11:64085666-64085692:+,False,"            5'- GGAAGTGGCCGTGGGGCGGGTATGGGACTAGCTGGC -3'
       rG4seq-K -------------------------**---------",PRDX5|ENSG00000126432.13_2,ENST00000265462.8_1;ENST00000347941.4_1;ENST00000352435.8_1,5UTR;CDS
chr11,64127672,64127673,bulges,62,+,chr11:64127644-64127671:+,False,"            5'- GGTGTTCCTGGTGCGGAAGGCGGGCGGGCACGACGCG -3'
       rG4seq-K ----------------------------*--------",RPS6KA4|ENSG00000162302.12_4,ENST00000334205.8_3;ENST00000528057.5_3;ENST00000528355.5_1;ENST00000530504.1_1;ENST00000531659.1_1,CDS
chr11,64127682,64127684,bulges,91,+,chr11:64127653-64127684:+,False,"            5'- GGTGCGGAAGGCGGGCGGGCACGACGCGGGGAAGCTGTACG -3'
       rG4seq-K -----------------------------**----------",RPS6KA4|ENSG00000162302.12_4,ENST00000334205.8_3;ENST00000528057.5_3;ENST00000528355.5_1;ENST00000530504.1_1;ENST00000531659.1_1,CDS
chr11,64139182,64139186,canonical/G3L1-7,31,+,chr11:64139155-64139185:+,False,"            5'- GGGGCCTGCTGGGGAGTGGGGTTTGGGGGGCCCTCTCCCA -3'
       rG4seq-K ---------------------------****---------",RPS6KA4|ENSG00000162302.12_4,ENST00000334205.8_3;ENST00000528057.5_3;ENST00000528355.5_1,3UTR
chr11,64701876,64701879,potential G-quadruplex & G>=40%,16,+,chr11:64701819-64701879:+,False,"            5'- CAGGGGGAGGGGGAGGGCACAGGCAAGAAGAGATTCACAGTGTCCTGGGGTAAGGGGGGGTTCACAGTAA -3'
       rG4seq-K ---------------------------------------------------------***----------",PPP2R5B|ENSG00000068971.13_3,ENST00000164133.6_1,3UTR
chr11,64781684,64781686,canonical/G3L1-7,422,+,chr11:64781659-64781685:+,False,"            5'- GGGAGGGGGCTCCGGGGACCATGGGGCTCCTGACCA -3'
       rG4seq-K -------------------------**---------",ARL2-SNX15|ENSG00000273003.1_3;ARL2|ENSG00000213465.7_3,ENST00000246747.8_1;ENST00000301886.3_1;ENST00000524585.1_1;ENST00000529384.5_1;ENST00000533729.1_1,5UTR;CDS
chr11,64852006,64852007,bulges,31,+,chr11:64851975-64852005:+,False,"            5'- GGGGTCGCCGGAGGCGGGATTTATGCAGGGGGTGTTTCTC -3'
       rG4seq-K -------------------------------*--------",ZFPL1|ENSG00000162300.12_4,ENST00000294258.7_1;ENST00000453524.6_1;ENST00000525509.1_1;ENST00000526289.5_1;ENST00000526334.5_3;ENST00000526440.1_1;ENST00000526791.1_1;ENST00000526945.5_3;ENST00000531761.5_1;ENST00000532200.1_3;ENST00000533216.1_1;ENST00000650243.1_1,5UTR
chr11,64855663,64855664,bulges,84,+,chr11:64855641-64855663:+,False,"            5'- GGGGTAATGGGGAGGCTGAGGGCACCTCTTCA -3'
       rG4seq-K ----------------------*---------",ZFPL1|ENSG00000162300.12_4,ENST00000294258.7_1;ENST00000650243.1_1,3UTR
chr11,64893419,64893420,bulges,111,+,chr11:64893393-64893419:+,False,"            5'- GGGGGCCTCAGGAGGAGGGAGGTGGGTGTTGGAGCC -3'
       rG4seq-K --------------------------*---------",MRPL49|ENSG00000149792.8_2,ENST00000279242.6_1;ENST00000524482.5_1;ENST00000526319.5_1;ENST00000528529.1_1;ENST00000531705.1_1;ENST00000532671.1_1;ENST00000533943.1_1;ENST00000534078.1_1,3UTR
chr11,64949244,64949246,bulges,43,+,chr11:64949228-64949248:+,False,"            5'- GCGGAGGGAGGGGCGGGGAGACACCGTGAG -3'
       rG4seq-K ----------------**------------",CAPN1|ENSG00000014216.15_6,ENST00000524773.5_1;ENST00000526966.5_1;ENST00000527739.5_1;ENST00000528396.5_4;ENST00000529133.5_4;ENST00000533129.5_4;ENST00000533820.5_1,5UTR
chr11,65120018,65120019,bulges,92,+,chr11:65119982-65120019:+,False,"            5'- GGGGAAGGATCAGGGGGCCAGGCCAGCAGCTCGGGGGCCACAAGGAG -3'
       rG4seq-K ------------------------------------*----------",DPF2|ENSG00000133884.9_3,ENST00000252268.8_3;ENST00000415073.6_1;ENST00000524666.5_1;ENST00000528416.5_2;ENST00000531989.1_1;ENST00000532052.1_1,3UTR
chr11,65190314,65190316,bulges,328,+,chr11:65190281-65190313:+,False,"            5'- GGGAGGGATGCGCGCCTGGGTGTAGTTGTGGGGGAGGAAGTG -3'
       rG4seq-K ---------------------------------**-------",NEAT1|ENSG00000245532.8_4,ENST00000499732.3_2;ENST00000501122.2_1;ENST00000601801.3_2;ENST00000612303.2_2,non_coding
chr11,65190318,65190319,two-quartet,487,+,chr11:65190299-65190318:+,False,"            5'- GGTGTAGTTGTGGGGGAGGAAGTGGCTAG -3'
       rG4seq-K -------------------*---------",NEAT1|ENSG00000245532.8_4,ENST00000499732.3_2;ENST00000501122.2_1;ENST00000601801.3_2;ENST00000612303.2_2,non_coding
chr11,65190394,65190397,two-quartet,254,+,chr11:65190380-65190396:+,False,"            5'- GGGGGCGGGCTGGGGGTGCGAGAAGG -3'
       rG4seq-K --------------***---------",NEAT1|ENSG00000245532.8_4,ENST00000499732.3_2;ENST00000501122.2_1;ENST00000601801.3_2;ENST00000612303.2_2,non_coding
chr11,65190535,65190536,two-quartet,396,+,chr11:65190524-65190535:+,False,"            5'- GGTGGAGGGGGAACTTGACCT -3'
       rG4seq-K -----------*---------",NEAT1|ENSG00000245532.8_4,ENST00000499732.3_2;ENST00000501122.2_1;ENST00000601801.3_2;ENST00000612303.2_2,non_coding
chr11,65190635,65190636,two-quartet,351,+,chr11:65190611-65190638:+,False,"            5'- GGCAGGGAGAGGTAGAAGGGGTGGAGGAGTCAGGAGG -3'
       rG4seq-K ------------------------*------------",NEAT1|ENSG00000245532.8_4,ENST00000499732.3_2;ENST00000501122.2_1;ENST00000601801.3_2;ENST00000612303.2_2;ENST00000645023.1_1;ENST00000646243.1_1,non_coding
chr11,65190638,65190639,two-quartet,438,+,chr11:65190611-65190638:+,False,"            5'- GGCAGGGAGAGGTAGAAGGGGTGGAGGAGTCAGGAGG -3'
       rG4seq-K ---------------------------*---------",NEAT1|ENSG00000245532.8_4,ENST00000499732.3_2;ENST00000501122.2_1;ENST00000601801.3_2;ENST00000612303.2_2;ENST00000645023.1_1;ENST00000646243.1_1,non_coding
chr11,65190648,65190649,bulges,678,+,chr11:65190619-65190648:+,False,"            5'- GAGGTAGAAGGGGTGGAGGAGTCAGGAGGAATAGGCCGC -3'
       rG4seq-K -----------------------------*---------",NEAT1|ENSG00000245532.8_4,ENST00000499732.3_2;ENST00000501122.2_1;ENST00000601801.3_2;ENST00000612303.2_2;ENST00000645023.1_1;ENST00000646243.1_1,non_coding
chr11,65190721,65190723,longloop,551,+,chr11:65190699-65190722:+,False,"            5'- GGGCTGCAGGAGGGCCGGGAGGGCTAATCTTCA -3'
       rG4seq-K ----------------------**---------",NEAT1|ENSG00000245532.8_4,ENST00000499732.3_2;ENST00000501122.2_1;ENST00000601801.3_2;ENST00000612303.2_2;ENST00000645023.1_1;ENST00000646243.1_1,non_coding
chr11,65191346,65191349,potential G-quadruplex & G>=40%,476,+,chr11:65191289-65191349:+,False,"            5'- CTTCCCGCTGAGGCTGGGGTGGGGCGGATCGGTGTTGCTTGCCTGCAGAGAGGGTGGGGAGTGAATGTGC -3'
       rG4seq-K ---------------------------------------------------------***----------",NEAT1|ENSG00000245532.8_4,ENST00000499732.3_2;ENST00000501122.2_1;ENST00000601801.3_2;ENST00000612303.2_2;ENST00000642367.1_1;ENST00000645023.1_1;ENST00000646243.1_1,non_coding
chr11,65191371,65191373,longloop,955,+,chr11:65191340-65191372:+,False,"            5'- GGGTGGGGAGTGAATGTGCACCCTTGGGTGGGCCTGCAGCCA -3'
       rG4seq-K -------------------------------**---------",NEAT1|ENSG00000245532.8_4,ENST00000499732.3_2;ENST00000501122.2_1;ENST00000601801.3_2;ENST00000612303.2_2;ENST00000642367.1_1;ENST00000645023.1_1;ENST00000646243.1_1,non_coding
chr11,65192356,65192358,bulges,190,+,chr11:65192323-65192359:+,False,"            5'- GAGGACCCTGAGGTGGGAGTTGTGGGGGACGGGGAGAAGGGGACAG -3'
       rG4seq-K ---------------------------------**-----------",NEAT1|ENSG00000245532.8_4,ENST00000499732.3_2;ENST00000501122.2_1;ENST00000601801.3_2;ENST00000642367.1_1;ENST00000645023.1_1;ENST00000646243.1_1,non_coding
chr11,65192364,65192366,canonical/G3L1-7,264,+,chr11:65192337-65192365:+,False,"            5'- GGGAGTTGTGGGGGACGGGGAGAAGGGGACAGCTTGGC -3'
       rG4seq-K ---------------------------**---------",NEAT1|ENSG00000245532.8_4,ENST00000499732.3_2;ENST00000501122.2_1;ENST00000601801.3_2;ENST00000642367.1_1;ENST00000645023.1_1;ENST00000646243.1_1,non_coding
chr11,65192411,65192413,two-quartet,350,+,chr11:65192400-65192412:+,False,"            5'- GGGGGATGGGGGTATGCAGCTT -3'
       rG4seq-K -----------**---------",NEAT1|ENSG00000245532.8_4,ENST00000499732.3_2;ENST00000501122.2_1;ENST00000601801.3_2;ENST00000642367.1_1;ENST00000645023.1_1;ENST00000646243.1_1,non_coding
chr11,65192493,65192497,longloop,239,+,chr11:65192455-65192496:+,False,"            5'- GGGGAGAGGGTTGGTTAGAGATACAGTGTGGGTGGTGGGGGTGGTAGGAAA -3'
       rG4seq-K --------------------------------------****---------",NEAT1|ENSG00000245532.8_4,ENST00000499732.3_2;ENST00000501122.2_1;ENST00000601801.3_2;ENST00000645023.1_1;ENST00000646243.1_1,non_coding
chr11,65192499,65192501,two-quartet,615,+,chr11:65192484-65192503:+,False,"            5'- GGGTGGTGGGGGTGGTAGGAAATGCAGGT -3'
       rG4seq-K ---------------**------------",NEAT1|ENSG00000245532.8_4,ENST00000499732.3_2;ENST00000501122.2_1;ENST00000601801.3_2;ENST00000645023.1_1;ENST00000646243.1_1,non_coding
chr11,65192539,65192541,bulges,1482,+,chr11:65192501-65192540:+,False,"            5'- GGAAATGCAGGTTGAAGGGAATTCTCTGGGGCTTTGGGGAATTTAGTGC -3'
       rG4seq-K --------------------------------------**---------",NEAT1|ENSG00000245532.8_4,ENST00000499732.3_2;ENST00000501122.2_1;ENST00000601801.3_2;ENST00000645023.1_1;ENST00000646243.1_1,non_coding
chr11,65192816,65192817,potential G-quadruplex & G>=40%,567,+,chr11:65192757-65192817:+,False,"            5'- GTCACCAGTTTTCCGAGAACCAAAGGGAGGGGTGTGTGATGCCATCTCACAGGCAGGGGAAATGTCTTTA -3'
       rG4seq-K -----------------------------------------------------------*----------",NEAT1|ENSG00000245532.8_4,ENST00000499732.3_2;ENST00000501122.2_1;ENST00000601801.3_2;ENST00000645023.1_1;ENST00000646243.1_1,non_coding
chr11,65193515,65193518,canonical/G3L1-7,756,+,chr11:65193493-65193517:+,False,"            5'- GGGAAGGGGATGGGGATTGTGGGGAGAGAGTGGG -3'
       rG4seq-K ----------------------***---------",NEAT1|ENSG00000245532.8_4,ENST00000499732.3_2;ENST00000501122.2_1;ENST00000601801.3_2;ENST00000616315.2_2;ENST00000645023.1_1;ENST00000646243.1_1,non_coding
chr11,65193526,65193528,canonical/G3L1-7,1228,+,chr11:65193498-65193527:+,False,"            5'- GGGGATGGGGATTGTGGGGAGAGAGTGGGCGAGGTGCCT -3'
       rG4seq-K ----------------------------**---------",NEAT1|ENSG00000245532.8_4,ENST00000499732.3_2;ENST00000501122.2_1;ENST00000601801.3_2;ENST00000616315.2_2;ENST00000645023.1_1;ENST00000646243.1_1,non_coding
chr11,65193532,65193533,bulges,1836,+,chr11:65193504-65193534:+,False,"            5'- GGGGATTGTGGGGAGAGAGTGGGCGAGGTGCCTTTACTAC -3'
       rG4seq-K ----------------------------*-----------",NEAT1|ENSG00000245532.8_4,ENST00000499732.3_2;ENST00000501122.2_1;ENST00000601801.3_2;ENST00000616315.2_2;ENST00000645023.1_1;ENST00000646243.1_1,non_coding
chr11,65212900,65212902,canonical/G3L1-7,14,+,chr11:65212886-65212901:+,False,"            5'- GGGAGGGAGGGAGGGAGGCGCGGAG -3'
       rG4seq-K --------------**---------",NEAT1|ENSG00000245532.8_4,ENST00000501122.2_1,non_coding
chr11,65268709,65268710,potential G-quadruplex & G>=40%,192,+,chr11:65268650-65268710:+,False,"            5'- TGTAGAGTTTGGATGTGTAACTGAGGCGGGGGGGAGTTTTCAGTATTTTTTTTTGTGGGGGTGGGGGCAA -3'
       rG4seq-K -----------------------------------------------------------*----------",MALAT1|ENSG00000251562.8_3,ENST00000534336.1_2;ENST00000619449.2_2,non_coding
chr11,65268714,65268718,two-quartet,632,+,chr11:65268706-65268717:+,False,"            5'- GGGGGTGGGGGCAAAATATGT -3'
       rG4seq-K --------****---------",MALAT1|ENSG00000251562.8_3,ENST00000534336.1_2;ENST00000619449.2_2,non_coding
chr11,65269030,65269031,bulges,820,+,chr11:65268998-65269032:+,False,"            5'- GGATGGTCTTAACAGGGAAGAGAGAGGGTGGGGGAGAAAATGTT -3'
       rG4seq-K --------------------------------*-----------",MALAT1|ENSG00000251562.8_3,ENST00000534336.1_2;ENST00000619449.2_2,non_coding
chr11,65269375,65269377,bulges,920,+,chr11:65269345-65269376:+,False,"            5'- GGCCTGTTACGGTTGGGATTGGTGGGGTGGGTTTAGGTAAT -3'
       rG4seq-K ------------------------------**---------",MALAT1|ENSG00000251562.8_3,ENST00000508832.2_1;ENST00000534336.1_2;ENST00000619449.2_2,non_coding
chr11,65270066,65270067,G>=40%,394,+,chr11:65270007-65270067:+,False,"            5'- AAATTGTAACTGATTAAGAATTGTGATAGTTCAGCTTGAATGTCTCTTAGAGGGTGGGCTTTTGTTGATG -3'
       rG4seq-K -----------------------------------------------------------*----------",MALAT1|ENSG00000251562.8_3,ENST00000508832.2_1;ENST00000534336.1_2;ENST00000616527.4_2;ENST00000619449.2_2,non_coding
chr11,65270084,65270086,longloop,404,+,chr11:65270058-65270086:+,False,"            5'- GGGTGGGCTTTTGTTGATGAGGGAGGGGAAACTTTTTT -3'
       rG4seq-K --------------------------**----------",MALAT1|ENSG00000251562.8_3,ENST00000508832.2_1;ENST00000534336.1_2;ENST00000616527.4_2;ENST00000619449.2_2,non_coding
chr11,65271578,65271581,canonical/G3L1-7,609,+,chr11:65271555-65271579:+,False,"            5'- GGGAAGGGAGGGGGTGCCTGTGGGGTTTTAAAGA -3'
       rG4seq-K -----------------------***--------",MALAT1|ENSG00000251562.8_3,ENST00000534336.1_2;ENST00000612781.1_1;ENST00000616527.4_2;ENST00000618132.1_1;ENST00000619449.2_2;ENST00000620465.4_1,non_coding
chr11,65271757,65271760,bulges,64,+,chr11:65271732-65271758:+,False,"            5'- GGAATTTGGAGGGATGGGAGGAGGGGGTGGGGCTTA -3'
       rG4seq-K -------------------------***--------",MALAT1|ENSG00000251562.8_3,ENST00000534336.1_2;ENST00000612781.1_1;ENST00000616527.4_2;ENST00000618132.1_1;ENST00000619449.2_2;ENST00000620465.4_1,non_coding
chr11,65271762,65271765,canonical/G3L1-7,455,+,chr11:65271742-65271764:+,False,"            5'- GGGATGGGAGGAGGGGGTGGGGCTTACTTGTT -3'
       rG4seq-K --------------------***---------",MALAT1|ENSG00000251562.8_3,ENST00000534336.1_2;ENST00000612781.1_1;ENST00000616527.4_2;ENST00000618132.1_1;ENST00000619449.2_2;ENST00000620465.4_1,non_coding
chr11,65272619,65272620,two-quartet,200,+,chr11:65272602-65272620:+,False,"            5'- GGCGTGGGGGTGGAGGGGTGAGGTGGGC -3'
       rG4seq-K -----------------*----------",MALAT1|ENSG00000251562.8_3,ENST00000534336.1_2;ENST00000610851.1_2;ENST00000618227.1_1;ENST00000619449.2_2,non_coding
chr11,65272628,65272630,bulges,285,+,chr11:65272602-65272631:+,False,"            5'- GGCGTGGGGGTGGAGGGGTGAGGTGGGCGCTAAGCCTTT -3'
       rG4seq-K --------------------------**-----------",MALAT1|ENSG00000251562.8_3,ENST00000534336.1_2;ENST00000610851.1_2;ENST00000618227.1_1;ENST00000619449.2_2,non_coding
chr11,65272948,65272949,bulges,290,+,chr11:65272921-65272949:+,False,"            5'- GCGGTGCTTGAAGGGGAGGGAAAGGGGGAAAGCGGGCA -3'
       rG4seq-K ---------------------------*----------",MALAT1|ENSG00000251562.8_3,ENST00000534336.1_2;ENST00000610851.1_2;ENST00000616691.1_1;ENST00000617489.1_1;ENST00000618227.1_1;ENST00000619449.2_2,non_coding
chr11,65272956,65272958,canonical/G3L1-7,371,+,chr11:65272933-65272957:+,False,"            5'- GGGGAGGGAAAGGGGGAAAGCGGGCAACCACTTT -3'
       rG4seq-K -----------------------**---------",MALAT1|ENSG00000251562.8_3,ENST00000534336.1_2;ENST00000610851.1_2;ENST00000616691.1_1;ENST00000617489.1_1;ENST00000618227.1_1;ENST00000619449.2_2,non_coding
chr11,65273389,65273391,bulges,726,+,chr11:65273365-65273390:+,False,"            5'- GTGGCTGAGAGGGCTTTTGGGTGGGAATGCAAAAA -3'
       rG4seq-K ------------------------**---------",MALAT1|ENSG00000251562.8_3,ENST00000534336.1_2;ENST00000610851.1_2;ENST00000616691.1_1;ENST00000617489.1_1;ENST00000618227.1_1;ENST00000619449.2_2,non_coding
chr11,65343769,65343771,longloop,16,+,chr11:65343738-65343771:+,False,"            5'- GGGCCTGAGAAGTGGGCGGCGGGGTGGCGGGGGCCATGACCTC -3'
       rG4seq-K -------------------------------**----------",EHBP1L1|ENSG00000173442.12_2,ENST00000309295.8_1;ENST00000533237.5_1;ENST00000634639.1_1,5UTR
chr11,65350431,65350432,bulges,67,+,chr11:65350398-65350431:+,False,"            5'- GGAGATAGAGGTGGGACTTTTGGGGGTTCTGGGAATAGAGACT -3'
       rG4seq-K ---------------------------------*---------",EHBP1L1|ENSG00000173442.12_2,ENST00000309295.8_1;ENST00000526990.1_1;ENST00000533237.5_1;ENST00000533465.1_1;ENST00000634639.1_1,CDS
chr11,65351000,65351004,longloop,37,+,chr11:65350967-65351003:+,False,"            5'- GGGGGATGTCAGAGGGCAAATCTGGGGCTTGGGGGGCCCAGGAAGC -3'
       rG4seq-K ---------------------------------****---------",EHBP1L1|ENSG00000173442.12_2,ENST00000309295.8_1;ENST00000526990.1_1;ENST00000533237.5_1;ENST00000533465.1_1;ENST00000634639.1_1,CDS
chr11,65409806,65409807,bulges,23,+,chr11:65409780-65409808:+,False,"            5'- GGGAGGAGAAGGAGGGCAGCGGAGGGGGCACCCTGCAC -3'
       rG4seq-K --------------------------*-----------",SIPA1|ENSG00000213445.9_3,ENST00000394224.3_1;ENST00000527525.5_1;ENST00000534313.5_1;ENST00000534406.1_1,CDS
chr11,65479853,65479854,bulges,73,+,"chr11:65479717-65479750:+,chr11:65479849-65479855:+",True,"            5'- GTGGCAGTGGAGGGAGGGAAGATGGCGGAGGTGGGGGAGATAATCGAGG -3'
       rG4seq-K -------------------------------------*-----------",KAT5|ENSG00000172977.12_4,ENST00000341318.8_2;ENST00000352980.8_2;ENST00000377046.7_2;ENST00000530446.5_2;ENST00000530605.5_1;ENST00000532042.5_1;ENST00000534104.5_1,5UTR;CDS
chr11,65487005,65487006,two-quartet,51,+,chr11:65486991-65487005:+,False,"            5'- GGGGGTGGGGTGGGTGCTGGCTGC -3'
       rG4seq-K --------------*---------",KAT5|ENSG00000172977.12_4,ENST00000341318.8_2;ENST00000352980.8_2;ENST00000377046.7_2;ENST00000533596.1_1;ENST00000534650.5_1,3UTR
chr11,65628044,65628045,bulges,40,+,chr11:65628029-65628047:+,False,"            5'- GGGGTGGGAGGGCGGCCGCAGGCTCTCC -3'
       rG4seq-K ---------------*------------",MUS81|ENSG00000172732.11_3,ENST00000308110.8_2;ENST00000525768.5_1;ENST00000529857.5_1;ENST00000533035.5_2,5UTR
chr11,65729495,65729496,potential G-quadruplex & G>=40%,56,+,chr11:65729436-65729496:+,False,"            5'- GCGCGGGAGCGGGCGGCGCGGGGCCGAAGCTGAGGCCCGGAGCAGCACGCACGGGCGGGAGCGCAGCCAG -3'
       rG4seq-K -----------------------------------------------------------*----------",SART1|ENSG00000175467.14_2,ENST00000312397.9_1;ENST00000528573.1_1;ENST00000529532.5_1;ENST00000530251.1_1;ENST00000532333.5_1,CDS
chr11,65826245,65826246,longloop,16,+,chr11:65826212-65826246:+,False,"            5'- GGGGGAGAATGGGGGAGGAGTTTAGGGGTTGGGGTGCTGGCACA -3'
       rG4seq-K ---------------------------------*----------",SF3B2|ENSG00000087365.15_4,ENST00000322535.10_3;ENST00000528302.5_3;ENST00000529994.1_1;ENST00000530322.5_2;ENST00000533595.5_2,non_coding
chr11,66012163,66012164,bulges,46,+,chr11:66012142-66012163:+,False,"            5'- GAGGAGATGGGGGTGGGAGGGACTGAGTTGA -3'
       rG4seq-K ---------------------*---------",PACS1|ENSG00000175115.11_3,ENST00000320580.8_1,3UTR
chr11,66043737,66043740,bulges,114,+,chr11:66043711-66043739:+,False,"            5'- GGGGCACATGGAGTGGGACAGGAGGGGGCACCTTCTCC -3'
       rG4seq-K --------------------------*-*---------",RAB1B|ENSG00000174903.15_3,ENST00000311481.10_1;ENST00000527397.1_1,3UTR
chr11,66044327,66044330,canonical/G3L1-7,145,+,chr11:66044314-66044329:+,False,"            5'- GGGCGGGTGGGCGGGTAGCAGTGCT -3'
       rG4seq-K -------------***---------",RAB1B|ENSG00000174903.15_3,ENST00000311481.10_1,3UTR
chr11,66276815,66276818,canonical/G3L1-7,37,+,chr11:66276796-66276817:+,False,"            5'- GGGGCTGGGGAGGGGGAGGGGCAGGAGCTTG -3'
       rG4seq-K -------------------***---------",AP002748.4|ENSG00000256349.1_6;DPP3|ENSG00000254986.7_4,ENST00000419755.3_1;ENST00000530165.5_2;ENST00000531863.5_2;ENST00000532677.5_2;ENST00000539085.1_1;ENST00000541961.5_2,3UTR;non_coding
chr11,66394174,66394176,canonical/G3L1-7,52,+,chr11:66394148-66394175:+,False,"            5'- GGGATGGGGCACCACAGGGAGGGAGGGAGAAAAGAGG -3'
       rG4seq-K --------------------------**---------",RBM14-RBM4|ENSG00000248643.5_3;RBM14|ENSG00000239306.4_3,ENST00000310137.4_1;ENST00000393979.3_1;ENST00000412278.2_3;ENST00000421355.1_3;ENST00000500635.2_3;ENST00000511114.1_1,3UTR;non_coding
chr11,66394188,66394190,longloop,140,+,chr11:66394154-66394189:+,False,"            5'- GGGCACCACAGGGAGGGAGGGAGAAAAGAGGTGGGTAGGGTTACA -3'
       rG4seq-K ----------------------------------**---------",RBM14-RBM4|ENSG00000248643.5_3;RBM14|ENSG00000239306.4_3,ENST00000310137.4_1;ENST00000393979.3_1;ENST00000412278.2_3;ENST00000421355.1_3;ENST00000500635.2_3;ENST00000511114.1_1,3UTR;non_coding
chr11,66394193,66394195,longloop,203,+,chr11:66394154-66394194:+,False,"            5'- GGGCACCACAGGGAGGGAGGGAGAAAAGAGGTGGGTAGGGTTACAGATCC -3'
       rG4seq-K ---------------------------------------**---------",RBM14-RBM4|ENSG00000248643.5_3;RBM14|ENSG00000239306.4_3,ENST00000310137.4_1;ENST00000393979.3_1;ENST00000412278.2_3;ENST00000421355.1_3;ENST00000500635.2_3;ENST00000511114.1_1,3UTR;non_coding
chr11,66408200,66408201,two-quartet,21,+,chr11:66408175-66408200:+,False,"            5'- GGAGGCACTGGGGTTTTAGGGGCGGTAATGACTGT -3'
       rG4seq-K -------------------------*---------",RBM14-RBM4|ENSG00000248643.5_3;RBM4|ENSG00000173933.20_4,ENST00000310092.11_1;ENST00000396053.9_2;ENST00000398692.8_1;ENST00000408993.6_1;ENST00000409406.1_1;ENST00000412278.2_3;ENST00000421355.1_3;ENST00000483858.5_1;ENST00000500635.2_3;ENST00000506523.6_1;ENST00000510173.6_2;ENST00000528039.5_1;ENST00000530235.1_1;ENST00000578778.5_1,3UTR;non_coding
chr11,66624160,66624162,canonical/G3L1-7,29,+,chr11:66624134-66624161:+,False,"            5'- GGGCATGTGTGGGTGTGTTGGGGAGGGTGCCCAGCGA -3'
       rG4seq-K --------------------------**---------",LRFN4|ENSG00000173621.8_3,ENST00000531590.1_1,non_coding
chr11,66627622,66627626,canonical/G3L1-7,39,+,chr11:66627596-66627625:+,False,"            5'- GGGGCTGCTCGGGGCAGGGTGCCGGGGGGTAGGAGGCAG -3'
       rG4seq-K --------------------------**-*---------",LRFN4|ENSG00000173621.8_3,ENST00000309602.4_3;ENST00000393952.3_3,CDS
chr11,66817129,66817131,bulges,69,+,chr11:66817112-66817131:+,False,"            5'- GGGGGTGGCAGGGGTGGGGCAGAGAGAAT -3'
       rG4seq-K -----------------**----------",SYT12|ENSG00000173227.13_3,ENST00000393946.6_1,3UTR
chr11,66817592,66817594,longloop,82,+,chr11:66817556-66817593:+,False,"            5'- GGGGGCAGGGGCCTGGAGTACGAGGGGCACCCTGGGGGCTCCCACCC -3'
       rG4seq-K ------------------------------------**---------",SYT12|ENSG00000173227.13_3,ENST00000393946.6_1,3UTR
chr11,67018097,67018098,bulges,16,+,chr11:67018063-67018097:+,False,"            5'- GGAGAGGAGGAGGAAGAGGAGGAGGAGGAGGAGGAAGATGACAG -3'
       rG4seq-K ----------------------------------*---------",KDM2A|ENSG00000173120.14_2,ENST00000308783.9_1;ENST00000398645.6_1;ENST00000526258.5_1;ENST00000529006.6_1;ENST00000530342.2_1;ENST00000531696.5_1,CDS
chr11,67023698,67023701,canonical/G3L1-7,37,+,chr11:67023684-67023700:+,False,"            5'- GGGAGGGAGGGAGGGGAGCATGGTGT -3'
       rG4seq-K --------------***---------",KDM2A|ENSG00000173120.14_2,ENST00000398645.6_1;ENST00000524657.1_1;ENST00000526258.5_1;ENST00000529006.6_1;ENST00000530342.2_1;ENST00000531696.5_1,3UTR
chr11,67024818,67024819,potential G-quadruplex & G>=40%,78,+,chr11:67024759-67024819:+,False,"            5'- ATTGGTCAGCAGAAAAGGGAGCCCAGAAAAGGCAGCAGATGGACCATGCCCTTGCTGGGTTTTCCTTTTC -3'
       rG4seq-K -----------------------------------------------------------*----------",KDM2A|ENSG00000173120.14_2,ENST00000398645.6_1;ENST00000524657.1_1;ENST00000526258.5_1;ENST00000529006.6_1,3UTR
chr11,67202660,67202661,longloop,22,+,chr11:67202631-67202661:+,False,"            5'- GGGCGCTAGGAAGCCGGGTGGGGGTGAGGGTAGCCCTTGA -3'
       rG4seq-K -----------------------------*----------",RPS6KB2|ENSG00000175634.14_3,ENST00000312629.9_1;ENST00000525088.5_1;ENST00000528964.5_1,3UTR;CDS
chr11,67202746,67202749,two-quartet,38,+,chr11:67202726-67202748:+,False,"            5'- GGGGGTGTGTCTGGGGGTGGGGTGTGAGTGCG -3'
       rG4seq-K --------------------***---------",RPS6KB2|ENSG00000175634.14_3,ENST00000312629.9_1;ENST00000525088.5_1;ENST00000528964.5_1,3UTR
chr11,67351246,67351247,bulges,16,+,chr11:67351228-67351246:+,False,"            5'- GGGGCGGAGCGGGGCGGGACCACCCTTA -3'
       rG4seq-K ------------------*---------",GSTP1|ENSG00000084207.16_3,ENST00000398603.5_1;ENST00000398606.8_2,5UTR
chr11,68216689,68216692,canonical/G3L1-7,88,+,chr11:68216673-68216691:+,False,"            5'- GGGGTGGGCAGGGCTGGGAGAACTTTGT -3'
       rG4seq-K ----------------***---------",LRP5|ENSG00000162337.11_2,ENST00000294304.11_1;ENST00000529993.5_1,3UTR
chr11,69466006,69466007,bulges,43,+,chr11:69465975-69466006:+,False,"            5'- GAGGAGGAGGAAGAGGAGGAGGAGGAGGTGGACCTGGCTTG -3'
       rG4seq-K -------------------------------*---------",CCND1|ENSG00000110092.3_2,ENST00000227507.2_1;ENST00000542367.1_1,CDS
chr11,69466319,69466321,two-quartet,128,+,chr11:69466305-69466320:+,False,"            5'- GGTGGGGGAGGAGGGTTGTGCTACA -3'
       rG4seq-K --------------**---------",CCND1|ENSG00000110092.3_2,ENST00000227507.2_1,3UTR
chr11,70049844,70049846,bulges,150,+,chr11:70049816-70049845:+,False,"            5'- GGGGGCGGCGGCCGGGGCCGCGCCTGGGGAAGAAGACCT -3'
       rG4seq-K ----------------------------**---------",FADD|ENSG00000168040.4_2,ENST00000301838.4_1,CDS
chr11,70053153,70053156,bulges,25,+,chr11:70053129-70053154:+,False,"            5'- GGGGAGAGGCATGGCTGGGGTGGGGGTGGGGAGAC -3'
       rG4seq-K ------------------------***--------",FADD|ENSG00000168040.4_2,ENST00000301838.4_1,3UTR
chr11,70053158,70053161,longloop,105,+,chr11:70053130-70053160:+,False,"            5'- GGGAGAGGCATGGCTGGGGTGGGGGTGGGGAGACCTGGTT -3'
       rG4seq-K ----------------------------***---------",FADD|ENSG00000168040.4_2,ENST00000301838.4_1,3UTR
chr11,70281397,70281399,potential G-quadruplex & G>=40%,97,+,chr11:70281339-70281399:+,False,"            5'- GTGGTTTTGGGTTTTTTCTGTTTTTTTTTTTTTTTTTTTTTTTTTGAAGGTGGGGAGGGGAATATACACA -3'
       rG4seq-K ----------------------------------------------------------**----------",CTTN|ENSG00000085733.15_2,ENST00000301843.12_1;ENST00000346329.7_1;ENST00000376561.7_1;ENST00000393747.3_1;ENST00000529736.5_1,3UTR
chr11,71640138,71640143,bulges,35,+,chr11:71640109-71640144:+,False,"            5'- GGCGGCAGTGGTGGAGGTGGAGGTTGGAGGTGGTGCTGCTGGGGA -3'
       rG4seq-K -----------------------------*****-----------",RNF121|ENSG00000137522.17_3,ENST00000361756.7_1;ENST00000393711.7_1;ENST00000393713.7_1;ENST00000490867.5_1;ENST00000525243.5_2;ENST00000526549.5_1;ENST00000528683.5_1;ENST00000530058.5_1;ENST00000530137.1_1;ENST00000530655.5_1;ENST00000533380.5_1,5UTR;CDS
chr11,71708429,71708431,longloop,32,+,chr11:71708402-71708430:+,False,"            5'- GGGCCTGACAACGGGAGTGGTGGGTGGGTGAGAACAGG -3'
       rG4seq-K ---------------------------**---------",RNF121|ENSG00000137522.17_3,ENST00000361756.7_1;ENST00000393713.7_1;ENST00000526549.5_1;ENST00000530137.1_1,3UTR
chr11,71936004,71936007,longloop,12,+,chr11:71935974-71936005:+,False,"            5'- GGGGCGGATGGCGCGGGGCGGCGGGGGCGGGCGGTGCTGAG -3'
       rG4seq-K ------------------------------***--------",INPPL1|ENSG00000165458.13_5,ENST00000298229.6_1;ENST00000540973.1_3;ENST00000543234.1_3,5UTR
chr11,71941251,71941252,bulges,85,+,chr11:71941230-71941251:+,False,"            5'- GTGGATGTGGAGGGTGGGCGGCTGGTGCTGC -3'
       rG4seq-K ---------------------*---------",INPPL1|ENSG00000165458.13_5,ENST00000298229.6_1;ENST00000538751.5_1;ENST00000540329.5_3;ENST00000541756.5_1,CDS
chr11,71949117,71949118,canonical/G3L1-7,39,+,chr11:71949099-71949118:+,False,"            5'- GGGCGGGCGGGCCAGCGGGCTGGGCGAGG -3'
       rG4seq-K ------------------*----------",INPPL1|ENSG00000165458.13_5,ENST00000298229.6_1;ENST00000320683.7_5;ENST00000535985.1_1;ENST00000538751.5_1;ENST00000541752.1_3;ENST00000541756.5_1,CDS
chr11,71949122,71949123,canonical/G3L1-7,59,+,chr11:71949099-71949123:+,False,"            5'- GGGCGGGCGGGCCAGCGGGCTGGGCGAGGCAGGC -3'
       rG4seq-K -----------------------*----------",INPPL1|ENSG00000165458.13_5,ENST00000298229.6_1;ENST00000320683.7_5;ENST00000535985.1_1;ENST00000538751.5_1;ENST00000541752.1_3;ENST00000541756.5_1,CDS
chr11,71949907,71949908,potential G-quadruplex & G>=40%,66,+,chr11:71949848-71949908:+,False,"            5'- AATAGCCCGAGGACCGGGCTGGGGTTTATTTAAACTGTTCTGTGTGGGTCTGGGGAGGGAGAGCACCTTA -3'
       rG4seq-K -----------------------------------------------------------*----------",INPPL1|ENSG00000165458.13_5,ENST00000298229.6_1;ENST00000535985.1_1;ENST00000538751.5_1;ENST00000541756.5_1,3UTR
chr11,71949943,71949945,two-quartet,119,+,chr11:71949926-71949945:+,False,"            5'- GGGGTTGGTTGGGGTGGGGCAGGATCTCA -3'
       rG4seq-K -----------------**----------",INPPL1|ENSG00000165458.13_5,ENST00000298229.6_1;ENST00000535985.1_1;ENST00000538751.5_1;ENST00000541756.5_1,3UTR
chr11,71950043,71950045,bulges,91,+,chr11:71950024-71950047:+,False,"            5'- GGCGGCAGGGTGGGGGAGGGAGGTTCCTCGCAG -3'
       rG4seq-K -------------------**------------",INPPL1|ENSG00000165458.13_5,ENST00000298229.6_1;ENST00000535985.1_1;ENST00000538751.5_1;ENST00000541756.5_1,3UTR
chr11,71950047,71950048,bulges,125,+,chr11:71950024-71950047:+,False,"            5'- GGCGGCAGGGTGGGGGAGGGAGGTTCCTCGCAG -3'
       rG4seq-K -----------------------*---------",INPPL1|ENSG00000165458.13_5,ENST00000298229.6_1;ENST00000535985.1_1;ENST00000538751.5_1;ENST00000541756.5_1,3UTR
chr11,73008934,73008935,bulges,17,+,chr11:73008907-73008935:+,False,"            5'- GGGGGAGGTGAGAGCTTCTGGGAAGGGGCATTTGAGCT -3'
       rG4seq-K ---------------------------*----------",P2RY6|ENSG00000171631.14_5,ENST00000393590.2_1;ENST00000618468.4_1,3UTR
chr11,73080025,73080028,bulges,18,+,chr11:73079999-73080027:+,False,"            5'- GGTTTTGGTTTTGTTTGGGGTGGGTGGGTCATTGCGGT -3'
       rG4seq-K --------------------------***---------",ARHGEF17|ENSG00000110237.4_4,ENST00000263674.3_2;ENST00000643371.1_1,3UTR
chr11,73080036,73080037,bulges,48,+,chr11:73080015-73080036:+,False,"            5'- GGGGTGGGTGGGTCATTGCGGTCTTAGATTA -3'
       rG4seq-K ---------------------*---------",ARHGEF17|ENSG00000110237.4_4,ENST00000263674.3_2;ENST00000643371.1_1,3UTR
chr11,74550725,74550727,bulges,47,+,chr11:74550687-74550726:+,False,"            5'- GGGGAAGTTAGGGGGGAGGGTGAAGGTCAGTCTGAGGGGAAATCCAGGA -3'
       rG4seq-K --------------------------------------**---------",RNF169|ENSG00000166439.5_3,ENST00000299563.4_1;ENST00000527301.1_3,3UTR
chr11,74688174,74688175,potential G-quadruplex & G>=40%,148,+,chr11:74688115-74688175:+,False,"            5'- CTGGATCTTGCTGAATTAGTGGCTTGGGGGGTGGGGGAGATAAAAAGAACTTAAAATGGGTAAAGTAAGA -3'
       rG4seq-K -----------------------------------------------------------*----------",SPCS2|ENSG00000118363.11_4,ENST00000263672.10_3;ENST00000526361.1_1;ENST00000528265.1_1;ENST00000530257.5_1;ENST00000532972.5_3;ENST00000610881.4_3,3UTR
chr11,74720146,74720147,bulges,175,+,chr11:74720113-74720146:+,False,"            5'- GGAATAGTAAGAAAAGGGGGTTGGGAACAGGGGAAATCCAGAA -3'
       rG4seq-K ---------------------------------*---------",NEU3|ENSG00000162139.9_2,ENST00000294064.8_1;ENST00000529024.1_1,3UTR
chr11,75273257,75273259,canonical/G3L1-7,131,+,chr11:75273236-75273259:+,False,"            5'- GGGACGGGCAGGAGGGGGTGGGGACTGCCATAT -3'
       rG4seq-K ---------------------**----------",SERPINH1|ENSG00000149257.14_4,ENST00000358171.7_1;ENST00000526242.1_1;ENST00000533603.5_1,5UTR
chr11,75273295,75273296,potential G-quadruplex & G>=40%,408,+,chr11:75273236-75273296:+,False,"            5'- GGGACGGGCAGGAGGGGGTGGGGACTGCCATATATAGATCCCGGGAGCAGGGGAGCGGGCTAAGAGTAGA -3'
       rG4seq-K -----------------------------------------------------------*----------",SERPINH1|ENSG00000149257.14_4,ENST00000358171.7_1;ENST00000526242.1_1;ENST00000526397.5_1;ENST00000533603.5_1;ENST00000649490.1_1,5UTR
chr11,75283206,75283207,canonical/G3L1-7,175,+,chr11:75283183-75283206:+,False,"            5'- GGGTGCTATTGGGGTTGGGGGGGAGGTGAGGTA -3'
       rG4seq-K -----------------------*---------",SERPINH1|ENSG00000149257.14_4,ENST00000358171.7_1;ENST00000524558.5_1;ENST00000525876.1_1;ENST00000526638.1_1;ENST00000533603.5_1;ENST00000649490.1_1,3UTR
chr11,75283242,75283244,potential G-quadruplex & G>=40%,347,+,chr11:75283184-75283244:+,False,"            5'- GGTGCTATTGGGGTTGGGGGGGAGGTGAGGTACCAGCCTTGGATACTCCATGGGGTGGGGGTGGAAAAAC -3'
       rG4seq-K ----------------------------------------------------------**----------",SERPINH1|ENSG00000149257.14_4,ENST00000358171.7_1;ENST00000524558.5_1;ENST00000525876.1_1;ENST00000526638.1_1;ENST00000533603.5_1;ENST00000649490.1_1,3UTR
chr11,75283248,75283249,two-quartet,604,+,chr11:75283224-75283248:+,False,"            5'- GGATACTCCATGGGGTGGGGGTGGAAAAACAGAC -3'
       rG4seq-K ------------------------*---------",SERPINH1|ENSG00000149257.14_4,ENST00000358171.7_1;ENST00000524558.5_1;ENST00000525876.1_1;ENST00000526638.1_1;ENST00000533603.5_1;ENST00000649490.1_1,3UTR
chr11,75283262,75283264,bulges,805,+,chr11:75283235-75283263:+,False,"            5'- GGGGTGGGGGTGGAAAAACAGACCGGGGTTCCCGTGTG -3'
       rG4seq-K ---------------------------**---------",SERPINH1|ENSG00000149257.14_4,ENST00000358171.7_1;ENST00000524558.5_1;ENST00000525876.1_1;ENST00000526638.1_1;ENST00000533603.5_1;ENST00000649490.1_1,3UTR
chr11,75283750,75283753,two-quartet,952,+,chr11:75283738-75283752:+,False,"            5'- GGGAGGGAAGGGGGAACATGAGCC -3'
       rG4seq-K ------------*-*---------",SERPINH1|ENSG00000149257.14_4,ENST00000358171.7_1;ENST00000524558.5_1;ENST00000525876.1_1;ENST00000526638.1_1;ENST00000533603.5_1,3UTR
chr11,76262307,76262311,canonical/G3L1-7,86,+,chr11:76262290-76262310:+,False,"            5'- GGGGTAAGGGGGTGGGAGGGTAAGAGTTTT -3'
       rG4seq-K -----------------*-**---------",EMSY|ENSG00000158636.16_5,ENST00000334736.7_1;ENST00000529032.5_1,3UTR
chr11,76508064,76508066,canonical/G3L1-7,143,+,chr11:76508047-76508065:+,False,"            5'- GGGCAGAGGGTGGGTGGGACCCCCTGCT -3'
       rG4seq-K -----------------**---------",TSKU|ENSG00000182704.7_3,ENST00000333090.4_1;ENST00000527881.1_1;ENST00000612930.1_1,3UTR
chr11,82868422,82868424,bulges,32,+,chr11:82868390-82868424:+,False,"            5'- GGGGAGAGGAAGAGGAGTCGGAAGGGAGGCGGGGTATCCAGAGC -3'
       rG4seq-K --------------------------------**----------",PCF11|ENSG00000165494.11_3,ENST00000298281.8_1;ENST00000530304.5_1;ENST00000530660.5_1;ENST00000533018.1_1;ENST00000624931.1_1,5UTR
chr11,82868864,82868865,canonical/G3L1-7,24,+,chr11:82868838-82868864:+,False,"            5'- GGGCCTCTGGGGGGGAGGGAGTGGGGAGGATAAAGG -3'
       rG4seq-K --------------------------*---------",PCF11|ENSG00000165494.11_3,ENST00000298281.8_1;ENST00000530304.5_1;ENST00000530660.5_1;ENST00000533018.1_1;ENST00000624931.1_1,non_coding
chr11,82868878,82868879,bulges,50,+,chr11:82868851-82868880:+,False,"            5'- GGAGGGAGTGGGGAGGATAAAGGGTGGAGTCCCACTTCC -3'
       rG4seq-K ---------------------------*-----------",PCF11|ENSG00000165494.11_3,ENST00000298281.8_1;ENST00000530304.5_1;ENST00000530660.5_1;ENST00000533018.1_1;ENST00000624931.1_1,non_coding
chr11,82869145,82869147,longloop,23,+,chr11:82869113-82869146:+,False,"            5'- GGGGGACCTGGGAGCGAGCTGTTGGTGGGTGGGAATAGGGATT -3'
       rG4seq-K --------------------------------**---------",PCF11|ENSG00000165494.11_3,ENST00000298281.8_1;ENST00000530304.5_1;ENST00000530660.5_1;ENST00000533018.1_1;ENST00000624931.1_1,non_coding
chr11,82869152,82869154,longloop,51,+,chr11:82869113-82869153:+,False,"            5'- GGGGGACCTGGGAGCGAGCTGTTGGTGGGTGGGAATAGGGATTTGGCCCC -3'
       rG4seq-K ---------------------------------------**---------",PCF11|ENSG00000165494.11_3,ENST00000298281.8_1;ENST00000530304.5_1;ENST00000530660.5_1;ENST00000533018.1_1;ENST00000624931.1_1,non_coding
chr11,82869374,82869376,canonical/G3L1-7,9,+,chr11:82869351-82869376:+,False,"            5'- GGGGCAAGTGGGGTTGAGGGTGGGGTTTGGGTGGG -3'
       rG4seq-K -----------------------**----------",PCF11|ENSG00000165494.11_3,ENST00000298281.8_1;ENST00000530304.5_1;ENST00000530660.5_1;ENST00000533018.1_1;ENST00000624931.1_1,non_coding
chr11,82869386,82869390,canonical/G3L1-7,28,+,chr11:82869368-82869389:+,False,"            5'- GGGTGGGGTTTGGGTGGGGGGAGGAGATCTT -3'
       rG4seq-K ------------------****---------",PCF11|ENSG00000165494.11_3,ENST00000298281.8_1;ENST00000530304.5_1;ENST00000530660.5_1;ENST00000533018.1_1;ENST00000624931.1_1,non_coding
chr11,93454926,93454928,potential G-quadruplex & G>=40%,118,+,chr11:93454868-93454928:+,False,"            5'- CGCACATGTGTTTATAAAGATAACAGCTGTAGGAATGAATGAGATTGAGGGTGGGGGGGTGCGTATGTAT -3'
       rG4seq-K ----------------------------------------------------------**----------",CEP295|ENSG00000166004.14_5;SCARNA9|ENSG00000254911.3_5,ENST00000325212.10_3;ENST00000530422.1_1;ENST00000530425.1_5;ENST00000531700.5_3,non_coding
chr11,102101441,102101442,bulges,101,+,chr11:102101414-102101441:+,False,"            5'- GGGTCGGTGGGGGGGTTGGTTGGTTGGTTGGTTTTGT -3'
       rG4seq-K ---------------------------*---------",YAP1|ENSG00000137693.13_4,ENST00000282441.9_1;ENST00000345877.6_1;ENST00000537274.5_1;ENST00000615667.4_1,3UTR
chr11,102101445,102101446,two-quartet,162,+,chr11:102101414-102101445:+,False,"            5'- GGGTCGGTGGGGGGGTTGGTTGGTTGGTTGGTTTTGTCGGA -3'
       rG4seq-K -------------------------------*---------",YAP1|ENSG00000137693.13_4,ENST00000282441.9_1;ENST00000345877.6_1;ENST00000537274.5_1;ENST00000615667.4_1,3UTR
chr11,102103015,102103021,canonical/G3L1-7,46,+,chr11:102102989-102103019:+,False,"            5'- GGGGGAGGGTGGGAAAGTTTGGGGGGGGGGTTGTGAAGAT -3'
       rG4seq-K --------------------------******--------",YAP1|ENSG00000137693.13_4,ENST00000282441.9_1;ENST00000345877.6_1;ENST00000537274.5_1;ENST00000615667.4_1,3UTR
chr11,102103035,102103038,bulges,254,+,chr11:102102999-102103034:+,False,"            5'- GGGAAAGTTTGGGGGGGGGGTTGTGAAGATTTAGGGGGACCTTGA -3'
       rG4seq-K ------------------------------------***------",YAP1|ENSG00000137693.13_4,ENST00000282441.9_1;ENST00000345877.6_1;ENST00000537274.5_1;ENST00000615667.4_1,3UTR
chr11,107975428,107975431,canonical/G3L1-7,55,+,chr11:107975411-107975430:+,False,"            5'- GGGAAGGGTGAGGGTGGGGTTCTTGTTGC -3'
       rG4seq-K -----------------***---------",CUL5|ENSG00000166266.13_2,ENST00000393094.6_1;ENST00000531427.5_1,3UTR
chr11,111600905,111600906,bulges,22,+,chr11:111600880-111600905:+,False,"            5'- GAGGCAAAGTGGGTGGGTAGAGGGGAGCTTTAAAA -3'
       rG4seq-K -------------------------*---------",SIK2|ENSG00000170145.4_2,ENST00000304987.3_1,3UTR
chr11,111601242,111601244,two-quartet,17,+,chr11:111601230-111601243:+,False,"            5'- GGGAGGTGGGTGGTTTTGCTGGA -3'
       rG4seq-K ------------**---------",SIK2|ENSG00000170145.4_2,ENST00000304987.3_1,3UTR
chr11,114166639,114166640,bulges,142,+,chr11:114166616-114166639:+,False,"            5'- GGGCATGAGGAGAGGGTCTCGGGATGTTTGGCT -3'
       rG4seq-K -----------------------*---------",NNMT|ENSG00000166741.7_3,ENST00000299964.3_1;ENST00000535401.5_1;ENST00000541090.1_1,5UTR
chr11,114271409,114271413,two-quartet,34,+,chr11:114271395-114271412:+,False,"            5'- GGGGGCGGCGGCGGCGGAAGCGGATCG -3'
       rG4seq-K --------------*-**---------",AP002373.1|ENSG00000255663.1_6;RBM7|ENSG00000076053.10_4,ENST00000375490.9_2;ENST00000540163.5_1;ENST00000541475.5_1;ENST00000542140.5_1;ENST00000544313.5_1;ENST00000544347.1_2;ENST00000544582.1_1;ENST00000545678.1_1;ENST00000624815.3_1,5UTR;CDS
chr11,118987202,118987203,longloop,17,+,chr11:118987173-118987202:+,False,"            5'- GGGACTGGTGGCTGGGAGGGAGAGGAGGGCCCTGTCCGG -3'
       rG4seq-K -----------------------------*---------",C2CD2L|ENSG00000172375.13_3,ENST00000336702.7_2;ENST00000525598.1_1;ENST00000528586.2_2;ENST00000648610.1_1,3UTR
chr11,119205364,119205366,canonical/G3L1-7,18,+,chr11:119205336-119205366:+,False,"            5'- GGGAAGACGGGGGCCGGGCGGGGACAGGGGCACCTGCGTA -3'
       rG4seq-K ----------------------------**----------",RNF26|ENSG00000173456.4_2,ENST00000311413.4_1,5UTR
chr11,120356615,120356617,canonical/G3L1-7,67,+,chr11:120356597-120356616:+,False,"            5'- GGGTTGGGATTTGGGTGGGAGAGGAAAGC -3'
       rG4seq-K ------------------**---------",ARHGEF12|ENSG00000196914.8_2,ENST00000356641.7_2;ENST00000397843.6_2;ENST00000532993.5_1,3UTR
chr11,120356801,120356802,longloop,10,+,chr11:120356772-120356801:+,False,"            5'- GGGGTGGGGGTTGCTAAGGAAAGGGTGGGATGGGAGTGG -3'
       rG4seq-K -----------------------------*---------",ARHGEF12|ENSG00000196914.8_2,ENST00000356641.7_2;ENST00000397843.6_2;ENST00000532993.5_1,3UTR
chr11,120356806,120356807,longloop,14,+,chr11:120356779-120356806:+,False,"            5'- GGGTTGCTAAGGAAAGGGTGGGATGGGAGTGGGTAAA -3'
       rG4seq-K ---------------------------*---------",ARHGEF12|ENSG00000196914.8_2,ENST00000356641.7_2;ENST00000397843.6_2;ENST00000532993.5_1,3UTR
chr11,120356810,120356813,canonical/G3L1-7,43,+,chr11:120356794-120356812:+,False,"            5'- GGGTGGGATGGGAGTGGGTAAAGAGTTT -3'
       rG4seq-K ----------------***---------",ARHGEF12|ENSG00000196914.8_2,ENST00000356641.7_2;ENST00000397843.6_2;ENST00000532993.5_1,3UTR
chr11,120958828,120958830,bulges,17,+,chr11:120958791-120958829:+,False,"            5'- GTGGTGTGTGTGGGGAATGAAGTTGGGGGATGTGGGGGAAGAGCTTAT -3'
       rG4seq-K -------------------------------------**---------",AP000646.1|ENSG00000285509.1_2;TBCEL|ENSG00000154114.12_3,ENST00000284259.11_1;ENST00000422003.6_1;ENST00000531148.5_1;ENST00000644541.1_1;ENST00000645041.1_1,3UTR;non_coding
chr11,124017433,124017434,canonical/G3L1-7,26,+,chr11:124017412-124017433:+,False,"            5'- GGGAAGGGTGGGCTTAATGGGAGCTTTGCCT -3'
       rG4seq-K ---------------------*---------",VWA5A|ENSG00000110002.15_3,ENST00000392748.5_3;ENST00000456829.6_3,3UTR
chr11,125454371,125454372,two-quartet,235,+,chr11:125454352-125454371:+,False,"            5'- GGTGGTGGGAGGCAGCGGGCAGAAATTTA -3'
       rG4seq-K -------------------*---------",EI24|ENSG00000149547.14_5,ENST00000278903.10_1,3UTR
chr11,126132170,126132173,bulges,36,+,chr11:126132152-126132173:+,False,"            5'- GGGCGGGGTAGAAGAGGGGGGAATGTTGCAG -3'
       rG4seq-K ------------------***----------",FAM118B|ENSG00000197798.8_3,ENST00000360194.8_2;ENST00000529731.5_1;ENST00000531935.1_1;ENST00000533050.5_2;ENST00000627851.2_1,3UTR
chr11,126215557,126215559,bulges,134,+,chr11:126215538-126215559:+,False,"            5'- GGGATTGGGGGAGGAGTGGGGACAAGATTTT -3'
       rG4seq-K -------------------**----------",DCPS|ENSG00000110063.9_3,ENST00000263579.4_1;ENST00000529149.1_1;ENST00000530860.5_1;ENST00000648516.1_1,3UTR
chr11,126284176,126284179,bulges,89,+,chr11:126284155-126284178:+,False,"            5'- GGGAGCCCGGCCAGGGCAGGGGGCTCGTTGCTG -3'
       rG4seq-K ---------------------*-*---------",ST3GAL4|ENSG00000110080.18_3,ENST00000227495.10_1;ENST00000356132.8_1;ENST00000392669.6_2;ENST00000444328.6_2;ENST00000449406.6_1;ENST00000524834.5_1;ENST00000526727.5_2;ENST00000531217.5_1;ENST00000532243.5_1;ENST00000533826.1_1;ENST00000534083.5_2,3UTR
chr11,126284381,126284385,two-quartet,178,+,chr11:126284355-126284382:+,False,"            5'- GGCACTGGCCTCCCAGGAGGGCAGGGGCATTGGGAAT -3'
       rG4seq-K --------------------------*-**-------",ST3GAL4|ENSG00000110080.18_3,ENST00000227495.10_1;ENST00000356132.8_1;ENST00000392669.6_2;ENST00000444328.6_2;ENST00000449406.6_1;ENST00000524834.5_1;ENST00000526727.5_2;ENST00000531217.5_1;ENST00000532243.5_1;ENST00000533826.1_1;ENST00000534083.5_2,3UTR
chr11,126284387,126284391,bulges,417,+,chr11:126284361-126284389:+,False,"            5'- GGCCTCCCAGGAGGGCAGGGGCATTGGGAATGGGTGGG -3'
       rG4seq-K --------------------------****--------",ST3GAL4|ENSG00000110080.18_3,ENST00000227495.10_1;ENST00000356132.8_1;ENST00000392669.6_2;ENST00000444328.6_2;ENST00000449406.6_1;ENST00000524834.5_1;ENST00000526727.5_2;ENST00000531217.5_1;ENST00000532243.5_1;ENST00000533826.1_1;ENST00000534083.5_2,3UTR
chr11,126284399,126284400,canonical/G3L1-7,477,+,chr11:126284373-126284399:+,False,"            5'- GGGCAGGGGCATTGGGAATGGGTGGGTGCCCTCCAG -3'
       rG4seq-K --------------------------*---------",ST3GAL4|ENSG00000110080.18_3,ENST00000227495.10_1;ENST00000356132.8_1;ENST00000392669.6_2;ENST00000444328.6_2;ENST00000449406.6_1;ENST00000524834.5_1;ENST00000526727.5_2;ENST00000531217.5_1;ENST00000532243.5_1;ENST00000533826.1_1;ENST00000534083.5_2,3UTR
chr11,129992282,129992283,bulges,462,+,chr11:129992251-129992282:+,False,"            5'- GAGGATGATGAGGATGAGGAAGAAGGGGAGGAAGTGGTGGA -3'
       rG4seq-K -------------------------------*---------",APLP2|ENSG00000084234.17_4,ENST00000263574.9_1;ENST00000278756.7_1;ENST00000338167.9_1;ENST00000345598.9_1;ENST00000526330.5_1;ENST00000528499.5_1;ENST00000529701.1_1;ENST00000533616.5_1;ENST00000650012.1_1,3UTR;CDS
chr11,129992291,129992292,bulges,583,+,chr11:129992260-129992294:+,False,"            5'- GAGGATGAGGAAGAAGGGGAGGAAGTGGTGGAGGACCGAGATTA -3'
       rG4seq-K -------------------------------*------------",APLP2|ENSG00000084234.17_4,ENST00000263574.9_1;ENST00000278756.7_1;ENST00000338167.9_1;ENST00000345598.9_1;ENST00000526330.5_1;ENST00000528499.5_1;ENST00000529701.1_1;ENST00000533616.5_1;ENST00000650012.1_1,3UTR;CDS
chr11,129992294,129992295,bulges,650,+,chr11:129992260-129992294:+,False,"            5'- GAGGATGAGGAAGAAGGGGAGGAAGTGGTGGAGGACCGAGATTA -3'
       rG4seq-K ----------------------------------*---------",APLP2|ENSG00000084234.17_4,ENST00000263574.9_1;ENST00000278756.7_1;ENST00000338167.9_1;ENST00000345598.9_1;ENST00000526330.5_1;ENST00000528499.5_1;ENST00000529701.1_1;ENST00000533616.5_1;ENST00000650012.1_1,3UTR;CDS
chr11,767286,767287,two-quartet,41,-,chr11:767287-767302:-,False,"            5'- GGAGGGCGGGTGAGGATTTCCCCAT -3'
       rG4seq-K ---------------*---------",GATD1|ENSG00000177225.16_5,ENST00000319863.12_1;ENST00000354286.8_2;ENST00000397472.6_1;ENST00000465313.6_1;ENST00000526325.5_1;ENST00000526650.5_1;ENST00000528309.5_1,3UTR;CDS
chr11,1296839,1296841,two-quartet,16,-,chr11:1296840-1296858:-,False,"            5'- GGTGGCCGTGGGGGAGGGACATGCTGGC -3'
       rG4seq-K -----------------**---------",TOLLIP|ENSG00000078902.15_2,ENST00000317204.10_1;ENST00000525159.5_2;ENST00000527886.5_2,3UTR
chr11,1774089,1774091,bulges,310,-,chr11:1774089-1774122:-,False,"            5'- GTATTGGCCTGGAGGTGGGGTTGGGATTGGGGGCTGGTGCCAG -3'
       rG4seq-K -------------------------------**----------",AC068580.4|ENSG00000250644.3_6;CTSD|ENSG00000117984.13_4,ENST00000236671.6_2;ENST00000427721.3_2;ENST00000433655.5_1;ENST00000636397.1_1;ENST00000636579.1_1;ENST00000636615.1_1;ENST00000637815.1_1;ENST00000637915.1_1;ENST00000637937.1_1,3UTR;non_coding
chr11,1774096,1774098,bulges,242,-,chr11:1774097-1774129:-,False,"            5'- GGGGCATGTATTGGCCTGGAGGTGGGGTTGGGATTGGGGGCT -3'
       rG4seq-K -------------------------------**---------",AC068580.4|ENSG00000250644.3_6;CTSD|ENSG00000117984.13_4,ENST00000236671.6_2;ENST00000427721.3_2;ENST00000433655.5_1;ENST00000636397.1_1;ENST00000636579.1_1;ENST00000636615.1_1;ENST00000637815.1_1;ENST00000637915.1_1;ENST00000637937.1_1,3UTR;non_coding
chr11,2017885,2017886,potential G-quadruplex & G>=40%,2609,-,chr11:2017885-2017945:-,False,"            5'- TGGGGCGAGACCAGACTAGGCGAGGCGGGCGGGGCGGAGTGAATGAGCTCTCAGGAGGGAGGATGGTGCA -3'
       rG4seq-K -----------------------------------------------------------*----------",H19|ENSG00000130600.18_4,ENST00000411861.5_1;ENST00000412788.5_1;ENST00000414790.6_3;ENST00000417089.6_2;ENST00000428066.6_2;ENST00000439725.5_2,non_coding
chr11,2017907,2017908,bulges,1658,-,chr11:2017906-2017927:-,False,"            5'- GGCGAGGCGGGCGGGGCGGAGTGAATGAGCT -3'
       rG4seq-K -------------------*-----------",H19|ENSG00000130600.18_4,ENST00000411861.5_1;ENST00000412788.5_1;ENST00000414790.6_3;ENST00000417089.6_2;ENST00000428066.6_2;ENST00000439725.5_2,non_coding
chr11,2017910,2017913,longloop,1138,-,chr11:2017911-2017950:-,False,"            5'- GGGCATGGGGCGAGACCAGACTAGGCGAGGCGGGCGGGGCGGAGTGAAT -3'
       rG4seq-K -------------------------------------***---------",H19|ENSG00000130600.18_4,ENST00000411861.5_1;ENST00000412788.5_1;ENST00000414790.6_3;ENST00000417089.6_2;ENST00000428066.6_2;ENST00000439725.5_2,non_coding
chr11,2018201,2018202,bulges,3753,-,chr11:2018203-2018227:-,False,"            5'- GGAGCCTCGAGGGCTGGAGAGCGGGAAGACAGGC -3'
       rG4seq-K -------------------------*--------",H19|ENSG00000130600.18_4,ENST00000411861.5_1;ENST00000412788.5_1;ENST00000414790.6_3;ENST00000428066.6_2;ENST00000439725.5_2,non_coding
chr11,2018391,2018392,bulges,2881,-,chr11:2018392-2018417:-,False,"            5'- GGGCAGGGAGGGAGCACAGGGGTGGCCAGCGTAGG -3'
       rG4seq-K -------------------------*---------",H19|ENSG00000130600.18_4,ENST00000411861.5_1;ENST00000412788.5_1;ENST00000414790.6_3;ENST00000422826.2_2;ENST00000428066.6_2;ENST00000439725.5_2;ENST00000643292.1_1,non_coding
chr11,2018394,2018397,canonical/G3L1-7,2207,-,chr11:2018395-2018417:-,False,"            5'- GGGCAGGGAGGGAGCACAGGGGTGGCCAGCGT -3'
       rG4seq-K --------------------***---------",H19|ENSG00000130600.18_4,ENST00000411861.5_1;ENST00000412788.5_1;ENST00000414790.6_3;ENST00000422826.2_2;ENST00000428066.6_2;ENST00000439725.5_2;ENST00000643292.1_1,non_coding
chr11,2018404,2018405,potential G-quadruplex & G>=40%,1675,-,chr11:2018404-2018464:-,False,"            5'- CGCAAGGCTGGGGGGTTATGGGCCCGTTCCAGGCAGAAAGAGCAAGAGGGCAGGGAGGGAGCACAGGGGT -3'
       rG4seq-K -----------------------------------------------------------*----------",H19|ENSG00000130600.18_4,ENST00000411861.5_1;ENST00000412788.5_1;ENST00000414790.6_3;ENST00000422826.2_2;ENST00000428066.6_2;ENST00000439725.5_2;ENST00000643292.1_1,non_coding
chr11,2018408,2018409,potential G-quadruplex & G>=40%,1537,-,chr11:2018408-2018468:-,False,"            5'- ACTGCGCAAGGCTGGGGGGTTATGGGCCCGTTCCAGGCAGAAAGAGCAAGAGGGCAGGGAGGGAGCACAG -3'
       rG4seq-K -----------------------------------------------------------*----------",H19|ENSG00000130600.18_4,ENST00000411861.5_1;ENST00000412788.5_1;ENST00000414790.6_3;ENST00000422826.2_2;ENST00000428066.6_2;ENST00000439725.5_2;ENST00000643292.1_1,non_coding
chr11,2018510,2018513,two-quartet,2539,-,chr11:2018511-2018526:-,False,"            5'- GGGGCAGGATGGGGGCAGGAGAGTT -3'
       rG4seq-K -------------***---------",H19|ENSG00000130600.18_4,ENST00000412788.5_1;ENST00000414790.6_3;ENST00000422826.2_2;ENST00000428066.6_2;ENST00000439725.5_2;ENST00000643292.1_1,non_coding
chr11,2018550,2018551,bulges,2257,-,chr11:2018550-2018583:-,False,"            5'- GAAGGAGGTTTAGGGGATCGAGGGCTGGCGGGGAGAAGCAGAC -3'
       rG4seq-K --------------------------------*----------",H19|ENSG00000130600.18_4,ENST00000412788.5_1;ENST00000414790.6_3;ENST00000422826.2_2;ENST00000428066.6_2;ENST00000439725.5_2;ENST00000643292.1_1,non_coding
chr11,2018702,2018704,bulges,3156,-,chr11:2018703-2018722:-,False,"            5'- GGGGAGCTGGTGGGCAGGGTTTGATCCCA -3'
       rG4seq-K ------------------**---------",H19|ENSG00000130600.18_4,ENST00000412788.5_1;ENST00000414790.6_3;ENST00000422826.2_2;ENST00000428066.6_2;ENST00000643292.1_1,non_coding
chr11,2018984,2018985,canonical/G3L1-7,5192,-,chr11:2018985-2019018:-,False,"            5'- GGGGAACCGAGGGGCAACCAGGGGAAGATGGGGTGCTGGAGGA -3'
       rG4seq-K ---------------------------------*---------",H19|ENSG00000130600.18_4,ENST00000412788.5_1;ENST00000414790.6_3;ENST00000422826.2_2;ENST00000428066.6_2;ENST00000643292.1_1,non_coding
chr11,2018993,2018995,canonical/G3L1-7,3919,-,chr11:2018994-2019026:-,False,"            5'- GGGGAAGTGGGGAACCGAGGGGCAACCAGGGGAAGATGGGGT -3'
       rG4seq-K -------------------------------**---------",H19|ENSG00000130600.18_4,ENST00000412788.5_1;ENST00000414790.6_3;ENST00000422826.2_2;ENST00000428066.6_2;ENST00000643292.1_1,non_coding
chr11,2019003,2019005,canonical/G3L1-7,2480,-,chr11:2019004-2019036:-,False,"            5'- GGGGGAAACTGGGGAAGTGGGGAACCGAGGGGCAACCAGGGG -3'
       rG4seq-K -------------------------------**---------",H19|ENSG00000130600.18_4,ENST00000412788.5_1;ENST00000414790.6_3;ENST00000422826.2_2;ENST00000428066.6_2;ENST00000643292.1_1,non_coding
chr11,2019012,2019016,canonical/G3L1-7,1370,-,chr11:2019014-2019046:-,False,"            5'- GGGGGGTAACGGGGGAAACTGGGGAAGTGGGGAACCGAGGGG -3'
       rG4seq-K ------------------------------****--------",H19|ENSG00000130600.18_4,ENST00000412788.5_1;ENST00000414790.6_3;ENST00000422826.2_2;ENST00000428066.6_2;ENST00000643292.1_1,non_coding
chr11,2019021,2019024,canonical/G3L1-7,656,-,chr11:2019022-2019055:-,False,"            5'- GGGATGGGTGGGGGGTAACGGGGGAAACTGGGGAAGTGGGGAA -3'
       rG4seq-K -------------------------------***---------",H19|ENSG00000130600.18_4,ENST00000412788.5_1;ENST00000414790.6_3;ENST00000422826.2_2;ENST00000428066.6_2;ENST00000643292.1_1,non_coding
chr11,2019030,2019034,canonical/G3L1-7,280,-,chr11:2019031-2019060:-,False,"            5'- GGGGTGGGATGGGTGGGGGGTAACGGGGGAAACTGGGGA -3'
       rG4seq-K --------------------------****---------",H19|ENSG00000130600.18_4,ENST00000412788.5_1;ENST00000414790.6_3;ENST00000422826.2_2;ENST00000428066.6_2;ENST00000643292.1_1,non_coding
chr11,2019040,2019043,canonical/G3L1-7,48,-,chr11:2019040-2019065:-,False,"            5'- GGGAGGGGGTGGGATGGGTGGGGGGTAACGGGGGA -3'
       rG4seq-K ----------------------***----------",H19|ENSG00000130600.18_4,ENST00000412788.5_1;ENST00000414790.6_3;ENST00000422826.2_2;ENST00000428066.6_2;ENST00000643292.1_1,non_coding
chr11,2965835,2965837,bulges,350,-,chr11:2965837-2965866:-,False,"            5'- GGTGTGACCGCTTGGCGGCTGGTGGGTGGGGTTTTCAAG -3'
       rG4seq-K -----------------------------**--------",NAP1L4|ENSG00000205531.12_4,ENST00000380542.8_2;ENST00000469805.5_1;ENST00000620138.4_2,3UTR
chr11,2966523,2966526,longloop,260,-,chr11:2966523-2966561:-,False,"            5'- GGGAGGGCCCTGTAGACCACATCAGGGTGGGGTGGGGGTCACTTGGCA -3'
       rG4seq-K -----------------------------------***----------",NAP1L4|ENSG00000205531.12_4,ENST00000380542.8_2;ENST00000469089.5_1;ENST00000469805.5_1;ENST00000492594.6_1;ENST00000526115.5_2;ENST00000620138.4_2,3UTR
chr11,3108728,3108729,bulges,54,-,chr11:3108729-3108750:-,False,"            5'- GGGGTGTGGGGGGCGCAGGGGTGTGGCTTAG -3'
       rG4seq-K ---------------------*---------",OSBPL5|ENSG00000021762.19_3,ENST00000263650.11_1;ENST00000389989.7_1;ENST00000478260.5_1;ENST00000534454.5_3,3UTR
chr11,6497867,6497869,canonical/G3L1-7,127,-,chr11:6497868-6497895:-,False,"            5'- GGGACCAAAGGGGTGGGGATAATGGGGAGCCCCATTG -3'
       rG4seq-K --------------------------**---------",ARFIP2|ENSG00000132254.12_3,ENST00000254584.6_2;ENST00000396777.7_2;ENST00000531037.5_1;ENST00000614314.4_1,3UTR
chr11,6497877,6497879,canonical/G3L1-7,71,-,chr11:6497877-6497902:-,False,"            5'- GGGGACTGGGACCAAAGGGGTGGGGATAATGGGGA -3'
       rG4seq-K -----------------------**----------",ARFIP2|ENSG00000132254.12_3,ENST00000254584.6_2;ENST00000396777.7_2;ENST00000531037.5_1;ENST00000614314.4_1,3UTR
chr11,6498278,6498279,longloop,184,-,chr11:6498279-6498304:-,False,"            5'- GGGAAGGGCAGCCCCAGGGTGTGGGAGATTGGACA -3'
       rG4seq-K -------------------------*---------",ARFIP2|ENSG00000132254.12_3,ENST00000254584.6_2;ENST00000396777.7_2;ENST00000423813.6_1;ENST00000445086.6_2;ENST00000531037.5_1;ENST00000614314.4_1,3UTR
chr11,6637966,6637967,canonical/G3L1-7,92,-,chr11:6637967-6637986:-,False,"            5'- GGGCCGGGGCCGGGCCGGGATTGAGGCCA -3'
       rG4seq-K -------------------*---------",TPP1|ENSG00000166340.16_4,ENST00000299427.11_3;ENST00000436873.7_2;ENST00000524788.2_2;ENST00000524903.2_2;ENST00000528807.2_2;ENST00000530040.2_2;ENST00000533371.6_2;ENST00000642892.1_1;ENST00000643439.1_1;ENST00000643479.1_1;ENST00000643516.1_1;ENST00000644151.1_1;ENST00000644218.1_1;ENST00000644683.1_1;ENST00000644810.1_1;ENST00000644831.1_1;ENST00000644933.1_1;ENST00000645020.1_1;ENST00000645285.1_1;ENST00000645331.1_1;ENST00000645620.1_1;ENST00000646777.1_1;ENST00000647016.1_1;ENST00000647152.1_1;ENST00000647209.1_1;ENST00000647346.1_1,3UTR;CDS
chr11,8969451,8969452,bulges,226,-,chr11:8969452-8969481:-,False,"            5'- GGGAGAGGGGAGGGATGCCTGGGAAGTGGTTAACAACTT -3'
       rG4seq-K -----------------------------*---------",TMEM9B|ENSG00000175348.10_3,ENST00000309134.9_2;ENST00000525069.5_2;ENST00000534025.5_2,3UTR
chr11,8969457,8969459,canonical/G3L1-7,124,-,chr11:8969458-8969481:-,False,"            5'- GGGAGAGGGGAGGGATGCCTGGGAAGTGGTTAA -3'
       rG4seq-K ----------------------**---------",TMEM9B|ENSG00000175348.10_3,ENST00000309134.9_2;ENST00000525069.5_2;ENST00000534025.5_2,3UTR
chr11,8969466,8969468,bulges,50,-,chr11:8969467-8969489:-,False,"            5'- GTTTTGGTGGGAGAGGGGAGGGATGCCTGGGA -3'
       rG4seq-K ---------------------**---------",TMEM9B|ENSG00000175348.10_3,ENST00000309134.9_2;ENST00000525069.5_2;ENST00000534025.5_2,3UTR
chr11,9335901,9335903,canonical/G3L1-7,52,-,chr11:9335902-9335929:-,False,"            5'- GGGGGACGGGGCAGCGGGGACGCGGGGTCTCGCGGCG -3'
       rG4seq-K --------------------------**---------",TMEM41B|ENSG00000166471.10_3,ENST00000299596.8_1;ENST00000524543.5_1;ENST00000527813.5_1;ENST00000528080.5_1;ENST00000533723.1_1;ENST00000611268.4_1,CDS
chr11,17099086,17099089,canonical/G3L1-7,69,-,chr11:17099087-17099113:-,False,"            5'- GGGAGTGTGGGCAGCGGGCCGAGGGGATGATGTTCT -3'
       rG4seq-K ------------------------***---------",RPS13|ENSG00000110700.6_3,ENST00000228140.6_1;ENST00000525634.5_1;ENST00000525828.1_1;ENST00000526895.5_1;ENST00000527571.1_1;ENST00000528074.1_1;ENST00000533969.1_1;ENST00000534329.1_1,non_coding
chr11,17099121,17099123,bulges,13,-,chr11:17099122-17099147:-,False,"            5'- GCCGGATTGCTGGGCGGGGGGTGGGAGGAAGACAG -3'
       rG4seq-K ------------------------**---------",RPS13|ENSG00000110700.6_3,ENST00000228140.6_1;ENST00000525634.5_1;ENST00000525828.1_1;ENST00000526895.5_1;ENST00000527571.1_1;ENST00000528074.1_1;ENST00000533969.1_1;ENST00000534329.1_1,non_coding
chr11,17109475,17109477,two-quartet,117,-,chr11:17109475-17109490:-,False,"            5'- GGGACGGGGTGGGGGAAAGACTTGA -3'
       rG4seq-K -------------**----------",PIK3C2A|ENSG00000011405.13_3,ENST00000265970.11_1;ENST00000531428.1_1,3UTR
chr11,18629987,18629988,bulges,44,-,chr11:18629988-18630012:-,False,"            5'- GGGGGGGATTAGGAAGTAGGAGGGATTGTCCTAC -3'
       rG4seq-K ------------------------*---------",SPTY2D1|ENSG00000179119.14_2,ENST00000336349.5_1,3UTR
chr11,27384716,27384718,longloop,42,-,chr11:27384717-27384748:-,False,"            5'- GGGCCAGATGTGGGCGGCGGGGCGCTGGGGGCCTACTTTTC -3'
       rG4seq-K ------------------------------**---------",CCDC34|ENSG00000109881.16_4,ENST00000317945.6_4;ENST00000328697.10_4,5UTR;CDS
chr11,33729998,33730003,canonical/G3L1-7,223,-,chr11:33729999-33730017:-,False,"            5'- GGGGGCGGGGGGGTGGGGAATTCAGCCA -3'
       rG4seq-K --------------*****---------",AL049629.2|ENSG00000284969.1_2;CD59|ENSG00000085063.15_4,ENST00000525763.5_2;ENST00000527926.5_2;ENST00000533181.1_1;ENST00000534312.5_2;ENST00000642928.1_1,3UTR;non_coding
chr11,33763571,33763572,two-quartet,50,-,chr11:33763572-33763601:-,False,"            5'- GGAAGAAGAGGAGGAGGAGGAAGAGGAGGAAGACGAGGA -3'
       rG4seq-K -----------------------------*---------",FBXO3|ENSG00000110429.13_2,ENST00000265651.7_1;ENST00000526785.5_1;ENST00000530013.5_1;ENST00000530401.5_1;ENST00000531080.5_1;ENST00000532057.5_1,3UTR;CDS
chr11,36310972,36310974,G>=40%,73,-,chr11:36310972-36311032:-,False,"            5'- GCCCCGCGACAACAGCGACAGCCACGTGACCTCGCTTCCCTGGGTGCCACGGTCATGTGACTTCGGCAAG -3'
       rG4seq-K ----------------------------------------------------------**----------",COMMD9|ENSG00000110442.11_2,ENST00000263401.9_1;ENST00000452374.6_1;ENST00000526789.1_1;ENST00000528608.5_1;ENST00000532705.1_1,5UTR
chr11,44954365,44954366,bulges,20,-,chr11:44954366-44954386:-,False,"            5'- GGGATGGGAGGGTGGCGTGGCCTTACCCCA -3'
       rG4seq-K --------------------*---------",TP53I11|ENSG00000175274.18_5,ENST00000308212.9_3;ENST00000354556.8_1;ENST00000395648.7_3;ENST00000533940.5_3;ENST00000616990.4_3,3UTR
chr11,45931761,45931763,canonical/G3L1-7,42,-,chr11:45931762-45931787:-,False,"            5'- GGGTGTGGGGAGGGGTGGGGCAGGGAGCCCCTCTT -3'
       rG4seq-K ------------------------**---------",PEX16|ENSG00000121680.15_2,ENST00000241041.7_1;ENST00000378750.9_1;ENST00000523721.2_1;ENST00000532681.5_1,3UTR
chr11,45931767,45931769,canonical/G3L1-7,22,-,chr11:45931767-45931787:-,False,"            5'- GGGTGTGGGGAGGGGTGGGGCAGGGAGCCC -3'
       rG4seq-K ------------------**----------",PEX16|ENSG00000121680.15_2,ENST00000241041.7_1;ENST00000378750.9_1;ENST00000523721.2_1;ENST00000532681.5_1,3UTR
chr11,45954954,45954956,longloop,16,-,chr11:45954955-45954985:-,False,"            5'- GGGGAGTGGCTGGAGGGAGCAGGGGGTGGGACAGTGTATC -3'
       rG4seq-K -----------------------------**---------",PHF21A|ENSG00000135365.15_4,ENST00000323180.10_2;ENST00000527401.5_1;ENST00000530587.5_1,3UTR
chr11,45955140,45955141,bulges,33,-,chr11:45955139-45955170:-,False,"            5'- GGTGGGGAGCAGGGACGGGCGGAGGGAGGAGAGCAGGTTTC -3'
       rG4seq-K -----------------------------*-----------",PHF21A|ENSG00000135365.15_4,ENST00000323180.10_2;ENST00000418153.6_2;ENST00000527401.5_1;ENST00000530587.5_1,3UTR
chr11,45955143,45955144,canonical/G3L1-7,22,-,chr11:45955144-45955167:-,False,"            5'- GGGGAGCAGGGACGGGCGGAGGGAGGAGAGCAG -3'
       rG4seq-K -----------------------*---------",PHF21A|ENSG00000135365.15_4,ENST00000323180.10_2;ENST00000418153.6_2;ENST00000527401.5_1;ENST00000530587.5_1,3UTR
chr11,46418026,46418028,two-quartet,27,-,chr11:46418026-46418042:-,False,"            5'- GGTGGGAGGAGAGGGGATAGTCTACA -3'
       rG4seq-K --------------**----------",AMBRA1|ENSG00000110497.14_5,ENST00000314845.7_2;ENST00000458649.6_2;ENST00000533727.5_2;ENST00000534300.5_2,3UTR
chr11,46771848,46771849,bulges,365,-,chr11:46771849-46771874:-,False,"            5'- GGGTGATTGAGATGGAGAGGGAGGGCAAAGGTCGT -3'
       rG4seq-K -------------------------*---------",CKAP5|ENSG00000175216.14_4,ENST00000312055.9_1;ENST00000354558.7_1;ENST00000525896.1_1;ENST00000529230.5_1;ENST00000533413.5_1,CDS
chr11,47199165,47199167,canonical/G3L1-7,205,-,chr11:47199166-47199190:-,False,"            5'- GGGGTTCCTGGGGTGGGCTTGGGGTGAGTGTAGT -3'
       rG4seq-K -----------------------**---------",PACSIN3|ENSG00000165912.15_3,ENST00000298838.10_3;ENST00000532457.5_1;ENST00000539589.5_3,3UTR
chr11,47199294,47199295,canonical/G3L1-7,212,-,chr11:47199295-47199318:-,False,"            5'- GGGAAGGGACTGGTAGGGAAGGGACGAGTCTAG -3'
       rG4seq-K -----------------------*---------",PACSIN3|ENSG00000165912.15_3,ENST00000298838.10_3;ENST00000532457.5_1;ENST00000539589.5_3,3UTR
chr11,47199309,47199310,longloop,153,-,chr11:47199310-47199349:-,False,"            5'- GGGACCCAGGGAGGGGAGGGGCCTTTGTCTAGGGAAGGGACTGGTAGGG -3'
       rG4seq-K ---------------------------------------*---------",PACSIN3|ENSG00000165912.15_3,ENST00000298838.10_3;ENST00000532457.5_1;ENST00000539589.5_3,3UTR
chr11,47199314,47199315,longloop,133,-,chr11:47199315-47199349:-,False,"            5'- GGGACCCAGGGAGGGGAGGGGCCTTTGTCTAGGGAAGGGACTGG -3'
       rG4seq-K ----------------------------------*---------",PACSIN3|ENSG00000165912.15_3,ENST00000298838.10_3;ENST00000532457.5_1;ENST00000539589.5_3,3UTR
chr11,47199327,47199329,canonical/G3L1-7,97,-,chr11:47199328-47199349:-,False,"            5'- GGGACCCAGGGAGGGGAGGGGCCTTTGTCTA -3'
       rG4seq-K --------------------**---------",PACSIN3|ENSG00000165912.15_3,ENST00000298838.10_3;ENST00000532457.5_1;ENST00000539589.5_3,3UTR
chr11,47202123,47202124,potential G-quadruplex & G>=40%,74,-,chr11:47202123-47202183:-,False,"            5'- GCTGAGCGCGCTGCACCTGGAGGTGCGGGAGAAGCTGCAAGGGCAGGACAGTGAGCGGGTGCGCGCCTGG -3'
       rG4seq-K -----------------------------------------------------------*----------",PACSIN3|ENSG00000165912.15_3,ENST00000298838.10_3;ENST00000525725.5_3;ENST00000528201.1_2;ENST00000528462.5_3;ENST00000530513.5_3;ENST00000531226.5_3;ENST00000532457.5_1;ENST00000539589.5_3,5UTR;CDS
chr11,47261024,47261026,canonical/G3L1-7,85,-,chr11:47261025-47261049:-,False,"            5'- GGGAGTAGGGAGTGGTGGGAAGGGAGTTGCTTGT -3'
       rG4seq-K -----------------------**---------",ACP2|ENSG00000134575.9_2,ENST00000256997.7_1;ENST00000529444.5_1;ENST00000534752.5_1,3UTR
chr11,47261029,47261032,canonical/G3L1-7,29,-,chr11:47261030-47261053:-,False,"            5'- GGGAGGGAGTAGGGAGTGGTGGGAAGGGAGTTG -3'
       rG4seq-K ---------------------***---------",ACP2|ENSG00000134575.9_2,ENST00000256997.7_1;ENST00000529444.5_1;ENST00000534752.5_1,3UTR
chr11,47447457,47447458,potential G-quadruplex & G>=40%,3776,-,chr11:47447457-47447517:-,False,"            5'- AAATAATTTTTTACAGCAAGATGGAATTGGGGAGGAGGTGCTCAAGATGTCCACGGAGGAGATCATCCAG -3'
       rG4seq-K -----------------------------------------------------------*----------",PSMC3|ENSG00000165916.8_4,ENST00000298852.7_2;ENST00000524447.6_3;ENST00000526993.1_4;ENST00000527906.5_2;ENST00000528362.1_1;ENST00000529500.1_1;ENST00000530651.5_3;ENST00000530887.5_3;ENST00000530912.5_1;ENST00000531051.6_3;ENST00000531653.5_1;ENST00000602866.5_2;ENST00000619920.4_2,CDS
chr11,47447671,47447674,two-quartet,18,-,chr11:47447672-47447692:-,False,"            5'- GGGAAGGAGGTGGCTGGGGGTCAAGCAAGA -3'
       rG4seq-K ------------------*-*---------",PSMC3|ENSG00000165916.8_4,ENST00000298852.7_2;ENST00000524447.6_3;ENST00000526993.1_4;ENST00000527906.5_2;ENST00000528362.1_1;ENST00000529500.1_1;ENST00000530651.5_3;ENST00000530887.5_3;ENST00000530912.5_1;ENST00000531051.6_3;ENST00000531653.5_1;ENST00000602866.5_2;ENST00000619920.4_2,CDS
chr11,47488637,47488641,bulges,68,-,chr11:47488635-47488660:-,False,"            5'- GGGGCTGGGGAGGGGGAGGTGGAAGCGCTATTGAG -3'
       rG4seq-K -------------------****------------",CELF1|ENSG00000149187.18_5,ENST00000310513.10_3;ENST00000395290.6_2,3UTR
chr11,47488643,47488646,longloop,37,-,chr11:47488646-47488684:-,False,"            5'- GGGAAGGGTGGAGAGATGTAGCTAGGGGCTGGGGAGGGGGAGGTGGAA -3'
       rG4seq-K --------------------------------------***-------",CELF1|ENSG00000149187.18_5,ENST00000310513.10_3;ENST00000395290.6_2,3UTR
chr11,47488755,47488756,bulges,99,-,chr11:47488753-47488789:-,False,"            5'- GGTGGATCTGTGGAGGGAAGAGGTTACAGGGGGAGGAGCTGATGAT -3'
       rG4seq-K ---------------------------------*------------",CELF1|ENSG00000149187.18_5,ENST00000310513.10_3;ENST00000395290.6_2,3UTR
chr11,47489271,47489272,potential G-quadruplex & G>=40%,66,-,chr11:47489271-47489331:-,False,"            5'- GGCCTCCAGGTCTTACCGGGGCTTCCGGGAGGCTGGCTGCTTTGCTCAGAGAGGGTGGGAAGGGGGCCTG -3'
       rG4seq-K -----------------------------------------------------------*----------",CELF1|ENSG00000149187.18_5,ENST00000310513.10_3;ENST00000395290.6_2,3UTR
chr11,47660286,47660287,potential G-quadruplex & G>=40%,434,-,chr11:47660286-47660346:-,False,"            5'- GCCAGTATCGATGGGAGGCGCGGGTTGTTCACAGGCTTAACTCCAAGACTGTGTTCGGGAGTCCTTGGAA -3'
       rG4seq-K -----------------------------------------------------------*----------",MTCH2|ENSG00000109919.9_2,ENST00000302503.7_1;ENST00000525649.5_1;ENST00000530428.1_1;ENST00000533571.1_1;ENST00000539759.5_1,CDS
chr11,47753806,47753807,bulges,36,-,chr11:47753805-47753830:-,False,"            5'- GCACGGAGTAGGGCGGGCTTGGGGGTTAAGCGCAT -3'
       rG4seq-K -----------------------*-----------",FNBP4|ENSG00000109920.12_3,ENST00000263773.9_1;ENST00000524696.1_1;ENST00000525792.5_1;ENST00000528388.5_1;ENST00000531394.1_1;ENST00000534003.5_1,non_coding
chr11,57076076,57076077,canonical/G3L1-7,10,-,chr11:57076076-57076097:-,False,"            5'- GGGAGCATGGGGTGGGCGGGGTGAGCCAGTG -3'
       rG4seq-K --------------------*----------",TNKS1BP1|ENSG00000149115.13_3,ENST00000358252.7_2;ENST00000528882.5_1;ENST00000532437.1_2,CDS
chr11,57093651,57093653,canonical/G3L1-7,465,-,chr11:57093652-57093677:-,False,"            5'- GGGAGAGATAGGGTGGGAGGCAGGGCAATGCAGGA -3'
       rG4seq-K ------------------------**---------",SSRP1|ENSG00000149136.8_2,ENST00000278412.6_1;ENST00000293880.9_1,3UTR
chr11,57319402,57319404,bulges,28,-,chr11:57319403-57319424:-,False,"            5'- GGGTGGGAGACAGATGGAGGGTACCCTATTT -3'
       rG4seq-K --------------------**---------",UBE2L6|ENSG00000156587.15_3,ENST00000287156.8_1;ENST00000340573.8_1,3UTR
chr11,57413197,57413198,bulges,9,-,chr11:57413198-57413220:-,False,"            5'- GGGGGAAAGGGATGGTTGTGGGTCTTTCTGTT -3'
       rG4seq-K ----------------------*---------",YPEL4|ENSG00000166793.10_2,ENST00000300022.7_1;ENST00000524592.1_1;ENST00000524669.5_1;ENST00000528797.5_1;ENST00000532314.5_1,3UTR
chr11,59404556,59404558,bulges,110,-,chr11:59404557-59404574:-,False,"            5'- GTTGGGGGGTGGGAGGGACAGGTTATG -3'
       rG4seq-K ----------------**---------",PATL1|ENSG00000166889.13_2,ENST00000300146.9_1,3UTR
chr11,60658245,60658247,longloop,281,-,chr11:60658246-60658274:-,False,"            5'- GGGGATGGGCAGGAGGGCTTGTGCAGGGTTTTGTAAGC -3'
       rG4seq-K ---------------------------**---------",PRPF19|ENSG00000110107.8_3,ENST00000227524.8_1;ENST00000535326.1_1;ENST00000540473.5_3,3UTR;CDS
chr11,60658256,60658258,longloop,221,-,chr11:60658257-60658286:-,False,"            5'- GGGAACTGTGAAGGGGATGGGCAGGAGGGCTTGTGCAGG -3'
       rG4seq-K ----------------------------**---------",PRPF19|ENSG00000110107.8_3,ENST00000227524.8_1;ENST00000535326.1_1;ENST00000540473.5_3,3UTR;CDS
chr11,60658525,60658527,canonical/G3L1-7,174,-,chr11:60658526-60658552:-,False,"            5'- GGGGGGAGGGGGCTCTGTGGGGTGGGACATTCACAT -3'
       rG4seq-K -------------------------**---------",PRPF19|ENSG00000110107.8_3,ENST00000227524.8_1;ENST00000535326.1_1;ENST00000540473.5_3,3UTR
chr11,60658529,60658531,canonical/G3L1-7,87,-,chr11:60658531-60658562:-,False,"            5'- GGGAATCTATGGGGGGAGGGGGCTCTGTGGGGTGGGACATT -3'
       rG4seq-K -------------------------------**--------",PRPF19|ENSG00000110107.8_3,ENST00000227524.8_1;ENST00000535326.1_1;ENST00000540473.5_3,3UTR
chr11,60658537,60658542,canonical/G3L1-7,36,-,chr11:60658540-60658572:-,False,"            5'- GGGGGGTGGGGGGAATCTATGGGGGGAGGGGGCTCTGTGGGG -3'
       rG4seq-K ------------------------------*-*-*-------",PRPF19|ENSG00000110107.8_3,ENST00000227524.8_1;ENST00000535326.1_1;ENST00000540473.5_3,3UTR
chr11,61067164,61067166,canonical/G3L1-7,535,-,chr11:61067165-61067192:-,False,"            5'- GGGTAGTGGGGAAGAGGGTTAGGAGGGTTTCATTGTC -3'
       rG4seq-K --------------------------**---------",DDB1|ENSG00000167986.13_3,ENST00000301764.11_1;ENST00000451943.6_1;ENST00000545894.1_1,3UTR
chr11,61067173,61067175,canonical/G3L1-7,350,-,chr11:61067174-61067201:-,False,"            5'- GGGAGTTGTGGGTAGTGGGGAAGAGGGTTAGGAGGGT -3'
       rG4seq-K --------------------------**---------",DDB1|ENSG00000167986.13_3,ENST00000301764.11_1;ENST00000451943.6_1;ENST00000545894.1_1,3UTR
chr11,61116638,61116640,bulges,151,-,chr11:61116639-61116668:-,False,"            5'- GGAGGAAATAGGGTGGAGAGCGGGAAGGGTCTTGCTCCT -3'
       rG4seq-K ----------------------------**---------",CYB561A3|ENSG00000162144.9_4,ENST00000294072.8_3;ENST00000426130.6_3;ENST00000447532.6_2;ENST00000536452.1_1;ENST00000540317.5_1,3UTR
chr11,61116643,61116645,bulges,65,-,chr11:61116644-61116670:-,False,"            5'- GGGGAGGAAATAGGGTGGAGAGCGGGAAGGGTCTTG -3'
       rG4seq-K -------------------------**---------",CYB561A3|ENSG00000162144.9_4,ENST00000294072.8_3;ENST00000426130.6_3;ENST00000447532.6_2;ENST00000536452.1_1;ENST00000540317.5_1,3UTR
chr11,61188817,61188818,longloop,10,-,chr11:61188818-61188863:-,False,"            5'- GGGTGAGTGTGGGTAACCAAAAATGCTTAGGGGTGGGCTGGAGGGAGAGCACTGG -3'
       rG4seq-K ---------------------------------------------*---------",CPSF7|ENSG00000149532.15_4,ENST00000340437.8_1;ENST00000394888.8_3;ENST00000413184.6_1;ENST00000413232.5_1;ENST00000439958.7_3;ENST00000448745.5_3;ENST00000449811.5_1;ENST00000450000.5_1;ENST00000463244.6_1;ENST00000477890.6_1;ENST00000489728.1_1;ENST00000535222.5_1;ENST00000536145.3_1;ENST00000536548.5_1;ENST00000537162.5_1;ENST00000537641.5_1;ENST00000539952.5_1;ENST00000541963.5_1;ENST00000543545.5_1;ENST00000544585.5_1;ENST00000544669.5_1;ENST00000544990.5_1;ENST00000545934.5_1;ENST00000626926.1_1,CDS
chr11,61569649,61569651,bulges,516,-,chr11:61569650-61569674:-,False,"            5'- GGGAAGGAGCTGTTGGGGCAGGGGTGTAAATTAT -3'
       rG4seq-K -----------------------**---------",FADS1|ENSG00000149485.18_3,ENST00000350997.11_1;ENST00000433932.5_1;ENST00000536991.5_1,3UTR
chr11,61569764,61569766,two-quartet,529,-,chr11:61569765-61569782:-,False,"            5'- GGGGGTTGGGTTTGGGGACATAAAGCC -3'
       rG4seq-K ----------------**---------",FADS1|ENSG00000149485.18_3,ENST00000350997.11_1;ENST00000433932.5_1;ENST00000460649.5_1;ENST00000536991.5_1,3UTR
chr11,62283792,62283794,canonical/G3L1-7,157,-,chr11:62283793-62283812:-,False,"            5'- GGGTGGGTGGGGTGATGGGTTGCAGACGG -3'
       rG4seq-K ------------------**---------",AHNAK|ENSG00000124942.13_6,ENST00000257247.11_4;ENST00000378024.8_4;ENST00000525875.1_1;ENST00000530124.5_4;ENST00000533365.5_6,3UTR
chr11,62283799,62283802,bulges,42,-,chr11:62283800-62283827:-,False,"            5'- GGCTTTTGTTAGTAAGGGTGGGTGGGGTGATGGGTTG -3'
       rG4seq-K -------------------------***---------",AHNAK|ENSG00000124942.13_6,ENST00000257247.11_4;ENST00000378024.8_4;ENST00000525875.1_1;ENST00000530124.5_4;ENST00000533365.5_6,3UTR
chr11,62343124,62343125,canonical/G3L1-7,74,-,chr11:62343125-62343157:-,False,"            5'- GGGATGTGCAGGGGACGGTGGGGAAGACAGGGTAGAAGAGAT -3'
       rG4seq-K --------------------------------*---------",AP002990.1|ENSG00000255508.7_6;TUT1|ENSG00000149016.15_4,ENST00000308436.11_2;ENST00000469480.1_1;ENST00000476907.5_2;ENST00000496634.2_1;ENST00000526409.5_1;ENST00000534745.1_1,CDS;non_coding
chr11,62343133,62343136,bulges,48,-,chr11:62343134-62343168:-,False,"            5'- GAGGAGCAGCAGGGATGTGCAGGGGACGGTGGGGAAGACAGGGT -3'
       rG4seq-K --------------------------------***---------",AP002990.1|ENSG00000255508.7_6;TUT1|ENSG00000149016.15_4,ENST00000308436.11_2;ENST00000469480.1_1;ENST00000476907.5_2;ENST00000496634.2_1;ENST00000526409.5_1;ENST00000534745.1_1,CDS;non_coding
chr11,62384543,62384545,canonical/G3L1-7,123,-,chr11:62384544-62384571:-,False,"            5'- GGGGCAGAGGGGGTGCTGTGGGTGGGGAGAAGGACCC -3'
       rG4seq-K --------------------------**---------",B3GAT3|ENSG00000149541.9_2,ENST00000265471.9_1;ENST00000531383.5_1;ENST00000532585.5_1;ENST00000533303.1_1;ENST00000534026.5_1;ENST00000534715.1_1,3UTR;CDS
chr11,62389472,62389474,bulges,14,-,chr11:62389473-62389501:-,False,"            5'- GCGGACAGGAGCCGGGGTTTGGGGCGGGAACCCCTCGT -3'
       rG4seq-K ---------------------------**---------",B3GAT3|ENSG00000149541.9_2,ENST00000265471.9_1;ENST00000531383.5_1;ENST00000534715.1_1,5UTR
chr11,62392390,62392392,longloop,1147,-,chr11:62392391-62392429:-,False,"            5'- GGGTGGGGGGTTGGGGGAGGACTAATGGGGAGTCGGGGAATATTTGTG -3'
       rG4seq-K -------------------------------------**---------",GANAB|ENSG00000089597.17_3,ENST00000346178.8_1;ENST00000532402.5_1;ENST00000540933.5_1;ENST00000648273.1_1,3UTR
chr11,62392398,62392400,longloop,725,-,chr11:62392399-62392429:-,False,"            5'- GGGTGGGGGGTTGGGGGAGGACTAATGGGGAGTCGGGGAA -3'
       rG4seq-K -----------------------------**---------",GANAB|ENSG00000089597.17_3,ENST00000346178.8_1;ENST00000532402.5_1;ENST00000540933.5_1;ENST00000648273.1_1,3UTR
chr11,62392406,62392415,bulges,173,-,chr11:62392409-62392429:-,False,"            5'- GGGTGGGGGGTTGGGGGAGGACTAATGGGG -3'
       rG4seq-K --------------****-**-*-------",GANAB|ENSG00000089597.17_3,ENST00000346178.8_1;ENST00000532402.5_1;ENST00000540933.5_1;ENST00000648273.1_1,3UTR
chr11,62392418,62392422,bulges,38,-,chr11:62392419-62392448:-,False,"            5'- GGGGTTGGCTGGAAGCCCTGGGTGGGGGGTTGGGGGAGG -3'
       rG4seq-K --------------------------****---------",GANAB|ENSG00000089597.17_3,ENST00000346178.8_1;ENST00000532402.5_1;ENST00000540933.5_1;ENST00000648273.1_1,3UTR
chr11,62393249,62393252,canonical/G3L1-7,1240,-,chr11:62393250-62393281:-,False,"            5'- GGGATGTTCTGGGTTAGGGGGAGGGAAGGGGAGCATTAGTG -3'
       rG4seq-K -----------------------------***---------",GANAB|ENSG00000089597.17_3,ENST00000346178.8_1;ENST00000356638.7_1;ENST00000528503.1_1;ENST00000532402.5_1;ENST00000534779.5_1;ENST00000540933.5_1;ENST00000648273.1_1,3UTR
chr11,62393255,62393256,canonical/G3L1-7,824,-,chr11:62393256-62393281:-,False,"            5'- GGGATGTTCTGGGTTAGGGGGAGGGAAGGGGAGCA -3'
       rG4seq-K -------------------------*---------",GANAB|ENSG00000089597.17_3,ENST00000346178.8_1;ENST00000356638.7_1;ENST00000528503.1_1;ENST00000532402.5_1;ENST00000534779.5_1;ENST00000540933.5_1;ENST00000648273.1_1,3UTR
chr11,62396470,62396471,two-quartet,696,-,"chr11:62396665-62396669:-,chr11:62396471-62396484:-",True,"            5'- GGGGCGGATGTGGGTGGCTTCTTCAAA -3'
       rG4seq-K -----------------*---------",GANAB|ENSG00000089597.17_3,ENST00000346178.8_1;ENST00000356638.7_1;ENST00000532402.5_1;ENST00000534779.5_1;ENST00000540933.5_1;ENST00000648273.1_1,3UTR;CDS
chr11,62396473,62396474,longloop,592,-,"chr11:62396665-62396694:-,chr11:62396474-62396484:-",True,"            5'- GGGGCTGGTGGGACTTTCCTTCTGTGGGGCGGATGTGGGTGGCTTCTTC -3'
       rG4seq-K ---------------------------------------*---------",GANAB|ENSG00000089597.17_3,ENST00000346178.8_1;ENST00000356638.7_1;ENST00000532402.5_1;ENST00000534779.5_1;ENST00000540933.5_1;ENST00000648273.1_1,3UTR;CDS
chr11,62414104,62414105,potential G-quadruplex & G>=40%,33,-,chr11:62414104-62414164:-,False,"            5'- TCATAAGGCCGGAAGGGGCGGGAACTAGGATACGTGGCTGAGCGCGCGCGATGGGGCGGGAGGTTTGGGG -3'
       rG4seq-K -----------------------------------------------------------*----------",GANAB|ENSG00000089597.17_3,ENST00000540933.5_1,5UTR
chr11,62414608,62414609,bulges,37,-,chr11:62414606-62414627:-,False,"            5'- GGAGGGTGGAGGTGAGGGTGGACCCCATCTG -3'
       rG4seq-K ------------------*------------",INTS5|ENSG00000185085.2_3,ENST00000330574.2_1,CDS
chr11,62445422,62445424,two-quartet,3748,-,chr11:62445423-62445447:-,False,"            5'- GGGCTGCTGAGGAGAGGCGGAGGGAAAAGGCCGA -3'
       rG4seq-K -----------------------**---------",UBXN1|ENSG00000162191.13_3,ENST00000294119.6_1;ENST00000301935.9_1;ENST00000524762.5_1;ENST00000525004.5_1;ENST00000525717.5_1;ENST00000526919.5_1;ENST00000527421.5_1;ENST00000528907.5_1;ENST00000529640.5_1;ENST00000532904.5_1;ENST00000533000.5_1;ENST00000533476.5_1;ENST00000533908.5_1;ENST00000534176.1_3;ENST00000616865.4_1,CDS
chr11,62482341,62482344,bulges,22,-,chr11:62482339-62482375:-,False,"            5'- GGAGAGTGATGAGGTGGTGTGGGGAGGGTGGGGAGGCAGCGCGAGG -3'
       rG4seq-K -------------------------------***------------",HNRNPUL2-BSCL2|ENSG00000234857.2_3;HNRNPUL2|ENSG00000214753.3_4,ENST00000301785.6_2;ENST00000403734.2_1,3UTR;non_coding
chr11,62482598,62482599,bulges,117,-,chr11:62482599-62482622:-,False,"            5'- GGGGTGGGGGAGGGGGGAGGTGGAAACAAACAA -3'
       rG4seq-K -----------------------*---------",HNRNPUL2-BSCL2|ENSG00000234857.2_3;HNRNPUL2|ENSG00000214753.3_4,ENST00000301785.6_2;ENST00000403734.2_1,3UTR;non_coding
chr11,62482601,62482602,bulges,73,-,chr11:62482599-62482622:-,False,"            5'- GGGGTGGGGGAGGGGGGAGGTGGAAACAAACAA -3'
       rG4seq-K --------------------*------------",HNRNPUL2-BSCL2|ENSG00000234857.2_3;HNRNPUL2|ENSG00000214753.3_4,ENST00000301785.6_2;ENST00000403734.2_1,3UTR;non_coding
chr11,62482604,62482608,longloop,29,-,chr11:62482605-62482635:-,False,"            5'- GGGTGCTCAAGCAGGGGTGGGGGAGGGGGGAGGTGGAAAC -3'
       rG4seq-K ---------------------------****---------",HNRNPUL2-BSCL2|ENSG00000234857.2_3;HNRNPUL2|ENSG00000214753.3_4,ENST00000301785.6_2;ENST00000403734.2_1,3UTR;non_coding
chr11,62566157,62566159,bulges,14,-,chr11:62566158-62566174:-,False,"            5'- GGGAGGGAGTGGAGGGATGAGCAGGA -3'
       rG4seq-K ---------------**---------",NXF1|ENSG00000162231.13_3,ENST00000294172.6_1;ENST00000530875.5_1;ENST00000531579.5_1;ENST00000531709.6_1;ENST00000532297.5_1,3UTR
chr11,62566327,62566329,bulges,10,-,chr11:62566327-62566355:-,False,"            5'- GGTGGAAGGTAAGGGGGGCAGGGAGGGGAAAGAGGTCC -3'
       rG4seq-K --------------------------**----------",NXF1|ENSG00000162231.13_3,ENST00000294172.6_1;ENST00000526163.5_1;ENST00000530875.5_1;ENST00000531579.5_1;ENST00000531709.6_1;ENST00000532297.5_1,3UTR
chr11,62621440,62621441,G>=40%,636,-,chr11:62621440-62621500:-,False,"            5'- AGAGCTGAGAGGTTAGTTGATATTTTTTGTTCCTTACAGCTTATGCCACCAAGTAGGCAGTTTCTATGAT -3'
       rG4seq-K -----------------------------------------------------------*----------",SNHG1|ENSG00000255717.6_2,ENST00000535689.5_1;ENST00000537024.5_1;ENST00000537068.5_1;ENST00000537869.5_1;ENST00000537925.5_1;ENST00000538266.5_1;ENST00000538654.5_1;ENST00000539303.5_1;ENST00000539921.5_1;ENST00000539975.5_1;ENST00000540725.5_1;ENST00000540865.5_1;ENST00000541578.5_1;ENST00000541615.5_1;ENST00000542112.5_1;ENST00000544550.5_1;ENST00000545440.5_1;ENST00000545688.5_1;ENST00000545920.1_1,non_coding
chr11,62622836,62622839,G>=40%,487,-,chr11:62622836-62622896:-,False,"            5'- AGTAAGTTCTTACGGCCATTTCTTAATCTCTGCTCTTTCGTTGAGTGTGTGGAAGTTGCTACGGGGATGA -3'
       rG4seq-K ---------------------------------------------------------*-*----------",SNHG1|ENSG00000255717.6_2,ENST00000535689.5_1;ENST00000537024.5_1;ENST00000537068.5_1;ENST00000537869.5_1;ENST00000537925.5_1;ENST00000537965.5_1;ENST00000538266.5_1;ENST00000538654.5_1;ENST00000540725.5_1;ENST00000540865.5_1;ENST00000540904.1_1;ENST00000541416.5_1;ENST00000541578.5_1;ENST00000541615.5_1;ENST00000542112.5_1;ENST00000544550.5_1;ENST00000544983.1_1;ENST00000545308.5_1;ENST00000545440.5_1;ENST00000545688.5_1,non_coding
chr11,63933242,63933243,bulges,86,-,chr11:63933241-63933281:-,False,"            5'- GGCGTGGGGGGCGGCGGCGGTGGGGCGGACAGCCGGGGTGCGCACTTGGG -3'
       rG4seq-K --------------------------------------*-----------",MACROD1|ENSG00000133315.10_3,ENST00000255681.6_1;ENST00000538595.1_1;ENST00000542359.5_1;ENST00000545464.5_1,CDS
chr11,63933252,63933253,bulges,53,-,chr11:63933253-63933293:-,False,"            5'- GGCGGGAGTTGGGGCGTGGGGGGCGGCGGCGGTGGGGCGGACAGCCGGGG -3'
       rG4seq-K ----------------------------------------*---------",MACROD1|ENSG00000133315.10_3,ENST00000255681.6_1;ENST00000538595.1_1;ENST00000545464.5_1,CDS
chr11,63933255,63933257,longloop,39,-,chr11:63933256-63933290:-,False,"            5'- GGGAGTTGGGGCGTGGGGGGCGGCGGCGGTGGGGCGGACAGCCG -3'
       rG4seq-K ---------------------------------**---------",MACROD1|ENSG00000133315.10_3,ENST00000255681.6_1;ENST00000538595.1_1;ENST00000545464.5_1,CDS
chr11,64084870,64084871,canonical/G3L1-7,26,-,chr11:64084870-64084891:-,False,"            5'- GGGCGGGATGGTGGGCCGGGGTCCAGTGCTT -3'
       rG4seq-K --------------------*----------",TRMT112|ENSG00000173113.6_3,ENST00000308774.6_2;ENST00000535126.1_1;ENST00000535750.5_1;ENST00000539854.1_1;ENST00000544844.5_2,5UTR;CDS
chr11,64085013,64085014,G>=40%,661,-,chr11:64085013-64085073:-,False,"            5'- GGAGCATCCCCGGAAGTGAGGCAGCGGAGGACGACCTTTTTCCGGTTCCGGCCTGGCGAGAGTTTGTGCG -3'
       rG4seq-K -----------------------------------------------------------*----------",TRMT112|ENSG00000173113.6_3,ENST00000308774.6_2;ENST00000539854.1_1;ENST00000544844.5_2,5UTR
chr11,64620814,64620819,bulges,24,-,chr11:64620817-64620847:-,False,"            5'- GTGGGAGGTGGTGGTGGGTGGCGGTGGCGGGGCCTCACGA -3'
       rG4seq-K ----------------------------*****-------",EHD1|ENSG00000110047.17_2,ENST00000320631.7_1;ENST00000359393.6_1;ENST00000484846.1_1;ENST00000621096.4_1,3UTR
chr11,64621622,64621623,bulges,56,-,chr11:64621623-64621646:-,False,"            5'- GGGCCTGGCGGGGGAGGCAGGGGTGAGAGGATG -3'
       rG4seq-K -----------------------*---------",EHD1|ENSG00000110047.17_2,ENST00000320631.7_1;ENST00000359393.6_1;ENST00000484846.1_1;ENST00000621096.4_1,3UTR
chr11,64889648,64889649,G>=40%,189,-,chr11:64889648-64889708:-,False,"            5'- TAGGACTGCCTTGGGCGGTACAAATAGCAGGGAACCGCGCGGTCGCTCAGCAGTGACGTGACACGCAGCC -3'
       rG4seq-K -----------------------------------------------------------*----------",FAU|ENSG00000149806.10_3;SYVN1|ENSG00000162298.18_4,ENST00000434372.2_1;ENST00000529639.5_1;ENST00000530451.1_1,5UTR;non_coding
chr11,65149473,65149475,canonical/G3L1-7,15,-,chr11:65149474-65149497:-,False,"            5'- GGGCCAGGGGAGGGAGAGGGGGGAATTCAACTC -3'
       rG4seq-K ----------------------**---------",SLC25A45|ENSG00000162241.12_2,ENST00000294187.10_1;ENST00000398802.5_1;ENST00000524438.5_1;ENST00000526898.5_1;ENST00000527174.5_1;ENST00000529431.1_1;ENST00000529962.5_1;ENST00000530936.1_1;ENST00000531791.1_1;ENST00000533629.5_1;ENST00000534028.5_1,5UTR
chr11,65381133,65381134,two-quartet,17,-,chr11:65381134-65381164:-,False,"            5'- GGGGGTGGTGGGGGCGGTGGAGGAGGCCGGCCTGAGGGGT -3'
       rG4seq-K ------------------------------*---------",MAP3K11|ENSG00000173327.7_2,ENST00000309100.7_1;ENST00000524856.1_1;ENST00000526293.1_2;ENST00000527304.1_1;ENST00000529839.1_1,CDS
chr11,65622688,65622690,longloop,320,-,chr11:65622689-65622719:-,False,"            5'- GGGGCTGGGGGGATCCCAGCAGGGGGAGGGCAATCCCTTC -3'
       rG4seq-K -----------------------------**---------",CFL1|ENSG00000172757.12_3,ENST00000308162.9_2;ENST00000524553.5_1;ENST00000525451.6_2;ENST00000527344.5_1;ENST00000527752.1_1;ENST00000530945.1_1;ENST00000531407.5_1;ENST00000534769.5_1,3UTR
chr11,65765783,65765784,canonical/G3L1-7,47,-,chr11:65765784-65765815:-,False,"            5'- GGGTGGGTGGGCTGAATGGGGAGGAAATGGGAAATGGCTGG -3'
       rG4seq-K -------------------------------*---------",EIF1AD|ENSG00000175376.8_2,ENST00000312234.6_1;ENST00000526451.5_1,3UTR
chr11,65765793,65765795,canonical/G3L1-7,20,-,chr11:65765794-65765815:-,False,"            5'- GGGTGGGTGGGCTGAATGGGGAGGAAATGGG -3'
       rG4seq-K --------------------**---------",EIF1AD|ENSG00000175376.8_2,ENST00000312234.6_1;ENST00000526451.5_1,3UTR
chr11,66113097,66113098,potential G-quadruplex & G>=40%,201,-,chr11:66113097-66113157:-,False,"            5'- TTGTTATTATTAACAATCTTGGGTGGGTAGTAGGAGAGCAAAAAGTATGAATGGGATGGAGCTAAGAAGT -3'
       rG4seq-K -----------------------------------------------------------*----------",B4GAT1|ENSG00000174684.6_2,ENST00000311181.4_1,3UTR
chr11,66306576,66306579,two-quartet,14,-,chr11:66306577-66306601:-,False,"            5'- GGCCTGGGTGAGTTGGGGGTGGGGCACCAGCACG -3'
       rG4seq-K ----------------------***---------",ZDHHC24|ENSG00000174165.7_2,ENST00000310442.4_2;ENST00000526986.5_1;ENST00000534073.5_1,3UTR
chr11,66306952,66306954,bulges,62,-,chr11:66306951-66306974:-,False,"            5'- GGGAGGAAGGGGTGAGAGGGGGGCCCCCACACC -3'
       rG4seq-K --------------------**-----------",ZDHHC24|ENSG00000174165.7_2,ENST00000310442.4_2;ENST00000526986.5_1;ENST00000534073.5_1,3UTR
chr11,66616053,66616055,longloop,205,-,chr11:66616054-66616090:-,False,"            5'- GGGAGGTTTAGGGGTCCTATCTCCTGGGGGAAGGGGAGATCTAAGA -3'
       rG4seq-K -----------------------------------**---------",PC|ENSG00000173599.13_2,ENST00000393955.6_1;ENST00000393958.6_1;ENST00000393960.5_1;ENST00000528224.1_1;ENST00000529047.5_1,3UTR
chr11,66638535,66638536,bulges,120,-,chr11:66638534-66638574:-,False,"            5'- GGCGGCCTATGGGGGTGGAGGGCGTGGCATGAGGGTGGTGCACAGCTACG -3'
       rG4seq-K --------------------------------------*-----------",PC|ENSG00000173599.13_2,ENST00000393955.6_1;ENST00000393958.6_1;ENST00000393960.5_1;ENST00000524491.5_1;ENST00000628663.1_1,CDS
chr11,67169287,67169288,bulges,88,-,chr11:67169287-67169307:-,False,"            5'- GGGCGGGAGGCAGGAGCGGGCCAGGAGCTG -3'
       rG4seq-K -------------------*----------",PPP1CA|ENSG00000172531.14_2,ENST00000358239.8_1;ENST00000376745.8_1;ENST00000537694.1_1;ENST00000542876.1_1;ENST00000546202.5_1,5UTR
chr11,67205559,67205560,bulges,80,-,chr11:67205560-67205579:-,False,"            5'- GAGGAGGCGGGAGGGTGGGCTCTATATTT -3'
       rG4seq-K -------------------*---------",CORO1B|ENSG00000172725.13_3,ENST00000341356.9_1;ENST00000393893.5_1;ENST00000537042.5_1;ENST00000616321.4_1,3UTR
chr11,67206334,67206336,bulges,88,-,chr11:67206335-67206363:-,False,"            5'- GAGGCTGAGGAGTGGGTGAGCGGGCGGGATGCCGACCC -3'
       rG4seq-K ---------------------------**---------",CORO1B|ENSG00000172725.13_3,ENST00000341356.9_1;ENST00000393893.5_1;ENST00000537042.5_1;ENST00000539724.1_1;ENST00000616321.4_1,3UTR;CDS
chr11,67259294,67259295,canonical/G3L1-7,41,-,chr11:67259295-67259317:-,False,"            5'- GGGAGGAGGGCGTGGGCATGGGCGCAGAGGCT -3'
       rG4seq-K ----------------------*---------",PITPNM1|ENSG00000110697.12_2,ENST00000356404.7_1;ENST00000436757.6_1;ENST00000527370.5_1;ENST00000534749.5_1,3UTR
chr11,67259301,67259303,canonical/G3L1-7,21,-,chr11:67259301-67259324:-,False,"            5'- GGGGGGAGGGAGGAGGGCGTGGGCATGGGCGCA -3'
       rG4seq-K ---------------------**----------",PITPNM1|ENSG00000110697.12_2,ENST00000356404.7_1;ENST00000436757.6_1;ENST00000527370.5_1;ENST00000534749.5_1,3UTR
chr11,69488025,69488026,two-quartet,190,-,chr11:69488026-69488052:-,False,"            5'- GGCAGTAGTTTGGGTGTGATGGAGGGAAGGCAGCAT -3'
       rG4seq-K --------------------------*---------",LTO1|ENSG00000149716.12_4,ENST00000279147.8_2;ENST00000355486.3_1;ENST00000441922.6_1;ENST00000535542.5_1;ENST00000535657.5_2;ENST00000536870.5_1;ENST00000538554.6_1;ENST00000539414.5_2;ENST00000542341.1_1;ENST00000543023.1_1;ENST00000543562.1_1;ENST00000543863.1_1;ENST00000544096.5_1;ENST00000569105.5_1,3UTR;CDS
chr11,71159349,71159351,bulges,134,-,chr11:71159350-71159375:-,False,"            5'- GGGGAAGGTGGGCGCAGGTGAGGGGCCGAGGTGTG -3'
       rG4seq-K ------------------------**---------",DHCR7|ENSG00000172893.15_3,ENST00000355527.7_1;ENST00000407721.6_1;ENST00000525346.5_2;ENST00000527316.5_2;ENST00000527452.1_2;ENST00000529990.5_2;ENST00000531364.5_2,5UTR
chr11,71808554,71808555,longloop,351,-,chr11:71808555-71808586:-,False,"            5'- GGGTGGGGGGTGATCACCAGGGGACCTAGGGAGATCCCCTT -3'
       rG4seq-K -------------------------------*---------",LAMTOR1|ENSG00000149357.9_2,ENST00000278671.9_1;ENST00000535107.5_1;ENST00000535872.1_1;ENST00000538404.1_1;ENST00000544594.5_1;ENST00000545249.5_1,3UTR
chr11,71808644,71808647,bulges,214,-,chr11:71808645-71808670:-,False,"            5'- GCTCTGGCCAGGGATGGGGTGGGGGCCAAAAGGAC -3'
       rG4seq-K -----------------------*-*---------",LAMTOR1|ENSG00000149357.9_2,ENST00000278671.9_1;ENST00000535107.5_1;ENST00000535872.1_1;ENST00000538404.1_1;ENST00000544594.5_1;ENST00000545249.5_1,3UTR
chr11,72287311,72287313,two-quartet,33,-,chr11:72287312-72287328:-,False,"            5'- GGGGTGGGGGAGGGGGTCCACCTGCC -3'
       rG4seq-K ---------------**---------",PDE2A|ENSG00000186642.15_4,ENST00000334456.9_1;ENST00000376450.7_1;ENST00000444035.6_2;ENST00000539367.5_1,3UTR
chr11,72287810,72287812,potential G-quadruplex & G>=40%,27,-,chr11:72287810-72287870:-,False,"            5'- GCCCCAGGAAGAAGCTGCCAGAGGGGCAGCTCAGTGCTCTGCAGAGAGGGGCCCTGGGGAGAAGCAGGAT -3'
       rG4seq-K ----------------------------------------------------------**----------",PDE2A|ENSG00000186642.15_4,ENST00000334456.9_1;ENST00000376450.7_1;ENST00000444035.6_2;ENST00000539367.5_1,3UTR
chr11,73881896,73881898,bulges,26,-,chr11:73881894-73881921:-,False,"            5'- GGCGCCGTGGGGAGGGATGGCGGGAGGATACTGCTTA -3'
       rG4seq-K -----------------------**------------",C2CD3|ENSG00000168014.16_6,ENST00000313663.11_1;ENST00000334126.11_1;ENST00000415191.6_1;ENST00000535954.1_3;ENST00000539061.5_2;ENST00000541922.1_1;ENST00000542930.1_1;ENST00000544293.1_1,5UTR
chr11,74976312,74976313,longloop,10,-,chr11:74976312-74976344:-,False,"            5'- GGGGCGCTCAGAGATGGGGGCAGGGGGCGGGGAGAGGAGAGT -3'
       rG4seq-K -------------------------------*----------",ARRB1|ENSG00000137486.16_5,ENST00000420843.6_2,3UTR
chr11,74976836,74976838,canonical/G3L1-7,19,-,chr11:74976836-74976862:-,False,"            5'- GGGCATGAGGGCTTGGAGGGGTGGGGATGAGGGCTC -3'
       rG4seq-K ------------------------**----------",ARRB1|ENSG00000137486.16_5,ENST00000360025.7_2;ENST00000420843.6_2,3UTR
chr11,77348815,77348816,two-quartet,138,-,chr11:77348816-77348831:-,False,"            5'- GGGCGGGCGGTGTGGTGCACGCATT -3'
       rG4seq-K ---------------*---------",CLNS1A|ENSG00000074201.8_3,ENST00000525064.5_3;ENST00000525428.5_2;ENST00000527133.2_1;ENST00000528364.1_2;ENST00000532069.5_2,5UTR
chr11,77372735,77372737,two-quartet,18,-,chr11:77372736-77372751:-,False,"            5'- GGGATGGGAGGTGGGAAAATACCCT -3'
       rG4seq-K --------------**---------",RSF1|ENSG00000048649.13_4,ENST00000308488.10_2,3UTR
chr11,83166339,83166341,bulges,16,-,chr11:83166340-83166363:-,False,"            5'- GCACAGGATGGGAGGGAGGTGGGAATACTCCTT -3'
       rG4seq-K ----------------------**---------",DLG2|ENSG00000150672.17_6,ENST00000280241.12_2;ENST00000398309.6_4;ENST00000426717.6_1,3UTR
chr11,83169514,83169516,two-quartet,17,-,chr11:83169514-83169531:-,False,"            5'- GGTTGGGGGTGAGGGGGTGCAGACTTT -3'
       rG4seq-K ---------------**----------",DLG2|ENSG00000150672.17_6,ENST00000280241.12_2;ENST00000376104.6_4;ENST00000398309.6_4;ENST00000426717.6_1;ENST00000648622.1_1;ENST00000650630.1_1,3UTR
chr11,85669060,85669063,bulges,577,-,chr11:85669061-85669091:-,False,"            5'- GAAGGTGTTACAAGGGGGAGGGAAGGGGGGCAAAGTCCTT -3'
       rG4seq-K ----------------------------***---------",PICALM|ENSG00000073921.17_4,ENST00000526033.5_2;ENST00000532317.5_2,3UTR
chr11,85779892,85779895,canonical/G3L1-7,61,-,chr11:85779893-85779922:-,False,"            5'- GGGGGTAGGGGGTGCGGTGGGGGGTGGGGACCCTCCGGC -3'
       rG4seq-K ---------------------------***---------",PICALM|ENSG00000073921.17_4,ENST00000393346.7_1;ENST00000525162.5_1;ENST00000526033.5_2;ENST00000528256.1_1;ENST00000528398.5_1;ENST00000528411.1_1;ENST00000531558.1_1;ENST00000531930.5_1;ENST00000532041.5_1;ENST00000532317.5_2;ENST00000630913.2_1,5UTR
chr11,85779897,85779902,longloop,20,-,chr11:85779900-85779937:-,False,"            5'- GGGGAAGGAGCCGGTGGGGGTAGGGGGTGCGGTGGGGGGTGGGGACC -3'
       rG4seq-K -----------------------------------*****-------",PICALM|ENSG00000073921.17_4,ENST00000393346.7_1;ENST00000525162.5_1;ENST00000526033.5_2;ENST00000528256.1_1;ENST00000528398.5_1;ENST00000528411.1_1;ENST00000531558.1_1;ENST00000531930.5_1;ENST00000532041.5_1;ENST00000532317.5_2;ENST00000630913.2_1,5UTR
chr11,85780035,85780037,longloop,251,-,chr11:85780036-85780072:-,False,"            5'- GGGAAGGGGTGGGCTGAACTGAGGCGGGGGCAAGGGAGTGCCCGAC -3'
       rG4seq-K -----------------------------------**---------",PICALM|ENSG00000073921.17_4,ENST00000525162.5_1;ENST00000526033.5_2;ENST00000528256.1_1;ENST00000528398.5_1;ENST00000528411.1_1;ENST00000531930.5_1;ENST00000532317.5_2,5UTR
chr11,85780043,85780044,longloop,186,-,chr11:85780044-85780072:-,False,"            5'- GGGAAGGGGTGGGCTGAACTGAGGCGGGGGCAAGGGAG -3'
       rG4seq-K ----------------------------*---------",PICALM|ENSG00000073921.17_4,ENST00000525162.5_1;ENST00000526033.5_2;ENST00000528256.1_1;ENST00000528398.5_1;ENST00000528411.1_1;ENST00000531930.5_1;ENST00000532317.5_2,5UTR
chr11,88045643,88045644,potential G-quadruplex & G>=40%,519,-,chr11:88045643-88045703:-,False,"            5'- AGGTGACCACTTACTGCAACGAGACAATGACTGGGTGGGTGCATGATGTGTTGGGCCGGAACTGGGCTTG -3'
       rG4seq-K -----------------------------------------------------------*----------",CTSC|ENSG00000109861.15_2,ENST00000227266.9_1;ENST00000527018.5_1;ENST00000533865.5_1,CDS
chr11,88054601,88054603,bulges,10,-,chr11:88054602-88054625:-,False,"            5'- GGGGCCAGTCAGGGGGTGGGGGGTCAAGCTGAG -3'
       rG4seq-K ----------------------**---------",CTSC|ENSG00000109861.15_2,ENST00000227266.9_1;ENST00000524463.5_1;ENST00000527018.5_1;ENST00000533865.5_1,3UTR
chr11,93212121,93212124,bulges,45,-,chr11:93212121-93212144:-,False,"            5'- GGGAGAGGAGGCGCGGGAGGGGGACGCAAACAA -3'
       rG4seq-K --------------------***----------",SMCO4|ENSG00000166002.2,ENST00000298966.2;ENST00000525141.1;ENST00000527149.1,3UTR
chr11,93474589,93474590,bulges,206,-,chr11:93474588-93474614:-,False,"            5'- GGAGGGCTGAGGTCGGGAGGGTGGTGTGTACAGAGC -3'
       rG4seq-K ------------------------*-----------",TAF1D|ENSG00000166012.16_3,ENST00000323981.6_1;ENST00000448108.6_1;ENST00000526015.5_1;ENST00000527169.5_1;ENST00000527690.1_3;ENST00000529508.1_1;ENST00000532235.1_1;ENST00000532455.1_1;ENST00000534770.1_1,5UTR;CDS
chr11,93474592,93474593,longloop,147,-,chr11:93474593-93474621:-,False,"            5'- GGGAGTTGGAGGGCTGAGGTCGGGAGGGTGGTGTGTAC -3'
       rG4seq-K ----------------------------*---------",TAF1D|ENSG00000166012.16_3,ENST00000323981.6_1;ENST00000448108.6_1;ENST00000526015.5_1;ENST00000527169.5_1;ENST00000527690.1_3;ENST00000529508.1_1;ENST00000532235.1_1;ENST00000532455.1_1;ENST00000534770.1_1,5UTR;CDS
chr11,95566599,95566600,bulges,110,-,chr11:95566597-95566614:-,False,"            5'- GGGAGGGAGGGAGGAGGAATACTAGCC -3'
       rG4seq-K --------------*------------",MTMR2|ENSG00000087053.18_3,ENST00000346299.9_1;ENST00000393223.7_1,3UTR
chr11,95566602,95566603,bulges,19,-,chr11:95566603-95566623:-,False,"            5'- GGTGTGTGTGGGAGGGAGGGAGGAGGAATA -3'
       rG4seq-K --------------------*---------",MTMR2|ENSG00000087053.18_3,ENST00000346299.9_1;ENST00000393223.7_1,3UTR
chr11,96123017,96123018,bulges,32,-,chr11:96123016-96123044:-,False,"            5'- GGCGGAGGCGGAGGCAGAGGTGGAGGCGCTTTGAAAGA -3'
       rG4seq-K --------------------------*-----------",CCDC82|ENSG00000149231.13_6,ENST00000524836.1_1;ENST00000525786.1_1;ENST00000530106.2_2;ENST00000643839.1_1;ENST00000644312.1_1;ENST00000644686.1_1;ENST00000645366.1_1;ENST00000645439.1_1;ENST00000645500.1_1;ENST00000646050.1_1;ENST00000646818.1_1;ENST00000647080.1_2;ENST00000647522.1_1,5UTR
chr11,102323448,102323450,bulges,105,-,chr11:102323449-102323478:-,False,"            5'- GGGAGGGGAAACGTGCGCGGCCGAAGGGGAAGCGGAGCC -3'
       rG4seq-K ----------------------------**---------",TMEM123|ENSG00000152558.14_4,ENST00000361236.7_3;ENST00000398136.6_3;ENST00000525577.5_1,5UTR
chr11,102323470,102323472,bulges,42,-,chr11:102323470-102323492:-,False,"            5'- GGGGGGCAAGCGGCGGGAGGGGAAACGTGCGC -3'
       rG4seq-K --------------------**----------",TMEM123|ENSG00000152558.14_4,ENST00000361236.7_3;ENST00000398136.6_3;ENST00000525577.5_1,5UTR
chr11,105879251,105879253,bulges,155,-,chr11:105879251-105879272:-,False,"            5'- GGGAGTAGGGGGTAGGTGGGGAAGATGTACT -3'
       rG4seq-K -------------------**----------",MSANTD4|ENSG00000170903.10_3,ENST00000301919.8_1;ENST00000529805.1_1,3UTR
chr11,113603991,113603993,bulges,20,-,chr11:113603992-113604014:-,False,"            5'- GGGGTGTGGAGGAGGGGAAGGGAGGAATGGGC -3'
       rG4seq-K ---------------------**---------",ZW10|ENSG00000086827.8_3,ENST00000200135.7_1;ENST00000535142.5_1,3UTR
chr11,118618875,118618877,canonical/G3L1-7,44,-,chr11:118618876-118618901:-,False,"            5'- GGGTAAGGGAGGGGGTAGGGCTGGGTTATTAAGAT -3'
       rG4seq-K ------------------------**---------",DDX6|ENSG00000110367.12_3,ENST00000534980.6_2;ENST00000620157.4_1,3UTR
chr11,118619434,118619436,canonical/G3L1-7,56,-,chr11:118619435-118619451:-,False,"            5'- GGGGTGGGAGGGAGGGTACTTTGCCC -3'
       rG4seq-K ---------------**---------",DDX6|ENSG00000110367.12_3,ENST00000534980.6_2;ENST00000620157.4_1,3UTR
chr11,118619637,118619638,longloop,42,-,chr11:118619637-118619666:-,False,"            5'- GGGTTGGCCCCAAAGGGTTGGAGGGTGGGCTTGGTTATC -3'
       rG4seq-K ----------------------------*----------",DDX6|ENSG00000110367.12_3,ENST00000534980.6_2;ENST00000620157.4_1,3UTR
chr11,118620502,118620505,canonical/G3L1-7,28,-,chr11:118620503-118620521:-,False,"            5'- GGGAGGGGTGGGAGAGGGAATTTAAAAG -3'
       rG4seq-K ----------------***---------",DDX6|ENSG00000110367.12_3,ENST00000534980.6_2;ENST00000620157.4_1,3UTR
chr11,118779155,118779158,canonical/G3L1-7,17,-,chr11:118779156-118779181:-,False,"            5'- GGGCTCGAAGGGCGTGGGGGCGGGGAACCATGGGG -3'
       rG4seq-K -----------------------***---------",BCL9L|ENSG00000186174.12_3,ENST00000334801.7_2;ENST00000526143.2_2;ENST00000527266.1_1;ENST00000530293.1_1;ENST00000532899.2_1,CDS
chr11,118916148,118916149,bulges,137,-,chr11:118916149-118916175:-,False,"            5'- GAGGTGTGGAGAAGGGGAAGGGAGGGACAGCTCACT -3'
       rG4seq-K --------------------------*---------",HYOU1|ENSG00000149428.18_5,ENST00000532519.6_1;ENST00000612687.4_1;ENST00000614668.4_1;ENST00000614711.4_1;ENST00000617285.4_1;ENST00000621959.4_1,3UTR
chr11,118927801,118927802,bulges,23,-,chr11:118927800-118927818:-,False,"            5'- GGGCGCGGGTGGGGGGCGCTGCCGGCCT -3'
       rG4seq-K ----------------*-----------",HYOU1|ENSG00000149428.18_5,ENST00000526354.1_1;ENST00000527038.6_2;ENST00000529174.1_1;ENST00000530467.5_4;ENST00000531968.5_1;ENST00000532421.5_2;ENST00000532519.6_1;ENST00000534233.5_2;ENST00000543287.5_1;ENST00000610597.1_4;ENST00000612687.4_1;ENST00000614668.4_1;ENST00000614711.4_1;ENST00000617285.4_1;ENST00000621959.4_1;ENST00000622474.4_1,5UTR
chr11,126072777,126072778,potential G-quadruplex & G>=40%,64,-,chr11:126072777-126072837:-,False,"            5'- CCTACTGAACTCTGATTAGGGAACCTGTATAAGGGTATTGAGTGTGAGGTTGAGGTGGGACATTTGCTGA -3'
       rG4seq-K -----------------------------------------------------------*----------",RPUSD4|ENSG00000165526.8_4,ENST00000298317.8_2;ENST00000526942.5_1;ENST00000533628.5_2,3UTR
chr11,128331783,128331786,longloop,38,-,chr11:128331784-128331813:-,False,"            5'- GGGTGGGATGAAACATGTTTTGGGGGGGGATGCACTGAA -3'
       rG4seq-K ---------------------------***---------",ETS1|ENSG00000134954.14_3,ENST00000319397.6_2;ENST00000392668.8_2;ENST00000526145.6_2;ENST00000531611.5_1;ENST00000535549.5_1,3UTR
chr11,128331805,128331806,longloop,14,-,chr11:128331806-128331832:-,False,"            5'- GGGAGGGCAAAAAAGAGGTGGGTGGGATGAAACATG -3'
       rG4seq-K --------------------------*---------",ETS1|ENSG00000134954.14_3,ENST00000319397.6_2;ENST00000392668.8_2;ENST00000526145.6_2;ENST00000531611.5_1;ENST00000535549.5_1,3UTR
chr11,128332017,128332018,potential G-quadruplex & G>=40%,25,-,chr11:128332017-128332077:-,False,"            5'- AGCCAGGACTTGTGGGGTGGGTGGGACCAGAAATTCTTGAGCAAATTTTCAGGAGAGGGAGAAGGGCCTT -3'
       rG4seq-K -----------------------------------------------------------*----------",ETS1|ENSG00000134954.14_3,ENST00000319397.6_2;ENST00000392668.8_2;ENST00000526145.6_2;ENST00000531611.5_1;ENST00000535549.5_1,3UTR
chr11,128332051,128332053,bulges,19,-,chr11:128332052-128332076:-,False,"            5'- GCCAGGACTTGTGGGGTGGGTGGGACCAGAAATT -3'
       rG4seq-K -----------------------**---------",ETS1|ENSG00000134954.14_3,ENST00000319397.6_2;ENST00000392668.8_2;ENST00000526145.6_2;ENST00000531611.5_1;ENST00000535549.5_1,3UTR
chr12,753664,753666,two-quartet,43,+,chr12:753649-753666:+,False,"            5'- GGGCAAGGAGGGAGGGGAGAATAGTGT -3'
       rG4seq-K ---------------**----------",AC021054.1|ENSG00000177406.4_5,ENST00000318291.4_1;ENST00000537514.1_1;ENST00000543884.1_1,non_coding
chr12,1018021,1018024,bulges,9,+,chr12:1017995-1018022:+,False,"            5'- GATGGAATGCTGAGGGGGTGGGTGGGGGTGGGAAGTA -3'
       rG4seq-K --------------------------*-*--------",WNK1|ENSG00000060237.16_4,ENST00000315939.10_1;ENST00000340908.8_3;ENST00000530271.6_3;ENST00000535572.5_1;ENST00000537687.5_1;ENST00000540885.1_1,3UTR
chr12,1018026,1018028,canonical/G3L1-7,71,+,chr12:1018008-1018027:+,False,"            5'- GGGGGTGGGTGGGGGTGGGAAGTAGCCTA -3'
       rG4seq-K ------------------**---------",WNK1|ENSG00000060237.16_4,ENST00000315939.10_1;ENST00000340908.8_3;ENST00000530271.6_3;ENST00000535572.5_1;ENST00000537687.5_1;ENST00000540885.1_1,3UTR
chr12,1019321,1019324,potential G-quadruplex & G>=40%,87,+,chr12:1019264-1019324:+,False,"            5'- GACCTAGAAGAAACTGAACATAAAGAGAAGGGGGTGGGGGGCTAGTTTTCAAGTTGGGGAACCTGATAGT -3'
       rG4seq-K ---------------------------------------------------------***----------",WNK1|ENSG00000060237.16_4,ENST00000315939.10_1;ENST00000340908.8_3;ENST00000530271.6_3;ENST00000535572.5_1;ENST00000537687.5_1,3UTR
chr12,1895780,1895785,canonical/G3L1-7,109,+,chr12:1895766-1895784:+,False,"            5'- GGGGTAAGGGAGGGAGGGAGAATTTTTG -3'
       rG4seq-K --------------*-***---------",ADIPOR2|ENSG00000006831.9_2,ENST00000357103.4_1,3UTR
chr12,2912586,2912589,bulges,138,+,chr12:2912559-2912588:+,False,"            5'- GGGGAAGGGGGAAAGGTGTAGGCTGGGGGATTGAGGTGG -3'
       rG4seq-K ---------------------------***---------",FKBP4|ENSG00000004478.7_2,ENST00000001008.5_1;ENST00000544366.1_1,3UTR
chr12,2912598,2912601,bulges,745,+,chr12:2912565-2912600:+,False,"            5'- GGGGGAAAGGTGTAGGCTGGGGGATTGAGGTGGGGAATCATTTTA -3'
       rG4seq-K ---------------------------------***---------",FKBP4|ENSG00000004478.7_2,ENST00000001008.5_1;ENST00000544366.1_1,3UTR
chr12,3149706,3149708,bulges,36,+,chr12:3149682-3149708:+,False,"            5'- GCAGGAAACGGGGACGTGGGGAGGGGACCTGCAGGG -3'
       rG4seq-K ------------------------**----------",TEAD4|ENSG00000197905.8_5,ENST00000358409.6_4;ENST00000359864.6_5;ENST00000397122.6_1,3UTR
chr12,3149718,3149719,canonical/G3L1-7,51,+,chr12:3149691-3149718:+,False,"            5'- GGGGACGTGGGGAGGGGACCTGCAGGGGCAGCCCCCT -3'
       rG4seq-K ---------------------------*---------",TEAD4|ENSG00000197905.8_5,ENST00000358409.6_4;ENST00000359864.6_5;ENST00000397122.6_1,3UTR
chr12,3392931,3392932,canonical/G3L1-7,32,+,chr12:3392913-3392931:+,False,"            5'- GGGTGAGGGATGGGTGGGAAGAGAGGAC -3'
       rG4seq-K ------------------*---------",TSPAN9|ENSG00000011105.13_4,ENST00000011898.9_1;ENST00000537971.5_1,3UTR
chr12,3394447,3394449,canonical/G3L1-7,20,+,chr12:3394432-3394448:+,False,"            5'- GGGTGGGGTGGGTGGGTTGGTTTATG -3'
       rG4seq-K ---------------**---------",TSPAN9|ENSG00000011105.13_4,ENST00000011898.9_1;ENST00000537971.5_1,3UTR
chr12,6500672,6500674,two-quartet,271,+,chr12:6500647-6500676:+,False,"            5'- GGTATGGGGAAGAGTTTTGGAAGGGGAGGAAAATGGCAA -3'
       rG4seq-K -------------------------**------------",LTBR|ENSG00000111321.10_2,ENST00000228918.8_1;ENST00000441074.3_1,3UTR
chr12,6500676,6500677,two-quartet,366,+,chr12:6500647-6500676:+,False,"            5'- GGTATGGGGAAGAGTTTTGGAAGGGGAGGAAAATGGCAA -3'
       rG4seq-K -----------------------------*---------",LTBR|ENSG00000111321.10_2,ENST00000228918.8_1;ENST00000441074.3_1,3UTR
chr12,6643938,6643942,potential G-quadruplex & G>=40%,18,+,chr12:6643882-6643942:+,False,"            5'- GGGCTGGGCATGGAGGCCTGGTGGGGGAGGGGAGGGGAGGCGTGTGTGTCGGCCGGGGCCACTAGGCGCT -3'
       rG4seq-K --------------------------------------------------------**-*----------",GAPDH|ENSG00000111640.14_3,ENST00000229239.9_1;ENST00000396856.5_1;ENST00000396859.5_1;ENST00000396861.5_1;ENST00000466588.5_1;ENST00000474249.5_1;ENST00000492719.5_1;ENST00000496049.1_1,5UTR
chr12,6646706,6646708,bulges,17,+,chr12:6646686-6646710:+,False,"            5'- GGTGGGGAGGGAGGTAGAGGGGTGATGTGGGGAG -3'
       rG4seq-K --------------------**------------",GAPDH|ENSG00000111640.14_3,ENST00000229239.9_1;ENST00000396856.5_1;ENST00000396858.5_1;ENST00000396859.5_1;ENST00000396861.5_1;ENST00000466525.1_1;ENST00000466588.5_1;ENST00000474249.5_1;ENST00000492719.5_1;ENST00000619601.1_1,non_coding
chr12,6646717,6646719,canonical/G3L1-7,23,+,chr12:6646689-6646717:+,False,"            5'- GGGGAGGGAGGTAGAGGGGTGATGTGGGGAGTACGCTG -3'
       rG4seq-K ----------------------------**--------",GAPDH|ENSG00000111640.14_3,ENST00000229239.9_1;ENST00000396856.5_1;ENST00000396858.5_1;ENST00000396859.5_1;ENST00000396861.5_1;ENST00000466525.1_1;ENST00000466588.5_1;ENST00000474249.5_1;ENST00000492719.5_1;ENST00000619601.1_1,non_coding
chr12,6833593,6833595,longloop,20,+,chr12:6833565-6833594:+,False,"            5'- GGGGCTTGGGGTTAGGCCCAGGGGAGGGGGTGGGTGTGG -3'
       rG4seq-K ----------------------------**---------",COPS7A|ENSG00000111652.9_2,ENST00000229251.7_1;ENST00000455113.6_1;ENST00000534877.5_1;ENST00000534947.5_1;ENST00000536872.5_1;ENST00000537022.5_1;ENST00000538375.5_1;ENST00000538410.5_1;ENST00000538753.5_1;ENST00000539735.5_1;ENST00000540408.5_1;ENST00000541866.5_1;ENST00000542150.5_1;ENST00000543155.5_1;ENST00000543170.5_1;ENST00000543537.5_1;ENST00000543939.5_1;ENST00000544725.5_1;ENST00000546229.5_1;ENST00000626119.2_1,5UTR
chr12,6833598,6833600,longloop,49,+,chr12:6833572-6833599:+,False,"            5'- GGGGTTAGGCCCAGGGGAGGGGGTGGGTGTGGCAGCC -3'
       rG4seq-K --------------------------**---------",COPS7A|ENSG00000111652.9_2,ENST00000229251.7_1;ENST00000455113.6_1;ENST00000534877.5_1;ENST00000534947.5_1;ENST00000536872.5_1;ENST00000537022.5_1;ENST00000538375.5_1;ENST00000538410.5_1;ENST00000538753.5_1;ENST00000539735.5_1;ENST00000540408.5_1;ENST00000541866.5_1;ENST00000542150.5_1;ENST00000543155.5_1;ENST00000543170.5_1;ENST00000543537.5_1;ENST00000543939.5_1;ENST00000544725.5_1;ENST00000546229.5_1;ENST00000626119.2_1,5UTR
chr12,6840938,6840939,bulges,160,+,chr12:6840917-6840938:+,False,"            5'- GTTTGGTGGGGAAGGGAAGGGTATATAGATT -3'
       rG4seq-K ---------------------*---------",COPS7A|ENSG00000111652.9_2,ENST00000229251.7_1;ENST00000455113.6_1;ENST00000534877.5_1;ENST00000534947.5_1;ENST00000538410.5_1;ENST00000539735.5_1;ENST00000543155.5_1;ENST00000543939.5_1;ENST00000626119.2_1,3UTR
chr12,6875747,6875750,G>=40%,12,+,chr12:6875690-6875750:+,False,"            5'- CGCGCGCCTCTGCCGCCTCTTCCAGAGACCCAGCTTGCCGAGCGGCCGCCGCTGCCGCTGTCGCCGCCGC -3'
       rG4seq-K ---------------------------------------------------------*-*----------",PTMS|ENSG00000159335.15_2,ENST00000309083.6_1;ENST00000389462.8_2;ENST00000540667.5_1;ENST00000540874.5_1;ENST00000619580.4_1,5UTR
chr12,6879108,6879109,bulges,320,+,"chr12:6878831-6878840:+,chr12:6879086-6879108:+",True,"            5'- GTGGTGGAGGAGGAGGAGAACGGGGCTGAGGAGGAAGAAGA -3'
       rG4seq-K -------------------------------*---------",PTMS|ENSG00000159335.15_2,ENST00000309083.6_1;ENST00000389462.8_2;ENST00000538057.2_1;ENST00000540667.5_1;ENST00000540828.6_1;ENST00000540874.5_1;ENST00000619580.4_1,CDS
chr12,6879111,6879112,two-quartet,427,+,chr12:6879085-6879111:+,False,"            5'- GGAGGAGGAGAACGGGGCTGAGGAGGAAGAAGAAGA -3'
       rG4seq-K --------------------------*---------",PTMS|ENSG00000159335.15_2,ENST00000309083.6_1;ENST00000389462.8_2;ENST00000538057.2_1;ENST00000540667.5_1;ENST00000540828.6_1;ENST00000619580.4_1,CDS
chr12,6879664,6879668,bulges,108,+,chr12:6879644-6879667:+,False,"            5'- GGGCCTGGAGGTGGGGGTGGGGGCAGCCAAGTC -3'
       rG4seq-K --------------------****---------",PTMS|ENSG00000159335.15_2,ENST00000309083.6_1;ENST00000389462.8_2;ENST00000538057.2_1;ENST00000540667.5_1;ENST00000540828.6_1;ENST00000619580.4_1,3UTR
chr12,6975453,6975455,longloop,48,+,chr12:6975426-6975455:+,False,"            5'- GGGATGGAGCAGGACGGGGACGGGAGGGGCCGGCCACCT -3'
       rG4seq-K ---------------------------**----------",USP5|ENSG00000111667.13_2,ENST00000229268.12_1;ENST00000389231.9_1;ENST00000537267.5_1,3UTR
chr12,7032417,7032418,two-quartet,47,+,chr12:7032396-7032417:+,False,"            5'- GGGATGGAGGGGAGTGTTGGGCATGTGATCA -3'
       rG4seq-K ---------------------*---------",ENO2|ENSG00000111674.8_3,ENST00000229277.5_1;ENST00000535366.5_1;ENST00000541477.5_1;ENST00000545045.6_1,3UTR
chr12,7051155,7051158,two-quartet,46,+,chr12:7051123-7051157:+,False,"            5'- GGTGTGCAGAGGTGGGGAGGTGGCGAGGATGGGGACAGAAAGCG -3'
       rG4seq-K --------------------------------***---------",ATN1|ENSG00000111676.14_3,ENST00000356654.8_1;ENST00000396684.2_1;ENST00000537488.1_1,3UTR
chr12,7053207,7053209,potential G-quadruplex & G>=40%,404,+,chr12:7053149-7053209:+,False,"            5'- CGCCTGGGCGCTTCCGGCTGCGCCGGATGCTGTTTCCTTTCCGCTCCCAGGGGCGTTGGGAACGGTTGTA -3'
       rG4seq-K ----------------------------------------------------------**----------",C12orf57|ENSG00000111678.10_4,ENST00000229281.5_1;ENST00000537087.5_1;ENST00000538392.1_1;ENST00000542222.1_1;ENST00000544681.1_1;ENST00000545581.5_4,5UTR
chr12,7080083,7080084,G>=40%,267,+,chr12:7080024-7080084:+,False,"            5'- TGATTAGAAGCCGCGCTGTTCTTATTTAAGAGCGTTAGCGCAACTTCCGGTATTGTTGCAAGATGGCCGC -3'
       rG4seq-K -----------------------------------------------------------*----------",EMG1|ENSG00000126749.15_4,ENST00000599672.5_3;ENST00000607161.5_2;ENST00000611981.1_1,5UTR;CDS
chr12,7177790,7177791,bulges,117,+,chr12:7177756-7177791:+,False,"            5'- GGGCATGGATAGCTGTAAAGGGGACAGTGGTGGGGCCTTTGCTGT -3'
       rG4seq-K ----------------------------------*----------",C1S|ENSG00000182326.14_4,ENST00000328916.7_2;ENST00000360817.9_2;ENST00000402681.7_1;ENST00000406697.5_2;ENST00000443875.5_1;ENST00000617865.4_2,3UTR;CDS
chr12,7311042,7311043,canonical/G3L1-7,31,+,chr12:7311021-7311042:+,False,"            5'- GGGGCTGGGGCTGGGGGTGGGATTGAAGGAA -3'
       rG4seq-K ---------------------*---------",CLSTN3|ENSG00000139182.14_3,ENST00000266546.10_2;ENST00000331148.5_2;ENST00000537408.1_2,3UTR
chr12,7363547,7363549,canonical/G3L1-7,77,+,chr12:7363530-7363548:+,False,"            5'- GGGTGGGAGCGGGGAGGGACTAGATCAG -3'
       rG4seq-K -----------------**---------",PEX5|ENSG00000139197.10_5,ENST00000266563.9_2;ENST00000266564.7_1;ENST00000455147.6_2;ENST00000541850.1_3,3UTR
chr12,7363616,7363617,bulges,93,+,chr12:7363591-7363618:+,False,"            5'- GGGAGGACAGAGCAAGTGGGAAGGGGGTATGGTGAGT -3'
       rG4seq-K -------------------------*-----------",PEX5|ENSG00000139197.10_5,ENST00000266563.9_2;ENST00000266564.7_1;ENST00000455147.6_2;ENST00000541850.1_3,3UTR
chr12,8927842,8927844,bulges,36,+,chr12:8927808-8927842:+,False,"            5'- GGGATTGGGGGTGGGTTGGATGTTTTTGTTTGGGGACTTATTTA -3'
       rG4seq-K ----------------------------------**--------",RIMKLB|ENSG00000166532.15_4,ENST00000299673.5_1;ENST00000357529.7_1;ENST00000538135.5_1;ENST00000544257.5_1;ENST00000619374.4_1,3UTR
chr12,8932262,8932263,two-quartet,10,+,chr12:8932246-8932262:+,False,"            5'- GGCAGTGGGAGGGTGGAACAAAAACA -3'
       rG4seq-K ----------------*---------",RIMKLB|ENSG00000166532.15_4,ENST00000504495.6_1;ENST00000542232.6_1;ENST00000544257.5_1;ENST00000619374.4_1,non_coding
chr12,10374502,10374504,bulges,86,+,chr12:10374476-10374504:+,False,"            5'- GCACCTGGACTTGGGGGTAGGGGAGGGGTGTGTGTGCG -3'
       rG4seq-K --------------------------**----------",GABARAPL1|ENSG00000139112.10_3,ENST00000266458.9_1;ENST00000539170.5_1;ENST00000540424.5_1;ENST00000541453.1_1;ENST00000541960.5_1;ENST00000542722.5_1;ENST00000544284.5_1;ENST00000545887.1_1;ENST00000546017.5_1,3UTR
chr12,10374522,10374525,potential G-quadruplex & G>=40%,430,+,chr12:10374465-10374525:+,False,"            5'- AGCAGATGGGAGCACCTGGACTTGGGGGTAGGGGAGGGGTGTGTGTGCGCGACATGGGGAAAGAGGGTGG -3'
       rG4seq-K ---------------------------------------------------------***----------",GABARAPL1|ENSG00000139112.10_3,ENST00000266458.9_1;ENST00000539170.5_1;ENST00000540424.5_1;ENST00000541453.1_1;ENST00000541960.5_1;ENST00000542722.5_1;ENST00000544284.5_1;ENST00000545887.1_1;ENST00000546017.5_1,3UTR
chr12,10374532,10374533,longloop,826,+,chr12:10374488-10374532:+,False,"            5'- GGGGGTAGGGGAGGGGTGTGTGTGCGCGACATGGGGAAAGAGGGTGGCTCCCAC -3'
       rG4seq-K --------------------------------------------*---------",GABARAPL1|ENSG00000139112.10_3,ENST00000266458.9_1;ENST00000539170.5_1;ENST00000540424.5_1;ENST00000541453.1_1;ENST00000541960.5_1;ENST00000542722.5_1;ENST00000544284.5_1;ENST00000545887.1_1;ENST00000546017.5_1,3UTR
chr12,10375560,10375563,canonical/G3L1-7,427,+,chr12:10375537-10375562:+,False,"            5'- GGGATTTTGTGGGGTGGGAGTGGGGAGCAGGAATT -3'
       rG4seq-K -----------------------***---------",GABARAPL1|ENSG00000139112.10_3,ENST00000266458.9_1;ENST00000539170.5_1;ENST00000540424.5_1;ENST00000541960.5_1;ENST00000546017.5_1,3UTR
chr12,11325001,11325003,bulges,16,+,chr12:11324980-11325004:+,False,"            5'- GGGAATGTTGAAGGAGGGCGGGGGAAGTAAATGG -3'
       rG4seq-K ---------------------**-----------",SMIM10L1|ENSG00000256537.4_2,ENST00000622602.1_2,3UTR
chr12,11325020,11325023,bulges,30,+,chr12:11324995-11325022:+,False,"            5'- GGGCGGGGGAAGTAAATGGAATGGGGGTTATGTCCTT -3'
       rG4seq-K -------------------------***---------",SMIM10L1|ENSG00000256537.4_2,ENST00000622602.1_2,3UTR
chr12,12765075,12765076,canonical/G3L1-7,18,+,chr12:12765055-12765075:+,False,"            5'- GGGGGAGGGCTCCGGGAGGGAGTGCCTGGC -3'
       rG4seq-K --------------------*---------",CREBL2|ENSG00000111269.2_2,ENST00000228865.2_1;ENST00000540224.1_1,5UTR
chr12,12874269,12874271,two-quartet,8,+,chr12:12874252-12874269:+,False,"            5'- GGGGAAGGGAGGGCAGGGTGGGGCTGA -3'
       rG4seq-K -----------------**--------",CDKN1B|ENSG00000111276.10_4,ENST00000228872.8_1;ENST00000396340.1_1,3UTR
chr12,12874273,12874276,canonical/G3L1-7,113,+,chr12:12874252-12874275:+,False,"            5'- GGGGAAGGGAGGGCAGGGTGGGGCTGAGGAACT -3'
       rG4seq-K ---------------------***---------",CDKN1B|ENSG00000111276.10_4,ENST00000228872.8_1;ENST00000396340.1_1,3UTR
chr12,13044496,13044498,potential G-quadruplex & G>=40%,126,+,chr12:13044438-13044498:+,False,"            5'- TCGTTCCCTCCCTCCGGCGAGGGCCGCCTTTATAACAACTGCTCAGAGTGCGAGGGCGGGATAGCTGTCC -3'
       rG4seq-K ----------------------------------------------------------**----------",GPRC5A|ENSG00000013588.8_4,ENST00000014914.5_2;ENST00000537783.1_1,5UTR
chr12,13067213,13067214,bulges,200,+,chr12:13067181-13067213:+,False,"            5'- GAGGCAGAGGCGAGGGAGGTGGAGGTGAGTGGATGATGTGCT -3'
       rG4seq-K --------------------------------*---------",GPRC5A|ENSG00000013588.8_4,ENST00000014914.5_2,3UTR
chr12,14927923,14927924,bulges,160,+,chr12:14927904-14927924:+,False,"            5'- GGGGAGGTGGGCGGCGAGGGTCCCGGCGGG -3'
       rG4seq-K -------------------*----------",H2AFJ|ENSG00000246705.4_3,ENST00000389078.3_1;ENST00000501744.2_1;ENST00000544848.2_1,3UTR
chr12,20522519,20522523,bulges,14,+,chr12:20522484-20522522:+,False,"            5'- GGAGCAGTGTAAGGAGGCGGCGGCGGCGGAGGAGGAGGAAGCAGCCCC -3'
       rG4seq-K -----------------------------------*-**---------",PDE3A|ENSG00000172572.6_3,ENST00000359062.3_1,CDS
chr12,27091401,27091402,potential G-quadruplex & G>=40%,28,+,chr12:27091342-27091402:+,False,"            5'- AGCGGAGAGTGGTCGGTTCTGCCCCACAGTAACGCGAGGAAAGAAATCTCGCGAGGCTGGAGTTCTCCGG -3'
       rG4seq-K -----------------------------------------------------------*----------",FGFR1OP2|ENSG00000111790.13_3,ENST00000229395.7_2,5UTR
chr12,32260722,32260723,two-quartet,35,+,chr12:32260698-32260722:+,False,"            5'- GGCTGTTTGGCCTGCGGGGGAGGGAGATTAGTAA -3'
       rG4seq-K ------------------------*---------",BICD1|ENSG00000151746.13_3,ENST00000281474.9_1;ENST00000395758.3_1;ENST00000548411.5_1;ENST00000550207.1_1;ENST00000551086.1_1;ENST00000551848.1_1,3UTR
chr12,48175526,48175527,canonical/G3L1-7,10,+,chr12:48175505-48175526:+,False,"            5'- GGGAGGAGTGGGCAGGGAGGGAGTGGTAGTG -3'
       rG4seq-K ---------------------*---------",SLC48A1|ENSG00000211584.13_3,ENST00000442218.2_1;ENST00000442892.2_1,3UTR
chr12,48539661,48539662,bulges,398,+,chr12:48539634-48539664:+,False,"            5'- GGAGCTGGAGGAGCAGGCAGTGGGTGGGAGCTCCTTTTAG -3'
       rG4seq-K ---------------------------*------------",PFKM|ENSG00000152556.16_6,ENST00000312352.11_2;ENST00000340802.11_2;ENST00000359794.10_2;ENST00000546964.5_1;ENST00000547581.5_1;ENST00000547587.5_2;ENST00000549941.6_2;ENST00000550345.6_2;ENST00000550924.6_4;ENST00000551339.6_5;ENST00000551804.5_1;ENST00000642730.1_1,3UTR
chr12,49658904,49658905,potential G-quadruplex & G>=40%,1667,+,chr12:49658845-49658905:+,False,"            5'- CGGGGCCGGCCACCCTTTCACTACTTCTCCCCCGGACTCCTTGGTAGTCTGTTAGTGGGAGATCCTTGTT -3'
       rG4seq-K -----------------------------------------------------------*----------",TUBA1C|ENSG00000167553.15_3,ENST00000301072.10_1;ENST00000541364.5_1;ENST00000549183.1_1;ENST00000549818.5_1;ENST00000552125.1_2;ENST00000552448.1_1;ENST00000639419.1_1,5UTR
chr12,50471087,50471089,canonical/G3L1-7,18,+,chr12:50471069-50471088:+,False,"            5'- GGGTGGGACGGGCAATGGGCTGGAAATCA -3'
       rG4seq-K ------------------**---------",ASIC1|ENSG00000110881.11_2,ENST00000228468.8_1;ENST00000447966.6_1;ENST00000453327.7_1;ENST00000550558.5_1;ENST00000551199.1_1;ENST00000552438.5_2,CDS
chr12,50475888,50475890,canonical/G3L1-7,22,+,chr12:50475864-50475889:+,False,"            5'- GGGGGAGGGCTAGTGTGGGGGAGGGAGGCTTCCCC -3'
       rG4seq-K ------------------------**---------",ASIC1|ENSG00000110881.11_2,ENST00000228468.8_1;ENST00000447966.6_1;ENST00000550558.5_1;ENST00000552438.5_2;ENST00000552633.2_1,3UTR
chr12,50479101,50479105,canonical/G3L1-7,49,+,chr12:50479072-50479104:+,False,"            5'- GGGCGCTCGGGGGGCGCTCGGGGGGCGGGGGGAGTTCCGGTT -3'
       rG4seq-K -----------------------------****---------",SMARCD1|ENSG00000066117.14_2,ENST00000381513.8_1;ENST00000394963.8_1,5UTR
chr12,50494048,50494049,longloop,97,+,chr12:50494021-50494049:+,False,"            5'- GGGTGGGAGACAGCTGGGCACAAAGGGGGAATTCCGTT -3'
       rG4seq-K ---------------------------*----------",SMARCD1|ENSG00000066117.14_2,ENST00000381513.8_1;ENST00000394963.8_1;ENST00000549526.1_1,3UTR
chr12,51100343,51100345,bulges,54,+,"chr12:51097997-51098003:+,chr12:51100320-51100344:+",True,"            5'- GGGCCGGGTAGTTTGGTGTTCGTGGTTGGGAAAATGGATG -3'
       rG4seq-K -----------------------------**---------",DIP2B|ENSG00000066084.12_2,ENST00000301180.9_1;ENST00000546732.1_1,3UTR;CDS
chr12,51158043,51158048,longloop,1555,+,chr12:51158005-51158046:+,False,"            5'- GGGGAAGTGGGTAGTGAATTCGGATCTACCTGGGAGGGGGGAGTGGAAGTT -3'
       rG4seq-K --------------------------------------*****--------",ATF1|ENSG00000123268.8_4,ENST00000549612.5_1;ENST00000552510.5_4,5UTR
chr12,51158051,51158052,two-quartet,5861,+,chr12:51158026-51158051:+,False,"            5'- GGATCTACCTGGGAGGGGGGAGTGGAAGTTCCCGC -3'
       rG4seq-K -------------------------*---------",ATF1|ENSG00000123268.8_4,ENST00000549612.5_1;ENST00000552510.5_4,5UTR
chr12,52388845,52388846,canonical/G3L1-7,17,+,chr12:52388827-52388846:+,False,"            5'- GGGTGGTGGGTGGGATGGGCAGGGAAGGA -3'
       rG4seq-K ------------------*----------",ACVR1B|ENSG00000135503.12_4,ENST00000257963.8_2,3UTR
chr12,52388851,52388852,canonical/G3L1-7,41,+,chr12:52388827-52388851:+,False,"            5'- GGGTGGTGGGTGGGATGGGCAGGGAAGGAATCCT -3'
       rG4seq-K ------------------------*---------",ACVR1B|ENSG00000135503.12_4,ENST00000257963.8_2,3UTR
chr12,52431085,52431086,bulges,13,+,chr12:52431053-52431085:+,False,"            5'- GGAGCGCGAGGAGGAGGTGGCGGCGGCGGCGGAACTGGCGGG -3'
       rG4seq-K --------------------------------*---------",NR4A1|ENSG00000123358.19_4,ENST00000360284.7_1;ENST00000546842.5_1;ENST00000548977.5_1;ENST00000553200.1_1,5UTR
chr12,52453080,52453081,canonical/G3L1-7,261,+,chr12:52453059-52453081:+,False,"            5'- GGGGCTGGGAGGAAGGGATGGGCCCCGCCTTC -3'
       rG4seq-K ---------------------*----------",NR4A1|ENSG00000123358.19_4,ENST00000243050.5_2;ENST00000360284.7_1;ENST00000394824.2_2;ENST00000394825.5_2;ENST00000545748.5_2;ENST00000550557.1_1,3UTR
chr12,52463859,52463861,bulges,163,+,chr12:52463835-52463862:+,False,"            5'- GTGGACTGTGGTTGGGGGAGGTGGGAGCTGTTTTAAC -3'
       rG4seq-K ------------------------**-----------",ATG101|ENSG00000123395.14_2,ENST00000336854.8_1;ENST00000547409.1_1;ENST00000548915.1_1;ENST00000550604.1_1;ENST00000552544.5_1;ENST00000552947.1_1;ENST00000553049.5_1,5UTR
chr12,52464216,52464217,bulges,178,+,chr12:52464185-52464216:+,False,"            5'- GAGGTCGCACCAGGGCGTGAGGAGGAGGAGGAAGGGCATGA -3'
       rG4seq-K -------------------------------*---------",ATG101|ENSG00000123395.14_2,ENST00000336854.8_1;ENST00000547409.1_1;ENST00000548915.1_1;ENST00000550604.1_1;ENST00000552544.5_1;ENST00000552947.1_1;ENST00000553049.5_1,5UTR
chr12,52467486,52467487,bulges,112,+,chr12:52467457-52467488:+,False,"            5'- GGAGGTGTCGGTGGAGGGGCGGCAGGTGGAGGAGGCCATGC -3'
       rG4seq-K -----------------------------*-----------",ATG101|ENSG00000123395.14_2,ENST00000336854.8_1;ENST00000548915.1_1;ENST00000550604.1_1;ENST00000552544.5_1;ENST00000553049.5_1,CDS
chr12,52467489,52467490,bulges,134,+,chr12:52467457-52467492:+,False,"            5'- GGAGGTGTCGGTGGAGGGGCGGCAGGTGGAGGAGGCCATGCTGGC -3'
       rG4seq-K --------------------------------*------------",ATG101|ENSG00000123395.14_2,ENST00000336854.8_1;ENST00000548915.1_1;ENST00000550604.1_1;ENST00000552544.5_1;ENST00000553049.5_1,CDS
chr12,52467492,52467493,bulges,170,+,chr12:52467457-52467492:+,False,"            5'- GGAGGTGTCGGTGGAGGGGCGGCAGGTGGAGGAGGCCATGCTGGC -3'
       rG4seq-K -----------------------------------*---------",ATG101|ENSG00000123395.14_2,ENST00000336854.8_1;ENST00000548915.1_1;ENST00000550604.1_1;ENST00000552544.5_1;ENST00000553049.5_1,CDS
chr12,53343164,53343166,longloop,1052,+,chr12:53343120-53343165:+,False,"            5'- GGGGCGGCATGGGGTCCGGGGGCCTGGCCACCGGGATAGCCGGGGGTCTGGCAGG -3'
       rG4seq-K --------------------------------------------**---------",KRT18|ENSG00000111057.10_5,ENST00000388835.3_2;ENST00000388837.6_2;ENST00000549078.5_1;ENST00000550600.5_2,CDS
chr12,53345468,53345470,longloop,50,+,chr12:53345437-53345469:+,False,"            5'- GGGGAGGGGATGGCTGCCAAGGTGTGGGAGGGAGGCAGACGG -3'
       rG4seq-K -------------------------------**---------",KRT18|ENSG00000111057.10_5,ENST00000388835.3_2;ENST00000388837.6_2;ENST00000546656.1_1;ENST00000549078.5_1;ENST00000550600.5_2,non_coding
chr12,53421617,53421619,canonical/G3L1-7,1166,+,chr12:53421598-53421618:+,False,"            5'- GGGATGGGTATCGGGATGGGTATCGGGATG -3'
       rG4seq-K -------------------**---------",EIF4B|ENSG00000063046.17_3,ENST00000262056.13_1;ENST00000416762.7_1;ENST00000420463.7_1;ENST00000549077.5_1;ENST00000549481.5_3;ENST00000550390.1_1;ENST00000550704.5_1;ENST00000552490.5_3,3UTR;CDS
chr12,53421625,53421626,canonical/G3L1-7,1434,+,chr12:53421603-53421625:+,False,"            5'- GGGTATCGGGATGGGTATCGGGATGGCCCACG -3'
       rG4seq-K ----------------------*---------",EIF4B|ENSG00000063046.17_3,ENST00000262056.13_1;ENST00000416762.7_1;ENST00000420463.7_1;ENST00000549077.5_1;ENST00000549481.5_3;ENST00000550390.1_1;ENST00000550704.5_1;ENST00000552490.5_3,3UTR;CDS
chr12,53434372,53434373,bulges,1944,+,chr12:53434341-53434372:+,False,"            5'- GCCTGGAACCTGGTTGGGCAGTAGGGGAGGGAGGTAGAAGG -3'
       rG4seq-K -------------------------------*---------",EIF4B|ENSG00000063046.17_3,ENST00000262056.13_1,3UTR
chr12,53434375,53434376,bulges,2198,+,chr12:53434356-53434378:+,False,"            5'- GGGCAGTAGGGGAGGGAGGTAGAAGGAAAAGT -3'
       rG4seq-K -------------------*------------",EIF4B|ENSG00000063046.17_3,ENST00000262056.13_1,3UTR
chr12,53458047,53458050,canonical/G3L1-7,22,+,chr12:53458029-53458049:+,False,"            5'- GGGATGGGAGAGGGGTGGGGAGCGAGTCAC -3'
       rG4seq-K ------------------***---------",TNS2|ENSG00000111077.17_2,ENST00000314250.10_1;ENST00000314276.7_1;ENST00000379902.7_1;ENST00000546602.5_1;ENST00000549311.7_1;ENST00000549700.5_1;ENST00000552168.1_1;ENST00000552570.5_1,3UTR
chr12,53574558,53574559,bulges,172,+,chr12:53574524-53574560:+,False,"            5'- GGTGGGGGCAGCCGCGGCGGTGGGGTTGGCAGGGTGTGCTGGGGCC -3'
       rG4seq-K ----------------------------------*-----------",ZNF740|ENSG00000139651.10_2,ENST00000416904.4_1;ENST00000552593.1_1,5UTR
chr12,53574567,53574569,bulges,200,+,chr12:53574537-53574568:+,False,"            5'- GCGGCGGTGGGGTTGGCAGGGTGTGCTGGGGCCTGGAGGAG -3'
       rG4seq-K ------------------------------**---------",ZNF740|ENSG00000139651.10_2,ENST00000416904.4_1;ENST00000552593.1_1,5UTR
chr12,53574576,53574577,bulges,368,+,chr12:53574545-53574578:+,False,"            5'- GGGGTTGGCAGGGTGTGCTGGGGCCTGGAGGAGGCGCCGCGCG -3'
       rG4seq-K -------------------------------*-----------",ZNF740|ENSG00000139651.10_2,ENST00000416904.4_1;ENST00000552593.1_1,5UTR
chr12,53582554,53582555,two-quartet,56,+,chr12:53582538-53582556:+,False,"            5'- GGGGGATGGGGGTGGGGGTGCTGCAGAG -3'
       rG4seq-K ----------------*-----------",ZNF740|ENSG00000139651.10_2,ENST00000416904.4_1;ENST00000551514.1_1,3UTR
chr12,53583255,53583259,canonical/G3L1-7,66,+,chr12:53583237-53583258:+,False,"            5'- GGGGTGGGGTTGGGGAGGGGGTTGTCCATAC -3'
       rG4seq-K ------------------**-*---------",ZNF740|ENSG00000139651.10_2,ENST00000416904.4_1,3UTR
chr12,53583822,53583823,two-quartet,29,+,chr12:53583807-53583821:+,False,"            5'- GGGTGGGTGGGAGGGAGGGAACTT -3'
       rG4seq-K ---------------*--------",ZNF740|ENSG00000139651.10_2,ENST00000416904.4_1,3UTR
chr12,53583825,53583827,canonical/G3L1-7,122,+,chr12:53583807-53583826:+,False,"            5'- GGGTGGGTGGGAGGGAGGGAACTTCAGAG -3'
       rG4seq-K ------------------**---------",ZNF740|ENSG00000139651.10_2,ENST00000416904.4_1,3UTR
chr12,53689341,53689342,potential G-triplex & G>=40%,898,+,chr12:53689282-53689342:+,False,"            5'- GACGCGCAGAGGACGGCTAGAGCGTTGCTCGCCGAGAGACTTCCTCTTCGTTAAGTCGGCCTTCCCAACA -3'
       rG4seq-K -----------------------------------------------------------*----------",PFDN5|ENSG00000123349.13_3,ENST00000243040.10_1;ENST00000334478.8_1;ENST00000351500.7_1;ENST00000547130.5_1;ENST00000549995.1_1;ENST00000550069.1_1;ENST00000550846.5_1;ENST00000550880.5_1;ENST00000551018.5_1;ENST00000551223.5_1;ENST00000552341.5_1;ENST00000552742.5_1;ENST00000628881.1_1,5UTR
chr12,53689746,53689747,canonical/G3L1-7,49,+,chr12:53689723-53689747:+,False,"            5'- GGGTATGGGGTAGGCGGGTGAGGGTAACCTAAAG -3'
       rG4seq-K -----------------------*----------",PFDN5|ENSG00000123349.13_3,ENST00000243040.10_1;ENST00000334478.8_1;ENST00000351500.7_1;ENST00000547130.5_1;ENST00000547228.1_1;ENST00000549759.1_2;ENST00000549995.1_1;ENST00000550069.1_1;ENST00000550513.1_1;ENST00000550846.5_1;ENST00000550880.5_1;ENST00000551018.5_1;ENST00000551223.5_1;ENST00000552341.5_1;ENST00000552742.5_1;ENST00000628881.1_1,CDS
chr12,53808313,53808314,potential G-quadruplex & G>=40%,148,+,chr12:53808254-53808314:+,False,"            5'- TGATCCCAGAAAGTATATACTGAAGTGTGGGATAAAGATTATGATTAGGGGAGGGTTGGAGACAAAAGCT -3'
       rG4seq-K -----------------------------------------------------------*----------",SP1|ENSG00000185591.9_4,ENST00000426431.2_2,3UTR
chr12,53869139,53869142,canonical/G3L1-7,27,+,chr12:53869117-53869142:+,False,"            5'- GGGGATAACTGGGTGGGGGTGGGGGAGTGGTAACC -3'
       rG4seq-K ----------------------***----------",PCBP2|ENSG00000197111.15_4,ENST00000359282.9_2;ENST00000359462.9_1;ENST00000437231.5_1;ENST00000439930.7_1;ENST00000447282.5_2;ENST00000455667.7_1;ENST00000546463.5_1;ENST00000547048.5_1;ENST00000547859.2_1;ENST00000548933.5_2;ENST00000549863.5_1;ENST00000550585.5_1;ENST00000550733.1_1;ENST00000552296.6_1;ENST00000552819.5_1;ENST00000553064.6_2;ENST00000562264.5_2,3UTR
chr12,53873899,53873901,two-quartet,63,+,chr12:53873886-53873901:+,False,"            5'- GGGAGGGGGTGGGGGAAAGGAATGA -3'
       rG4seq-K -------------**----------",PCBP2|ENSG00000197111.15_4,ENST00000437231.5_1;ENST00000447282.5_2;ENST00000455667.7_1;ENST00000547859.2_1,3UTR
chr12,54332612,54332614,canonical/G3L1-7,22,+,chr12:54332593-54332614:+,False,"            5'- GGGGAGGGATGGGGGGAGGGGAAACAGGAGC -3'
       rG4seq-K -------------------**----------",HOXC13|ENSG00000123364.4_2,ENST00000243056.4_1,5UTR
chr12,54369232,54369234,canonical/G3L1-7,29,+,chr12:54369207-54369234:+,False,"            5'- GGGCCCTTTTGGGGGCGGGGGGAGGGGAAAATTATTT -3'
       rG4seq-K -------------------------**----------",HOXC11|ENSG00000123388.4_2,ENST00000243082.4_1;ENST00000546378.1_1,3UTR;CDS
chr12,54369970,54369972,bulges,53,+,chr12:54369943-54369971:+,False,"            5'- GGGGTGGTGGAGGCAGTAGGGAGATGGGATTGGGCACC -3'
       rG4seq-K ---------------------------**---------",HOXC11|ENSG00000123388.4_2,ENST00000243082.4_1;ENST00000546378.1_1,3UTR
chr12,54369977,54369978,bulges,60,+,chr12:54369948-54369977:+,False,"            5'- GGTGGAGGCAGTAGGGAGATGGGATTGGGCACCTCCCCC -3'
       rG4seq-K -----------------------------*---------",HOXC11|ENSG00000123388.4_2,ENST00000243082.4_1;ENST00000546378.1_1,3UTR
chr12,54380234,54380237,bulges,22,+,chr12:54380213-54380238:+,False,"            5'- GGGAAGGCTGGGGAGATGGGGGGAGTTCTCTTTAC -3'
       rG4seq-K ---------------------***-----------",AC012531.2|ENSG00000273049.1_6;HOXC10|ENSG00000180818.4_3,ENST00000303460.4_1;ENST00000511575.1_1;ENST00000513209.1_1;ENST00000513413.2_1;ENST00000514415.1_1,non_coding
chr12,54383475,54383477,potential G-quadruplex & G>=40%,377,+,chr12:54383417-54383477:+,False,"            5'- ATGAGAAATGGGGTGCCGGGATGTGGGGTGTGGTGTGTGCCCTCATAGATGGGGGTGGGAGTGTGGCTGG -3'
       rG4seq-K ----------------------------------------------------------**----------",AC012531.2|ENSG00000273049.1_6;HOXC10|ENSG00000180818.4_3,ENST00000303460.4_1;ENST00000511575.1_1;ENST00000513209.1_1;ENST00000513413.2_1;ENST00000514415.1_1,3UTR;non_coding
chr12,54449554,54449558,canonical/G3L1-7,16,+,chr12:54449531-54449556:+,False,"            5'- GGGGGGGGGTGTGGGAGGAGAGGGGGCGAAGACAG -3'
       rG4seq-K -----------------------****--------",HOXC4|ENSG00000198353.7_3,ENST00000430889.2_1,3UTR
chr12,54676407,54676410,bulges,2016,+,chr12:54676379-54676408:+,False,"            5'- GGTGGTGGTCGTGGAGGTGGTTTCGGTGGGAATGACAAC -3'
       rG4seq-K ----------------------------***--------",AC078778.2|ENSG00000258344.1_6;HNRNPA1|ENSG00000135486.17_3,ENST00000330752.12_1;ENST00000340913.10_1;ENST00000546500.5_1;ENST00000547276.5_1;ENST00000547566.5_1;ENST00000547708.5_1;ENST00000548688.5_1;ENST00000550482.1_1;ENST00000553061.1_1,CDS;non_coding
chr12,54676629,54676632,bulges,1899,+,chr12:54676601-54676629:+,False,"            5'- GTGGTGGTGGTGGATATGGTGGCAGTGGGGATGGCTAT -3'
       rG4seq-K ----------------------------***-------",AC078778.2|ENSG00000258344.1_6;HNRNPA1|ENSG00000135486.17_3,ENST00000330752.12_1;ENST00000340913.10_1;ENST00000546500.5_1;ENST00000547276.5_1;ENST00000547566.5_1;ENST00000547708.5_1;ENST00000550482.1_1;ENST00000553061.1_1,CDS;non_coding
chr12,54676635,54676636,two-quartet,2402,+,chr12:54676609-54676635:+,False,"            5'- GGTGGATATGGTGGCAGTGGGGATGGCTATAATGGA -3'
       rG4seq-K --------------------------*---------",AC078778.2|ENSG00000258344.1_6;HNRNPA1|ENSG00000135486.17_3,ENST00000330752.12_1;ENST00000340913.10_1;ENST00000546500.5_1;ENST00000547276.5_1;ENST00000547566.5_1;ENST00000547708.5_1;ENST00000550482.1_1;ENST00000553061.1_1,CDS;non_coding
chr12,54677013,54677014,two-quartet,395,+,chr12:54676987-54677013:+,False,"            5'- GGAGGCGGAGGCGGCTTTGGCGGTGGTAGTGGAAGC -3'
       rG4seq-K --------------------------*---------",AC078778.2|ENSG00000258344.1_6;HNRNPA1|ENSG00000135486.17_3,ENST00000330752.12_1;ENST00000340913.10_1;ENST00000546500.5_1;ENST00000547276.5_1;ENST00000547566.5_1;ENST00000547708.5_1;ENST00000550482.1_1;ENST00000553061.1_1,CDS;non_coding
chr12,54677617,54677618,two-quartet,5247,+,chr12:54677606-54677617:+,False,"            5'- GGAGGTGGTGGAAGCTACAAT -3'
       rG4seq-K -----------*---------",AC078778.2|ENSG00000258344.1_6;HNRNPA1|ENSG00000135486.17_3,ENST00000330752.12_1;ENST00000340913.10_1;ENST00000546500.5_1;ENST00000547276.5_1;ENST00000547566.5_1;ENST00000547708.5_1;ENST00000550482.1_1;ENST00000551679.1_1;ENST00000553061.1_1,CDS;non_coding
chr12,54679671,54679673,canonical/G3L1-7,10,+,chr12:54679651-54679672:+,False,"            5'- GGGTGGTGGGAGGTGGGTGGGAGGTGGTGGT -3'
       rG4seq-K --------------------**---------",AC078778.2|ENSG00000258344.1_6;HNRNPA1|ENSG00000135486.17_3,ENST00000546500.5_1;ENST00000547566.5_1;ENST00000553061.1_1,3UTR;non_coding
chr12,54679685,54679686,bulges,26,+,chr12:54679651-54679684:+,False,"            5'- GGGTGGTGGGAGGTGGGTGGGAGGTGGTGGTGGGTGGGAAAGC -3'
       rG4seq-K ----------------------------------*--------",AC078778.2|ENSG00000258344.1_6;HNRNPA1|ENSG00000135486.17_3,ENST00000546500.5_1;ENST00000547566.5_1;ENST00000553061.1_1,3UTR;non_coding
chr12,54679688,54679690,longloop,160,+,chr12:54679651-54679689:+,False,"            5'- GGGTGGTGGGAGGTGGGTGGGAGGTGGTGGTGGGTGGGAAAGCATGGG -3'
       rG4seq-K -------------------------------------**---------",AC078778.2|ENSG00000258344.1_6;HNRNPA1|ENSG00000135486.17_3,ENST00000546500.5_1;ENST00000547566.5_1;ENST00000553061.1_1,3UTR;non_coding
chr12,54680362,54680364,bulges,57,+,chr12:54680345-54680363:+,False,"            5'- GGTGGGGGGATGGGTGGGTTATTAATGG -3'
       rG4seq-K -----------------**---------",AC078778.2|ENSG00000258344.1_6;HNRNPA1|ENSG00000135486.17_3,ENST00000546500.5_1;ENST00000547566.5_1;ENST00000551665.1_1;ENST00000551803.1_1;ENST00000553061.1_1,3UTR;non_coding
chr12,54680374,54680375,longloop,102,+,chr12:54680348-54680374:+,False,"            5'- GGGGGGATGGGTGGGTTATTAATGGGAGGTATGGGG -3'
       rG4seq-K --------------------------*---------",AC078778.2|ENSG00000258344.1_6;HNRNPA1|ENSG00000135486.17_3,ENST00000546500.5_1;ENST00000547566.5_1;ENST00000551665.1_1;ENST00000551803.1_1;ENST00000553061.1_1,3UTR;non_coding
chr12,54680383,54680387,longloop,220,+,chr12:54680348-54680384:+,False,"            5'- GGGGGGATGGGTGGGTTATTAATGGGAGGTATGGGGGGTTTAGCTT -3'
       rG4seq-K -----------------------------------****-------",AC078778.2|ENSG00000258344.1_6;HNRNPA1|ENSG00000135486.17_3,ENST00000546500.5_1;ENST00000547566.5_1;ENST00000551665.1_1;ENST00000551803.1_1;ENST00000553061.1_1,3UTR;non_coding
chr12,54744773,54744774,two-quartet,236,+,chr12:54744758-54744773:+,False,"            5'- GGGGGCGGGGATGGGTAGGGATTTA -3'
       rG4seq-K ---------------*---------",COPZ1|ENSG00000111481.9_5,ENST00000262061.6_2;ENST00000549043.5_1;ENST00000550171.5_1,3UTR
chr12,54744777,54744779,canonical/G3L1-7,952,+,chr12:54744758-54744778:+,False,"            5'- GGGGGCGGGGATGGGTAGGGATTTATCCAA -3'
       rG4seq-K -------------------**---------",COPZ1|ENSG00000111481.9_5,ENST00000262061.6_2;ENST00000549043.5_1;ENST00000550171.5_1,3UTR
chr12,56110321,56110324,bulges,79,+,chr12:56110297-56110323:+,False,"            5'- GACTCTGGAGGGAGGAGGGTGTGGGGAACCCCCCAG -3'
       rG4seq-K ------------------------***---------",BLOC1S1-RDH5|ENSG00000258311.5_6;BLOC1S1|ENSG00000135441.7_3,ENST00000257899.3_3;ENST00000547076.5_1;ENST00000548556.1_1;ENST00000548925.5_1;ENST00000549147.1_1;ENST00000550412.5_2;ENST00000551926.1_1;ENST00000551946.5_3;ENST00000553100.1_2,5UTR;non_coding
chr12,56124248,56124249,bulges,70,+,chr12:56124230-56124250:+,False,"            5'- GGGAGGGAAAGGGAGAGGAGAATGGATTTC -3'
       rG4seq-K ------------------*-----------",AC009779.2|ENSG00000258056.2_5,ENST00000552576.2_1,non_coding
chr12,56143855,56143856,canonical/G3L1-7,11,+,chr12:56143830-56143855:+,False,"            5'- GGGTGAGGGGTTTGGGGGAAAGGGGAAGCAGGGGC -3'
       rG4seq-K -------------------------*---------",GDF11|ENSG00000135414.9_5,ENST00000257868.9_2;ENST00000546799.1_5,3UTR
chr12,56143863,56143865,canonical/G3L1-7,24,+,chr12:56143836-56143864:+,False,"            5'- GGGGTTTGGGGGAAAGGGGAAGCAGGGGCATAGTCAGG -3'
       rG4seq-K ---------------------------**---------",GDF11|ENSG00000135414.9_5,ENST00000257868.9_2;ENST00000546799.1_5,3UTR
chr12,56143879,56143880,longloop,47,+,chr12:56143843-56143880:+,False,"            5'- GGGGGAAAGGGGAAGCAGGGGCATAGTCAGGGTGGGGAGTGTTTGAA -3'
       rG4seq-K ------------------------------------*----------",GDF11|ENSG00000135414.9_5,ENST00000257868.9_2;ENST00000546799.1_5,3UTR
chr12,56144216,56144219,canonical/G3L1-7,26,+,chr12:56144193-56144218:+,False,"            5'- GGGGAAGGGGAAGTGAGGGCAGGGGCAAAAAGATT -3'
       rG4seq-K -----------------------***---------",GDF11|ENSG00000135414.9_5,ENST00000257868.9_2;ENST00000546799.1_5,3UTR
chr12,56144556,56144558,longloop,20,+,chr12:56144527-56144557:+,False,"            5'- GGGTTTAAGAGCTGGGGATGCGGGGGTGGGAGAGAGAACC -3'
       rG4seq-K -----------------------------**---------",GDF11|ENSG00000135414.9_5,ENST00000257868.9_2;ENST00000546799.1_5,3UTR
chr12,56510763,56510765,bulges,49,+,chr12:56510735-56510764:+,False,"            5'- GGTTAAGTGCTATGGGTAGAGAGGGTGGGCTTAGAAAAG -3'
       rG4seq-K ----------------------------**---------",RPL41|ENSG00000229117.8_2,ENST00000358888.7_1;ENST00000501597.3_1;ENST00000546485.5_1;ENST00000546591.5_1;ENST00000546654.1_1;ENST00000552314.1_1,non_coding
chr12,56510776,56510777,longloop,76,+,chr12:56510748-56510776:+,False,"            5'- GGGTAGAGAGGGTGGGCTTAGAAAAGGGTGGAATTCTG -3'
       rG4seq-K ----------------------------*---------",RPL41|ENSG00000229117.8_2,ENST00000358888.7_1;ENST00000501597.3_1;ENST00000546485.5_1;ENST00000546591.5_1;ENST00000546654.1_1;ENST00000552314.1_1,non_coding
chr12,56510779,56510780,two-quartet,110,+,chr12:56510757-56510779:+,False,"            5'- GGGTGGGCTTAGAAAAGGGTGGAATTCTGATC -3'
       rG4seq-K ----------------------*---------",RPL41|ENSG00000229117.8_2,ENST00000358888.7_1;ENST00000501597.3_1;ENST00000546485.5_1;ENST00000546591.5_1;ENST00000546654.1_1;ENST00000552314.1_1,non_coding
chr12,56618253,56618255,canonical/G3L1-7,38,+,chr12:56618234-56618255:+,False,"            5'- GGGCTGCGGGTAGGGGAGGGGATGGACCGAG -3'
       rG4seq-K -------------------**----------",NABP2|ENSG00000139579.12_3,ENST00000267023.8_1;ENST00000341463.5_1;ENST00000380198.6_1;ENST00000399713.6_3;ENST00000447747.5_1;ENST00000479016.2_1,5UTR
chr12,56618570,56618571,two-quartet,40,+,chr12:56618543-56618572:+,False,"            5'- GGTAGGCCTTGGGAAGTGGAGCATGGGGGCAAAGGATCC -3'
       rG4seq-K ---------------------------*-----------",NABP2|ENSG00000139579.12_3,ENST00000267023.8_1;ENST00000341463.5_1;ENST00000380198.6_1;ENST00000399713.6_3;ENST00000447747.5_1;ENST00000479016.2_1,5UTR
chr12,57850933,57850934,two-quartet,19,+,chr12:57850915-57850932:+,False,"            5'- GGGACTAGGGAGGGAGGGAGGGAAGGC -3'
       rG4seq-K ------------------*--------",INHBE|ENSG00000139269.2_2,ENST00000266646.2_1;ENST00000551553.1_1,3UTR
chr12,57850936,57850938,canonical/G3L1-7,106,+,chr12:57850915-57850937:+,False,"            5'- GGGACTAGGGAGGGAGGGAGGGAAGGCAGAGA -3'
       rG4seq-K ---------------------**---------",INHBE|ENSG00000139269.2_2,ENST00000266646.2_1;ENST00000551553.1_1,3UTR
chr12,57905513,57905514,bulges,521,+,chr12:57905482-57905513:+,False,"            5'- GGAGAAGCGACTGGAGGAGTGGTTGGGGAGGACATTGCCTG -3'
       rG4seq-K -------------------------------*---------",MARS|ENSG00000166986.14_3,ENST00000262027.9_1;ENST00000447721.6_1;ENST00000537638.6_1;ENST00000545888.6_1;ENST00000546971.5_1;ENST00000548944.1_3;ENST00000549603.1_1;ENST00000628866.2_1,3UTR;CDS
chr12,57905953,57905954,canonical/G3L1-7,18,+,chr12:57905931-57905953:+,False,"            5'- GGGTGTGGGTGTTAGGGTTGGGTGTCTGGTCT -3'
       rG4seq-K ----------------------*---------",MARS|ENSG00000166986.14_3,ENST00000262027.9_1;ENST00000447721.6_1;ENST00000537638.6_1;ENST00000545888.6_1;ENST00000546971.5_1;ENST00000548630.1_1;ENST00000548944.1_3;ENST00000549048.1_1;ENST00000628866.2_1,non_coding
chr12,57920858,57920860,longloop,22,+,chr12:57920833-57920859:+,False,"            5'- GGGGATGGGGAGGGATCTGCAGAGGGAGCCGGGGGT -3'
       rG4seq-K -------------------------**---------",MBD6|ENSG00000166987.14_4,ENST00000355673.7_2;ENST00000547545.1_3,CDS
chr12,57922113,57922115,canonical/G3L1-7,17,+,chr12:57922085-57922114:+,False,"            5'- GGGAAACGGGGCCGGAGGGGAGGAGGGGGACTTAGGGGC -3'
       rG4seq-K ----------------------------**---------",MBD6|ENSG00000166987.14_4,ENST00000355673.7_2;ENST00000547545.1_3;ENST00000552163.1_4,CDS
chr12,57922122,57922124,canonical/G3L1-7,67,+,chr12:57922092-57922123:+,False,"            5'- GGGGCCGGAGGGGAGGAGGGGGACTTAGGGGCATTAATGGT -3'
       rG4seq-K ------------------------------**---------",MBD6|ENSG00000166987.14_4,ENST00000355673.7_2;ENST00000547545.1_3;ENST00000552163.1_4,CDS
chr12,57995454,57995457,potential G-quadruplex & G>=40%,71,+,chr12:57995397-57995457:+,False,"            5'- CTGGTTCTCTCTGATGTTCAAGGTGGTGGGGTTCTGAGACACTTGGGGGAATTGTGGGGATATTCTAGCC -3'
       rG4seq-K ---------------------------------------------------------***----------",PIP4K2C|ENSG00000166908.17_3,ENST00000354947.9_1;ENST00000422156.7_1;ENST00000540759.6_1;ENST00000550465.5_1,3UTR
chr12,58010806,58010808,canonical/G3L1-7,67,+,chr12:58010786-58010807:+,False,"            5'- GGGTGGGCAAGGCTGGGAGGGATATCAACTT -3'
       rG4seq-K --------------------**---------",ARHGEF25|ENSG00000240771.6_3,ENST00000286494.8_2;ENST00000333972.11_2;ENST00000471370.5_1;ENST00000477314.1_1;ENST00000616622.1_1,3UTR
chr12,58010939,58010940,canonical/G3L1-7,13,+,chr12:58010924-58010939:+,False,"            5'- GGGTGGGTGGGAGGGCTGGGGCAGG -3'
       rG4seq-K ---------------*---------",ARHGEF25|ENSG00000240771.6_3,ENST00000286494.8_2;ENST00000333972.11_2;ENST00000471370.5_1;ENST00000477314.1_1;ENST00000616622.1_1,3UTR
chr12,58010949,58010952,canonical/G3L1-7,33,+,chr12:58010924-58010951:+,False,"            5'- GGGTGGGTGGGAGGGCTGGGGCAGGGGCCAGATAGAA -3'
       rG4seq-K -------------------------***---------",ARHGEF25|ENSG00000240771.6_3,ENST00000286494.8_2;ENST00000333972.11_2;ENST00000471370.5_1;ENST00000477314.1_1;ENST00000616622.1_1,3UTR
chr12,58114031,58114032,bulges,359,+,chr12:58114005-58114031:+,False,"            5'- GGTGAAGGAGCTGCTGGAGAGGGAGGGACTCACAGC -3'
       rG4seq-K --------------------------*---------",OS9|ENSG00000135506.15_5,ENST00000257966.12_1;ENST00000315970.11_1;ENST00000389142.9_3;ENST00000389146.10_3;ENST00000413095.6_1;ENST00000435406.6_1;ENST00000439210.6_3;ENST00000546916.1_1;ENST00000549307.5_1;ENST00000551035.5_1;ENST00000552285.5_1,CDS
chr12,58114660,58114661,longloop,198,+,chr12:58114633-58114661:+,False,"            5'- GGGTGTGGGGCTCTCCAGGTGGGGAGGGCACAGGGGAC -3'
       rG4seq-K ---------------------------*----------",OS9|ENSG00000135506.15_5,ENST00000257966.12_1;ENST00000315970.11_1;ENST00000389142.9_3;ENST00000389146.10_3;ENST00000413095.6_1;ENST00000435406.6_1;ENST00000439210.6_3;ENST00000546916.1_1;ENST00000549307.5_1;ENST00000551035.5_1;ENST00000552285.5_1,CDS
chr12,58114668,58114670,longloop,277,+,chr12:58114639-58114669:+,False,"            5'- GGGGCTCTCCAGGTGGGGAGGGCACAGGGGACCTGGACGA -3'
       rG4seq-K -----------------------------**---------",OS9|ENSG00000135506.15_5,ENST00000257966.12_1;ENST00000315970.11_1;ENST00000389142.9_3;ENST00000389146.10_3;ENST00000413095.6_1;ENST00000435406.6_1;ENST00000439210.6_3;ENST00000546916.1_1;ENST00000549307.5_1;ENST00000551035.5_1;ENST00000552285.5_1,CDS
chr12,58190967,58190968,bulges,15,+,chr12:58190945-58190967:+,False,"            5'- GGATGATGTGTGGGTGGGTGGGTACTGAGGTT -3'
       rG4seq-K ----------------------*---------",TSFM|ENSG00000123297.17_4,ENST00000454289.7_2;ENST00000540550.6_1;ENST00000543727.5_1;ENST00000548851.5_1;ENST00000550559.5_1,3UTR
chr12,64539853,64539856,longloop,15,+,chr12:64539826-64539855:+,False,"            5'- GGGTTGGGGTTTGGGGAGTGGATTTGGGGATAGAGAGAA -3'
       rG4seq-K ---------------------------***---------",SRGAP1|ENSG00000196935.8_3,ENST00000355086.7_1;ENST00000631006.2_1,3UTR
chr12,74934952,74934954,two-quartet,63,+,chr12:74934938-74934953:+,False,"            5'- GGGGGAAGGGGGGGGTTCTTTAAAA -3'
       rG4seq-K --------------**---------",ATXN7L3B|ENSG00000253719.3_3,ENST00000519948.3_1,3UTR
chr12,77246084,77246085,longloop,16,+,chr12:77246055-77246084:+,False,"            5'- GGGAAATCTGTGAGAGGGAATGGGGTGGGAGATGTGGGG -3'
       rG4seq-K -----------------------------*---------",ZDHHC17|ENSG00000186908.14_5,ENST00000426126.6_1,3UTR
chr12,77246093,77246095,canonical/G3L1-7,58,+,chr12:77246070-77246094:+,False,"            5'- GGGAATGGGGTGGGAGATGTGGGGGAATGGTGGT -3'
       rG4seq-K -----------------------**---------",ZDHHC17|ENSG00000186908.14_5,ENST00000426126.6_1,3UTR
chr12,77246589,77246590,two-quartet,48,+,chr12:77246566-77246589:+,False,"            5'- GGGAAGAGATGGGTGTGGGGTGGCAATAGCATT -3'
       rG4seq-K -----------------------*---------",ZDHHC17|ENSG00000186908.14_5,ENST00000426126.6_1,3UTR
chr12,99128350,99128351,two-quartet,10,+,chr12:99128331-99128351:+,False,"            5'- GGGGTAGGTCGGGGAGAGGGTAAGGGAATA -3'
       rG4seq-K -------------------*----------",APAF1|ENSG00000120868.13_4,ENST00000333991.5_1;ENST00000357310.5_3;ENST00000359972.6_3;ENST00000547666.1_1;ENST00000550527.5_2,3UTR
chr12,99128356,99128358,canonical/G3L1-7,21,+,chr12:99128331-99128357:+,False,"            5'- GGGGTAGGTCGGGGAGAGGGTAAGGGAATAGATCAC -3'
       rG4seq-K -------------------------**---------",APAF1|ENSG00000120868.13_4,ENST00000333991.5_1;ENST00000357310.5_3;ENST00000359972.6_3;ENST00000547666.1_1;ENST00000550527.5_2,3UTR
chr12,102316303,102316305,canonical/G3L1-7,82,+,chr12:102316277-102316304:+,False,"            5'- GGGCATGGGGGTGTAGGGAGTTCGGGGTAGCTCCTCA -3'
       rG4seq-K --------------------------**---------",DRAM1|ENSG00000136048.13_3,ENST00000258534.12_1;ENST00000549066.1_1,3UTR
chr12,104324267,104324269,bulges,647,+,chr12:104324230-104324268:+,False,"            5'- GGGGTGGGGGGTGGAGGCGGCTCCTGCGATCGAAGGGGACTTGAGACT -3'
       rG4seq-K -------------------------------------**---------",HSP90B1|ENSG00000166598.14_3;MIR3652|ENSG00000265072.1,ENST00000299767.9_1;ENST00000540297.6_1;ENST00000548462.5_1;ENST00000548622.1_1;ENST00000549334.5_1;ENST00000579335.1;ENST00000614327.1_1;ENST00000640977.1_1,5UTR;non_coding
chr12,105151597,105151599,bulges,67,+,chr12:105151568-105151598:+,False,"            5'- GAAATTGGAATAAAGGGGGTGGGGAGAGGGAGAGAATCAT -3'
       rG4seq-K -----------------------------**---------",CHST11|ENSG00000171310.10_4,ENST00000303694.5_1;ENST00000549260.5_1,3UTR;CDS
chr12,105153259,105153261,canonical/G3L1-7,11,+,chr12:105153243-105153261:+,False,"            5'- GGGGAGGGTGGGATGGGGTGTGGGTAAG -3'
       rG4seq-K ----------------**----------",CHST11|ENSG00000171310.10_4,ENST00000303694.5_1;ENST00000549260.5_1,3UTR
chr12,105153266,105153267,canonical/G3L1-7,31,+,chr12:105153243-105153267:+,False,"            5'- GGGGAGGGTGGGATGGGGTGTGGGTAAGTTTTGC -3'
       rG4seq-K -----------------------*----------",CHST11|ENSG00000171310.10_4,ENST00000303694.5_1;ENST00000549260.5_1,3UTR
chr12,107366678,107366682,two-quartet,103,+,chr12:107366662-107366681:+,False,"            5'- GGAGGGGAGGAAAGGGGGGTGATACCTTG -3'
       rG4seq-K ----------------****---------",TMEM263|ENSG00000151135.9_2,ENST00000280756.8_1;ENST00000548125.5_1;ENST00000548806.1_1;ENST00000551237.1_1,3UTR
chr12,108913965,108913966,bulges,21,+,chr12:108913944-108913965:+,False,"            5'- GGGGGAAACATGGTGGGCGGGCAGTTTGGTT -3'
       rG4seq-K ---------------------*---------",FICD|ENSG00000198855.6_2,ENST00000549641.1_1;ENST00000552695.5_1,3UTR
chr12,109548489,109548492,potential G-quadruplex & G>=40%,314,+,chr12:109548432-109548492:+,False,"            5'- AGCAGTGGAATTTGAACAAGGAAGAGGAGAAAAGGGAATTTTGTCTTTATGGGGTGGGGTGATTTTCTCC -3'
       rG4seq-K ---------------------------------------------------------***----------",UNG|ENSG00000076248.10_3,ENST00000242576.6_2;ENST00000336865.6_2;ENST00000446767.2_1;ENST00000539287.5_1,3UTR
chr12,110719069,110719070,potential G-quadruplex & G>=40%,72,+,chr12:110719010-110719070:+,False,"            5'- CGCGGCGGCGGCGAAAGGGGAGGCAGCGGCCGATAAATGCTATTAGAGCAGCCGCCGCGGAGCCGTCCCC -3'
       rG4seq-K -----------------------------------------------------------*----------",ATP2A2|ENSG00000174437.16_2,ENST00000308664.10_1;ENST00000552636.1_1,5UTR
chr12,110719360,110719361,canonical/G3L1-7,81,+,chr12:110719344-110719360:+,False,"            5'- GGGGAGGGAGGGTGGGTCAGGAGCCC -3'
       rG4seq-K ----------------*---------",ATP2A2|ENSG00000174437.16_2,ENST00000308664.10_1;ENST00000377685.9_1;ENST00000552636.1_1,5UTR
chr12,110719425,110719426,bulges,50,+,chr12:110719403-110719427:+,False,"            5'- GGGGCGGTTGTCTGGGGGAGGGGGCGCGGGGTGA -3'
       rG4seq-K ----------------------*-----------",ATP2A2|ENSG00000174437.16_2,ENST00000308664.10_1;ENST00000377685.9_1;ENST00000552636.1_1,5UTR
chr12,110719433,110719435,longloop,123,+,chr12:110719403-110719434:+,False,"            5'- GGGGCGGTTGTCTGGGGGAGGGGGCGCGGGGTGATTCAGCG -3'
       rG4seq-K ------------------------------**---------",ATP2A2|ENSG00000174437.16_2,ENST00000308664.10_1;ENST00000377685.9_1;ENST00000552636.1_1,5UTR
chr12,110786295,110786296,two-quartet,140,+,chr12:110786268-110786295:+,False,"            5'- GGTTGGAGTTTGGGGAGGGTTAGGAGGCATCAAGCAG -3'
       rG4seq-K ---------------------------*---------",ATP2A2|ENSG00000174437.16_2,ENST00000308664.10_1;ENST00000313432.5_1;ENST00000377685.9_1;ENST00000553144.1_1,non_coding
chr12,110786611,110786614,two-quartet,104,+,chr12:110786592-110786613:+,False,"            5'- GGGAACATTTGGGGCAGGGGGTAAATTTTGC -3'
       rG4seq-K -------------------*-*---------",ATP2A2|ENSG00000174437.16_2,ENST00000308664.10_1;ENST00000313432.5_1;ENST00000377685.9_1;ENST00000553144.1_1,non_coding
chr12,110927990,110927991,potential G-triplex & G>=40%,304,+,chr12:110927931-110927991:+,False,"            5'- TGTTAACTTGACAGTCTTGTCTCGTGTATTGAATTCGTGCCAAAGGTGAGGGTAAGGGGTTGTGAGTTGT -3'
       rG4seq-K -----------------------------------------------------------*----------",FAM216A|ENSG00000204856.11_2,ENST00000377673.9_1;ENST00000546396.1_1;ENST00000547539.1_1,3UTR;CDS
chr12,111067899,111067901,canonical/G3L1-7,11,+,chr12:111067879-111067901:+,False,"            5'- GGGTGGTGGGCTAGGGGAGGGGATAGCATTAG -3'
       rG4seq-K --------------------**----------",TCTN1|ENSG00000204852.15_4,ENST00000377654.4_3;ENST00000397655.7_1;ENST00000397656.8_1;ENST00000397659.8_1;ENST00000464809.5_1;ENST00000478122.6_1;ENST00000480648.5_1;ENST00000490514.5_1;ENST00000495659.6_1;ENST00000547868.1_1;ENST00000550703.6_1;ENST00000551555.2_1;ENST00000551590.5_1;ENST00000614115.4_1,3UTR
chr12,112460500,112460503,canonical/G3L1-7,595,+,chr12:112460478-112460502:+,False,"            5'- GGGTTTGGTGGGGGTAGGGAGGGGAGAGTTAACC -3'
       rG4seq-K ----------------------***---------",ERP29|ENSG00000089248.6_3,ENST00000261735.3_1;ENST00000455836.1_1;ENST00000546477.1_1,3UTR
chr12,112460545,112460546,potential G-quadruplex & G>=40%,1145,+,chr12:112460486-112460546:+,False,"            5'- TGGGGGTAGGGAGGGGAGAGTTAACCTGCTGGCTGTGAGTCCCTTGTGGAATATAAGGGGGTAGTGGGAA -3'
       rG4seq-K -----------------------------------------------------------*----------",ERP29|ENSG00000089248.6_3,ENST00000261735.3_1;ENST00000455836.1_1;ENST00000546477.1_1,3UTR
chr12,112460553,112460555,two-quartet,1129,+,chr12:112460533-112460554:+,False,"            5'- GGAATATAAGGGGGTAGTGGGAAAAGTGGTA -3'
       rG4seq-K --------------------**---------",ERP29|ENSG00000089248.6_3,ENST00000261735.3_1;ENST00000455836.1_1;ENST00000546477.1_1,3UTR
chr12,112590778,112590779,canonical/G3L1-7,72,+,chr12:112590754-112590778:+,False,"            5'- GGGGGTTTGGGTTTGAGGGAAGGGAGCAGGGTGG -3'
       rG4seq-K ------------------------*---------",TRAFD1|ENSG00000135148.11_4,ENST00000257604.9_4;ENST00000412615.6_4,3UTR
chr12,118583212,118583213,bulges,820,+,chr12:118583186-118583212:+,False,"            5'- GGGAGGGTGGCTTTGCTGTTGTTGGGACATGGCAAT -3'
       rG4seq-K --------------------------*---------",PEBP1|ENSG00000089220.4_2,ENST00000261313.2_1,3UTR
chr12,118684021,118684023,longloop,109,+,chr12:118683988-118684022:+,False,"            5'- GGGGCCGGGGTCGCGGCCGTGGACGGGGCCGGGGCCGAGGCCGC -3'
       rG4seq-K ---------------------------------**---------",RPS2P5|ENSG00000240342.3_4,ENST00000488803.1_1,non_coding
chr12,118852889,118852892,two-quartet,29,+,chr12:118852875-118852891:+,False,"            5'- GGGGTTGGGGGAGGGGACATTTCATA -3'
       rG4seq-K --------------***---------",SUDS3|ENSG00000111707.11_2,ENST00000543473.1_1,3UTR
chr12,121014613,121014614,potential G-quadruplex & G>=40%,82,+,chr12:121014554-121014614:+,False,"            5'- TAAGTATTTGAGTTTGAACAGATTAGCTCTGGGGGGAGGGGGTTTCCACAATGTGAGGGGGAACCAAGAA -3'
       rG4seq-K -----------------------------------------------------------*----------",RNF10|ENSG00000022840.15_4,ENST00000325954.8_3;ENST00000413266.6_3;ENST00000535470.5_1;ENST00000538254.1_1;ENST00000542701.1_1;ENST00000544805.1_1;ENST00000545419.5_1,3UTR
chr12,121134385,121134388,two-quartet,82,+,chr12:121134370-121134387:+,False,"            5'- GGGTGGAGGGGTGTGGGAAAGAAACCA -3'
       rG4seq-K ---------------***---------",MLEC|ENSG00000110917.7_2,ENST00000228506.7_1;ENST00000412616.2_1;ENST00000535413.1_1;ENST00000535656.1_1,3UTR
chr12,121158372,121158373,canonical/G3L1-7,17,+,chr12:121158356-121158372:+,False,"            5'- GGGTGGGGAGGGAGGGAGGTGCCAAG -3'
       rG4seq-K ----------------*---------",UNC119B|ENSG00000175970.10_3,ENST00000344651.4_1,3UTR
chr12,121177517,121177519,canonical/G3L1-7,17,+,chr12:121177497-121177518:+,False,"            5'- GGGGGCGGGGTTGTGGGGGGGCTGAGCGACA -3'
       rG4seq-K --------------------**---------",ACADS|ENSG00000122971.8_2,ENST00000242592.8_1,3UTR
chr12,122243864,122243865,two-quartet,18,+,chr12:122243845-122243864:+,False,"            5'- GGGGAGGTGGAGGAGGTGGAGATTTTGTA -3'
       rG4seq-K -------------------*---------",SETD1B|ENSG00000139718.10_3,ENST00000267197.9_1;ENST00000542440.5_2;ENST00000604567.5_2;ENST00000619791.1_2,CDS
chr12,122498565,122498567,canonical/G3L1-7,14,+,chr12:122498544-122498566:+,False,"            5'- GGGGGTGGGGTGGGGTCATGGGTTTTGTTGTT -3'
       rG4seq-K ---------------------**---------",BCL7A|ENSG00000110987.8_2,ENST00000261822.4_1;ENST00000538010.5_1,3UTR
chr12,122498582,122498585,bulges,39,+,chr12:122498544-122498583:+,False,"            5'- GGGGGTGGGGTGGGGTCATGGGTTTTGTTGTTTTTGGGGGCTAATTGGT -3'
       rG4seq-K --------------------------------------***--------",BCL7A|ENSG00000110987.8_2,ENST00000261822.4_1;ENST00000538010.5_1,3UTR
chr12,123464118,123464119,canonical/G3L1-7,12,+,chr12:123464089-123464118:+,False,"            5'- GGGAGTCAGGGAAGCAGGGGAGGGGAGGGAGCAGCTGGG -3'
       rG4seq-K -----------------------------*---------",AC026362.1|ENSG00000256028.2_6;OGFOD2|ENSG00000111325.16_5,ENST00000228922.11_1;ENST00000397389.6_1;ENST00000454694.6_1;ENST00000536150.5_1;ENST00000538755.5_1;ENST00000540324.5_1;ENST00000540866.2_1,3UTR;non_coding
chr12,123465296,123465298,two-quartet,20,+,chr12:123465273-123465297:+,False,"            5'- GGCCCGCAGGGCGGTCGAGGTGGGAACGGAGCAG -3'
       rG4seq-K -----------------------**---------",AC026362.1|ENSG00000256028.2_6;ARL6IP4|ENSG00000182196.13_5,ENST00000315580.9_4;ENST00000392435.6_4;ENST00000412505.6_1;ENST00000413381.6_3;ENST00000426960.6_3;ENST00000439686.6_2;ENST00000442210.2_1;ENST00000453766.6_2;ENST00000454885.6_1;ENST00000536502.5_1;ENST00000539576.5_1;ENST00000539770.5_1;ENST00000540382.5_1;ENST00000540708.5_1;ENST00000540866.2_1;ENST00000542099.5_1;ENST00000543566.5_2,5UTR;CDS;non_coding
chr12,123467384,123467386,bulges,247,+,chr12:123467362-123467385:+,False,"            5'- GGGGCAGGGGGTGGAGGTTGGGGTCACCGGCCT -3'
       rG4seq-K ----------------------**---------",AC026362.1|ENSG00000256028.2_6;ARL6IP4|ENSG00000182196.13_5,ENST00000315580.9_4;ENST00000392433.3_1;ENST00000412505.6_1;ENST00000453766.6_2;ENST00000454885.6_1;ENST00000536073.1_1;ENST00000536502.5_1;ENST00000539576.5_1;ENST00000539770.5_1;ENST00000540382.5_1;ENST00000540708.5_1;ENST00000540866.2_1;ENST00000543566.5_2,3UTR;non_coding
chr12,124498739,124498742,canonical/G3L1-7,75,+,chr12:124498721-124498741:+,False,"            5'- GGGGTGGGGTGGGGGTGGGGTGACATTAGC -3'
       rG4seq-K ------------------***---------",AC068790.8|ENSG00000274874.1_6;RFLNA|ENSG00000178882.14_5;ZNF664|ENSG00000179195.15_3,ENST00000337815.8_1;ENST00000389727.8_3;ENST00000392404.7_1;ENST00000538932.6_1;ENST00000539644.5_1;ENST00000545615.1_1;ENST00000618862.1_1,3UTR;non_coding
chr12,124498904,124498906,potential G-quadruplex & G>=40%,149,+,chr12:124498846-124498906:+,False,"            5'- TGAGCTGGTGCGTTTAAGGAACAGGCCAGCACTGGCATTCGCAAGCAGTGGGGAAGGGGAGAGATGCCGA -3'
       rG4seq-K ----------------------------------------------------------**----------",AC068790.8|ENSG00000274874.1_6;RFLNA|ENSG00000178882.14_5;ZNF664|ENSG00000179195.15_3,ENST00000337815.8_1;ENST00000389727.8_3;ENST00000392404.7_1;ENST00000538932.6_1;ENST00000539644.5_1;ENST00000545615.1_1;ENST00000618862.1_1,3UTR;non_coding
chr12,124499390,124499393,longloop,231,+,chr12:124499357-124499392:+,False,"            5'- GGGTGGGCCATGAAACTAGAGATGGGATTTGGGGGTGAATTTGTC -3'
       rG4seq-K ---------------------------------***---------",AC068790.8|ENSG00000274874.1_6;RFLNA|ENSG00000178882.14_5;ZNF664|ENSG00000179195.15_3,ENST00000337815.8_1;ENST00000389727.8_3;ENST00000392404.7_1;ENST00000538932.6_1;ENST00000539644.5_1;ENST00000545615.1_1;ENST00000618862.1_1,3UTR;non_coding
chr12,130624091,130624092,canonical/G3L1-7,16,+,chr12:130624076-130624092:+,False,"            5'- GGGTGGGAGGGATGGGAACCGGACTC -3'
       rG4seq-K ---------------*----------",AC026336.3|ENSG00000276122.1_5,ENST00000611525.1_1,non_coding
chr12,130647383,130647385,canonical/G3L1-7,15,+,chr12:130647357-130647386:+,False,"            5'- GGGCCAGGCCGGGCGGGCATGGGCGGGGGCCCGAGCAGG -3'
       rG4seq-K --------------------------**-----------",FZD10|ENSG00000111432.4_2,ENST00000229030.4_1;ENST00000539839.1_1,5UTR
chr12,130650052,130650053,two-quartet,1103,+,chr12:130650031-130650052:+,False,"            5'- GGAAAGGAGGGGGGAAGAGGGAGAAGGATCA -3'
       rG4seq-K ---------------------*---------",FZD10|ENSG00000111432.4_2,ENST00000229030.4_1;ENST00000539839.1_1,3UTR
chr12,132195685,132195686,bulges,30,+,chr12:132195657-132195686:+,False,"            5'- GGTGTTGAGGTTGGGTACGGGATGCGGGGTCTTTGACTG -3'
       rG4seq-K ----------------------------*----------",SFSWAP|ENSG00000061936.9_3,ENST00000261674.8_1;ENST00000535236.5_1;ENST00000535399.1_1;ENST00000538548.5_1;ENST00000540469.5_1;ENST00000541286.5_1,5UTR
chr12,132406822,132406824,bulges,38,+,chr12:132406804-132406823:+,False,"            5'- GGGGCGTGTGGCGGGCGGGTGAGGCTGCT -3'
       rG4seq-K ------------------**---------",ULK1|ENSG00000177169.9_3,ENST00000321867.5_1;ENST00000540568.1_1,3UTR
chr12,132413938,132413941,bulges,54,+,chr12:132413911-132413940:+,False,"            5'- GGGCGGGGCGGGAGGTGAAGAGGCTGGGGAAGTCAGAGG -3'
       rG4seq-K ---------------------------***---------",PUS1|ENSG00000177192.13_4,ENST00000322060.9_2;ENST00000376649.7_1;ENST00000443358.6_1;ENST00000456665.6_1;ENST00000538037.5_1;ENST00000542167.2_3;ENST00000544662.1_1,5UTR
chr12,132414241,132414244,canonical/G3L1-7,19,+,chr12:132414222-132414244:+,False,"            5'- GGGGTCGGGGATCAGGGCGGGGTCGGGTGCAC -3'
       rG4seq-K -------------------***----------",PUS1|ENSG00000177192.13_4,ENST00000322060.9_2;ENST00000376649.7_1;ENST00000443358.6_1;ENST00000456665.6_1;ENST00000538037.5_1;ENST00000542167.2_3;ENST00000544213.5_1;ENST00000544662.1_1,5UTR
chr12,132414248,132414250,canonical/G3L1-7,37,+,chr12:132414222-132414249:+,False,"            5'- GGGGTCGGGGATCAGGGCGGGGTCGGGTGCACTGGTA -3'
       rG4seq-K --------------------------**---------",PUS1|ENSG00000177192.13_4,ENST00000322060.9_2;ENST00000376649.7_1;ENST00000443358.6_1;ENST00000456665.6_1;ENST00000538037.5_1;ENST00000542167.2_3;ENST00000544213.5_1;ENST00000544662.1_1,5UTR
chr12,132425859,132425860,longloop,124,+,"chr12:132423818-132423820:+,chr12:132425836-132425859:+",True,"            5'- GGGACTGAAGCGGGTCACGGGCGGGTTTAACTCCA -3'
       rG4seq-K -------------------------*---------",PUS1|ENSG00000177192.13_4,ENST00000322060.9_2;ENST00000376649.7_1;ENST00000443358.6_1;ENST00000535067.5_1;ENST00000537484.1_1;ENST00000538037.5_1;ENST00000542167.2_3;ENST00000543754.1_1,CDS
chr12,133298660,133298662,bulges,72,+,chr12:133298638-133298661:+,False,"            5'- GGGGGAGGGGCAGGTGAGGTGGGTCTACAGAGG -3'
       rG4seq-K ----------------------**---------",PGAM5|ENSG00000247077.6_3,ENST00000498926.6_1,3UTR
chr12,2967111,2967112,bulges,114,-,chr12:2967112-2967138:-,False,"            5'- GGGTCAGGAGTTGAATTTGGGGTGGGAGGATGGATG -3'
       rG4seq-K --------------------------*---------",FOXM1|ENSG00000111206.12_4,ENST00000342628.6_2;ENST00000359843.7_4;ENST00000361953.7_4;ENST00000536066.1_1;ENST00000627656.2_4,3UTR
chr12,6679674,6679676,canonical/G3L1-7,70,-,chr12:6679675-6679698:-,False,"            5'- GGGGGAGGGGAGGGAGTGAGGGGCAGTGGTGCC -3'
       rG4seq-K ----------------------**---------",AC006064.6|ENSG00000285238.2_2;CHD4|ENSG00000111642.15_4,ENST00000357008.7_2;ENST00000535717.2_2;ENST00000544040.6_2;ENST00000544484.6_2;ENST00000642594.1_1;ENST00000642637.1_1;ENST00000642686.1_1;ENST00000642810.1_1;ENST00000642860.1_1;ENST00000642879.1_1;ENST00000643335.1_1;ENST00000643538.1_1;ENST00000643815.1_2;ENST00000644077.1_2;ENST00000644137.1_1;ENST00000644352.1_1;ENST00000644480.2_2;ENST00000644652.1_2;ENST00000645005.1_1;ENST00000645022.1_1;ENST00000645095.1_1;ENST00000645143.1_1;ENST00000645199.1_1;ENST00000645645.1_1;ENST00000645991.1_1;ENST00000646268.1_1;ENST00000646322.1_1;ENST00000646360.1_1;ENST00000646462.1_2;ENST00000646608.1_1;ENST00000646806.1_1;ENST00000647112.1_1;ENST00000647394.1_1;ENST00000647483.1_1;ENST00000647535.1_1,3UTR;non_coding
chr12,6711276,6711277,two-quartet,88,-,chr12:6711274-6711285:-,False,"            5'- GGAGGAGGAGGAAGAGGTGGC -3'
       rG4seq-K --------*------------",AC006064.6|ENSG00000285238.2_2;CHD4|ENSG00000111642.15_4,ENST00000357008.7_2;ENST00000430771.2_1;ENST00000544040.6_2;ENST00000544484.6_2;ENST00000545584.2_2;ENST00000545942.6_2;ENST00000642594.1_1;ENST00000642810.1_1;ENST00000642879.1_1;ENST00000643335.1_1;ENST00000644137.1_1;ENST00000644289.1_1;ENST00000644480.2_2;ENST00000644801.1_1;ENST00000645005.1_1;ENST00000645022.1_1;ENST00000645095.1_1;ENST00000645645.1_1;ENST00000646268.1_1;ENST00000646806.1_1,CDS
chr12,6787429,6787433,bulges,32,-,chr12:6787427-6787459:-,False,"            5'- GAGGAAGGAGGCGGAGGTGGTGGTGGAGGTGGCAGTGTGGCT -3'
       rG4seq-K --------------------------*-**------------",ZNF384|ENSG00000126746.17_3,ENST00000319770.7_1;ENST00000355772.8_1;ENST00000361959.7_1;ENST00000396801.7_1;ENST00000417772.7_2;ENST00000436774.6_1;ENST00000535485.5_1;ENST00000540915.5_1;ENST00000542519.1_1,CDS
chr12,6798566,6798569,longloop,26,-,chr12:6798568-6798600:-,False,"            5'- GGGGGGAGGGAGGGGGGCGTGGAGGAACTGGGGTTCGCGGGA -3'
       rG4seq-K -------------------------------***--------",ZNF384|ENSG00000126746.17_3,ENST00000319770.7_1;ENST00000355772.8_1;ENST00000396801.7_1;ENST00000417772.7_2;ENST00000537248.5_1;ENST00000542605.1_1,5UTR
chr12,6858029,6858030,canonical/G3L1-7,151,-,chr12:6858029-6858056:-,False,"            5'- GGGGCTGGGGGACGAAGGGCGGAGGGGCCTCCCCGCC -3'
       rG4seq-K --------------------------*----------",MLF2|ENSG00000089693.10_3,ENST00000203630.9_3;ENST00000435120.5_3;ENST00000537126.5_3;ENST00000539187.5_3;ENST00000541305.1_1;ENST00000542154.5_3,CDS
chr12,6981651,6981653,canonical/G3L1-7,14,-,chr12:6981651-6981674:-,False,"            5'- GGGGCTGGGACATCGGGCGGGGGAAGCTGTACC -3'
       rG4seq-K ---------------------**----------",SPSB2|ENSG00000111671.9_3,ENST00000519357.1_1;ENST00000523102.5_1;ENST00000524270.5_1,CDS
chr12,7125675,7125678,bulges,39,-,chr12:7125676-7125711:-,False,"            5'- GGGGGACGAGGGGACTGTGGTGGCGCTGGCGGGGGTTCTGCAGTC -3'
       rG4seq-K ---------------------------------***---------",LPCAT3|ENSG00000111684.10_2,ENST00000261407.8_1;ENST00000535479.5_1;ENST00000536797.5_1;ENST00000536971.1_1;ENST00000538910.1_1;ENST00000540090.5_1;ENST00000543794.5_1,CDS
chr12,7248867,7248868,canonical/G3L1-7,40,-,chr12:7248868-7248895:-,False,"            5'- GGGGGTGGGGGGTTGGGGGAGGCAGGGAAATCCTATT -3'
       rG4seq-K ---------------------------*---------",C1RL|ENSG00000139178.10_4,ENST00000266542.8_1;ENST00000504702.2_1;ENST00000539803.5_2;ENST00000545280.5_1,3UTR
chr12,10758798,10758801,potential G-quadruplex & G>=40%,254,-,chr12:10758798-10758858:-,False,"            5'- GCTGTTTGTATATTTAATTAAGGGATGGGAGGGGTTATTTGTCATTTACAGTATTGGGGTTTTTATGAAT -3'
       rG4seq-K ---------------------------------------------------------***----------",MAGOHB|ENSG00000111196.9_2,ENST00000320756.6_1;ENST00000398874.8_1;ENST00000537852.5_1;ENST00000539554.5_1;ENST00000544850.5_1,3UTR
chr12,12628154,12628156,canonical/G3L1-7,28,-,chr12:12628155-12628174:-,False,"            5'- GGGGGTGGGGCTGGGCGGGTGTTGTCATT -3'
       rG4seq-K ------------------**---------",DUSP16|ENSG00000111266.8_3,ENST00000298573.8_1,3UTR
chr12,15262406,15262407,potential G-quadruplex & G>=40%,228,-,chr12:15262406-15262466:-,False,"            5'- TTTCTTTGCCAACAGGAAGATACCATTCAGAGGGAGGGGCACATGCGATGGGGGGAAGGCTTTGTGCTGG -3'
       rG4seq-K -----------------------------------------------------------*----------",RERG|ENSG00000134533.6_5,ENST00000256953.6_1;ENST00000536465.5_1;ENST00000538313.5_1;ENST00000545567.5_1;ENST00000546331.5_1,CDS
chr12,15262410,15262413,bulges,179,-,chr12:15262411-15262435:-,False,"            5'- GGGAGGGGCACATGCGATGGGGGGAAGGCTTTGT -3'
       rG4seq-K ----------------------***---------",RERG|ENSG00000134533.6_5,ENST00000256953.6_1;ENST00000536465.5_1;ENST00000538313.5_1;ENST00000545567.5_1;ENST00000546331.5_1,CDS
chr12,27091190,27091191,canonical/G3L1-7,11,-,chr12:27091191-27091211:-,False,"            5'- GGGGAGACCGGGTGGGTGGGTCGTACGCTT -3'
       rG4seq-K --------------------*---------",INTS13|ENSG00000064102.14_2,ENST00000261191.11_1;ENST00000537336.1_1;ENST00000544548.5_1,5UTR
chr12,30848690,30848691,bulges,10,-,chr12:30848688-30848725:-,False,"            5'- GTGGCCGCAGGTGGCGACGGTGGCGGGGGGTGGGGTGTGAGGTAATC -3'
       rG4seq-K ----------------------------------*------------",IPO8|ENSG00000133704.9_3,ENST00000256079.8_1;ENST00000540979.1_1,5UTR
chr12,39735346,39735348,potential G-quadruplex & G>=40%,79,-,chr12:39735346-39735406:-,False,"            5'- AGTGATCATGAGGATGAAGAAGAGGAGGAGGAGGAGGAGGAAGATGACATTGATGGGGGTGAAAGTTCTG -3'
       rG4seq-K ----------------------------------------------------------**----------",KIF21A|ENSG00000139116.18_4,ENST00000361418.9_4;ENST00000361961.7_2;ENST00000541463.6_4;ENST00000544797.6_2;ENST00000636569.1_1,CDS
chr12,46579545,46579549,bulges,187,-,chr12:46579546-46579567:-,False,"            5'- GGGTGAAGGAGGGTGAGGGGGCCTCTCATGG -3'
       rG4seq-K ------------------****---------",SLC38A1|ENSG00000111371.15_3,ENST00000398637.9_1,3UTR
chr12,46662595,46662597,two-quartet,28,-,chr12:46662596-46662615:-,False,"            5'- GGGGGTTGGTGGTGAGGGGAGATTCTGAT -3'
       rG4seq-K ------------------**---------",SLC38A1|ENSG00000111371.15_3,ENST00000398637.9_1;ENST00000439706.5_1;ENST00000546893.5_1;ENST00000549049.5_1;ENST00000549633.5_1;ENST00000550173.1_2,5UTR
chr12,46752048,46752049,potential G-triplex & G>=40%,1282,-,chr12:46752048-46752108:-,False,"            5'- ATAGTGTAAATATCCCCACTGTACTGTTAGAGGCCAACAATTCTAGTATGGCTTGTTGGCAAAGAGTGCT -3'
       rG4seq-K -----------------------------------------------------------*----------",SLC38A2|ENSG00000134294.13_3,ENST00000256689.9_2,3UTR
chr12,48099748,48099750,bulges,73,-,chr12:48099749-48099777:-,False,"            5'- GGGGCTGACGGGGTGGCAGTGCGGCGGGTTACGGCCTG -3'
       rG4seq-K ---------------------------**---------",RPAP3|ENSG00000005175.9_3,ENST00000005386.7_1;ENST00000380650.4_1;ENST00000432584.7_1;ENST00000551293.1_1,5UTR
chr12,48176736,48176737,two-quartet,56,-,chr12:48176734-48176747:-,False,"            5'- GGAGGAGGGGAGGCTGCTCTGGC -3'
       rG4seq-K ----------*------------",HDAC7|ENSG00000061273.17_3,ENST00000080059.11_1;ENST00000354334.7_1;ENST00000459625.5_1;ENST00000470668.5_1;ENST00000548938.5_1,3UTR
chr12,48541858,48541860,canonical/G3L1-7,122,-,chr12:48541859-48541883:-,False,"            5'- GGGTGGACTTGGGATGGGAGTGGGAAAAGCATGT -3'
       rG4seq-K -----------------------**---------",ASB8|ENSG00000177981.10_3,ENST00000317697.7_1;ENST00000536549.5_1,3UTR
chr12,48541864,48541866,canonical/G3L1-7,42,-,chr12:48541865-48541887:-,False,"            5'- GGGAGGGTGGACTTGGGATGGGAGTGGGAAAA -3'
       rG4seq-K ---------------------**---------",ASB8|ENSG00000177981.10_3,ENST00000317697.7_1;ENST00000536549.5_1,3UTR
chr12,48735744,48735745,longloop,11,-,chr12:48735744-48735776:-,False,"            5'- GGGGCTGTGTTCTGGGGATGAGGGTAGTGGGGATTATATGGG -3'
       rG4seq-K -------------------------------*----------",ZNF641|ENSG00000167528.12_3,ENST00000301042.7_2;ENST00000544117.6_2,3UTR
chr12,49086241,49086242,bulges,91,-,chr12:49086242-49086272:-,False,"            5'- GGGTGGGAATGTGTGAGGGTGGGTGGGAGGCTAGGTTTTT -3'
       rG4seq-K ------------------------------*---------",CCNT1|ENSG00000129315.10_2,ENST00000261900.7_1;ENST00000618666.4_1,3UTR
chr12,49086244,49086246,longloop,52,-,chr12:49086245-49086268:-,False,"            5'- GGGAATGTGTGAGGGTGGGTGGGAGGCTAGGTT -3'
       rG4seq-K ----------------------**---------",CCNT1|ENSG00000129315.10_2,ENST00000261900.7_1;ENST00000618666.4_1,3UTR
chr12,49086248,49086249,two-quartet,19,-,chr12:49086250-49086275:-,False,"            5'- GGAGGGTGGGAATGTGTGAGGGTGGGTGGGAGGCT -3'
       rG4seq-K --------------------------*--------",CCNT1|ENSG00000129315.10_2,ENST00000261900.7_1;ENST00000618666.4_1,3UTR
chr12,49160086,49160088,bulges,34,-,chr12:49160088-49160115:-,False,"            5'- GAGGAGTCAGGAGGTGGGAGGCCGTGGGCTTTGGTTT -3'
       rG4seq-K ---------------------------**--------",ADCY6|ENSG00000174233.11_3,ENST00000307885.4_1;ENST00000357869.7_2;ENST00000547260.5_1;ENST00000550422.5_2,3UTR
chr12,49160271,49160272,bulges,80,-,chr12:49160272-49160304:-,False,"            5'- GACTACTTGGTGCCATGGGGTAGGGGTGAGGGTATAAGTAGA -3'
       rG4seq-K --------------------------------*---------",ADCY6|ENSG00000174233.11_3,ENST00000307885.4_1;ENST00000357869.7_2;ENST00000547260.5_1;ENST00000550422.5_2,3UTR
chr12,49231388,49231389,longloop,419,-,chr12:49231389-49231425:-,False,"            5'- GGGAACGTCGGGAACGCAGGGAGAGGATGGAACGGGAGACCAATGG -3'
       rG4seq-K ------------------------------------*---------",DDX23|ENSG00000174243.9_3,ENST00000308025.7_1;ENST00000547135.5_1;ENST00000547165.5_1;ENST00000550834.1_1;ENST00000551098.5_1;ENST00000551189.1_1;ENST00000553182.5_1,CDS
chr12,49330773,49330776,bulges,122,-,chr12:49330772-49330806:-,False,"            5'- GGTGTGTTTGTGTGTGGTGGTTGTGGGGGGGGTGTTGGAGGTTC -3'
       rG4seq-K ------------------------------***-----------",AC073610.2|ENSG00000255863.2_6;AC073610.3|ENSG00000272822.1_6;ARF3|ENSG00000134287.9_3,ENST00000256682.8_1;ENST00000398092.4_1;ENST00000537495.2_3,3UTR;non_coding
chr12,49331744,49331746,canonical/G3L1-7,217,-,chr12:49331745-49331770:-,False,"            5'- GGGACCCAGGGCATTGGGGGAAGGGAGGCGAAGGC -3'
       rG4seq-K ------------------------**---------",AC073610.2|ENSG00000255863.2_6;AC073610.3|ENSG00000272822.1_6;ARF3|ENSG00000134287.9_3,ENST00000256682.8_1;ENST00000398092.4_1;ENST00000537495.2_3,3UTR;non_coding
chr12,49331751,49331752,bulges,110,-,chr12:49331750-49331787:-,False,"            5'- GTCCATGGTGTGTGTTAGGGACCCAGGGCATTGGGGGAAGGGAGGCG -3'
       rG4seq-K -----------------------------------*-----------",AC073610.2|ENSG00000255863.2_6;AC073610.3|ENSG00000272822.1_6;ARF3|ENSG00000134287.9_3,ENST00000256682.8_1;ENST00000398092.4_1;ENST00000537495.2_3,3UTR;non_coding
chr12,49332103,49332104,bulges,181,-,chr12:49332104-49332122:-,False,"            5'- GGGAAGAAGGTGGGAGGGCATTAGTCAA -3'
       rG4seq-K ------------------*---------",AC073610.2|ENSG00000255863.2_6;AC073610.3|ENSG00000272822.1_6;ARF3|ENSG00000134287.9_3,ENST00000256682.8_1;ENST00000398092.4_1;ENST00000537495.2_3,3UTR;non_coding
chr12,49332197,49332199,bulges,83,-,chr12:49332197-49332228:-,False,"            5'- GGGGGCCGGGGGGAGCGGGGAGGGGGTGGAGTGAAGCTCAG -3'
       rG4seq-K -----------------------------**----------",AC073610.2|ENSG00000255863.2_6;AC073610.3|ENSG00000272822.1_6;ARF3|ENSG00000134287.9_3,ENST00000256682.8_1;ENST00000398092.4_1;ENST00000485410.5_1;ENST00000537495.2_3,3UTR;non_coding
chr12,49332201,49332204,canonical/G3L1-7,46,-,chr12:49332202-49332228:-,False,"            5'- GGGGGCCGGGGGGAGCGGGGAGGGGGTGGAGTGAAG -3'
       rG4seq-K ------------------------***---------",AC073610.2|ENSG00000255863.2_6;AC073610.3|ENSG00000272822.1_6;ARF3|ENSG00000134287.9_3,ENST00000256682.8_1;ENST00000398092.4_1;ENST00000485410.5_1;ENST00000537495.2_3,3UTR;non_coding
chr12,49351192,49351193,canonical/G3L1-7,172,-,chr12:49351193-49351216:-,False,"            5'- GGGAGCCGGGGAGTGGGCCAGGGCAGCAGCCGG -3'
       rG4seq-K -----------------------*---------",ARF3|ENSG00000134287.9_3,ENST00000256682.8_1;ENST00000447318.6_1;ENST00000485410.5_1;ENST00000536283.1_1;ENST00000541959.5_1,5UTR
chr12,49351198,49351200,longloop,126,-,chr12:49351199-49351228:-,False,"            5'- GGGAAGGAAGGAGGGAGCCGGGGAGTGGGCCAGGGCAGC -3'
       rG4seq-K ----------------------------**---------",ARF3|ENSG00000134287.9_3,ENST00000256682.8_1;ENST00000447318.6_1;ENST00000485410.5_1;ENST00000536283.1_1;ENST00000541959.5_1,5UTR
chr12,49351205,49351206,bulges,104,-,chr12:49351205-49351228:-,False,"            5'- GGGAAGGAAGGAGGGAGCCGGGGAGTGGGCCAG -3'
       rG4seq-K ----------------------*----------",ARF3|ENSG00000134287.9_3,ENST00000256682.8_1;ENST00000447318.6_1;ENST00000485410.5_1;ENST00000536283.1_1;ENST00000541959.5_1,5UTR
chr12,49360202,49360203,longloop,179,-,chr12:49360203-49360235:-,False,"            5'- GGGGGCGGCGTTGAGGGAGCGGCTGGGCCGGGCCATCTTCAT -3'
       rG4seq-K --------------------------------*---------",WNT10B|ENSG00000169884.13_3,ENST00000301061.8_2;ENST00000403957.5_1;ENST00000407467.5_2,3UTR;CDS
chr12,49396127,49396128,two-quartet,647,-,chr12:49396128-49396154:-,False,"            5'- GGGAGATGGGGGTTAGGTGGAGGAGGAGAGCAGCGT -3'
       rG4seq-K --------------------------*---------",PRKAG1|ENSG00000181929.12_4,ENST00000316299.9_1;ENST00000546531.5_1;ENST00000547306.5_1;ENST00000548065.6_2;ENST00000548362.5_1,3UTR
chr12,49396142,49396143,potential G-quadruplex & G>=40%,558,-,chr12:49396142-49396202:-,False,"            5'- GGATTGTGGGGAGGAGGGGCTTTGGGTTCCTGTGTTTGTGCATATGAAGGGAGATGGGGGTTAGGTGGAG -3'
       rG4seq-K -----------------------------------------------------------*----------",PRKAG1|ENSG00000181929.12_4,ENST00000316299.9_1;ENST00000546531.5_1;ENST00000547306.5_1;ENST00000548065.6_2;ENST00000548362.5_1,3UTR
chr12,49396175,49396177,longloop,425,-,chr12:49396176-49396207:-,False,"            5'- GGGGAGGATTGTGGGGAGGAGGGGCTTTGGGTTCCTGTGTT -3'
       rG4seq-K ------------------------------**---------",PRKAG1|ENSG00000181929.12_4,ENST00000316299.9_1;ENST00000546531.5_1;ENST00000547306.5_1;ENST00000548065.6_2;ENST00000548362.5_1,3UTR
chr12,49396182,49396185,bulges,288,-,chr12:49396183-49396207:-,False,"            5'- GGGGAGGATTGTGGGGAGGAGGGGCTTTGGGTTC -3'
       rG4seq-K ----------------------***---------",PRKAG1|ENSG00000181929.12_4,ENST00000316299.9_1;ENST00000546531.5_1;ENST00000547306.5_1;ENST00000548065.6_2;ENST00000548362.5_1,3UTR
chr12,49413336,49413338,canonical/G3L1-7,47,-,chr12:49413336-49413359:-,False,"            5'- GGGATTGGGAAAAGGGGATGGGGCAGACTTTGT -3'
       rG4seq-K ---------------------**----------",KMT2D|ENSG00000167548.15_5,ENST00000301067.11_1,3UTR
chr12,49413673,49413677,bulges,31,-,chr12:49413672-49413707:-,False,"            5'- GTGGTGGTGGACGGGCGGGCCTGCTGGAGGGGGAGCTTGGTCGCT -3'
       rG4seq-K ------------------------------**-*-----------",KMT2D|ENSG00000167548.15_5,ENST00000301067.11_1,3UTR
chr12,49413687,49413688,longloop,14,-,chr12:49413688-49413719:-,False,"            5'- GGGGTGGGCTTGGTGGTGGTGGACGGGCGGGCCTGCTGGAG -3'
       rG4seq-K -------------------------------*---------",KMT2D|ENSG00000167548.15_5,ENST00000301067.11_1,3UTR
chr12,49413851,49413854,longloop,16,-,chr12:49413852-49413878:-,False,"            5'- GGGGGTGGGAGTAGGTAAGGGGTGGGTGAGGCCCCA -3'
       rG4seq-K ------------------------***---------",KMT2D|ENSG00000167548.15_5,ENST00000301067.11_1,3UTR
chr12,49414355,49414359,longloop,17,-,chr12:49414356-49414398:-,False,"            5'- GGGGGTGGGGGAGCTTAGTGTCAGCGCGGGGAGGGTGGGGGGTATTTATCTA -3'
       rG4seq-K ---------------------------------------*-**---------",KMT2D|ENSG00000167548.15_5,ENST00000301067.11_1,3UTR
chr12,49414507,49414508,canonical/G3L1-7,46,-,chr12:49414508-49414534:-,False,"            5'- GGGTTGGGTGGGGGGTAGGGTGAGGGCTATCCCTGA -3'
       rG4seq-K --------------------------*---------",KMT2D|ENSG00000167548.15_5,ENST00000301067.11_1,3UTR
chr12,49415222,49415225,bulges,15,-,chr12:49415223-49415243:-,False,"            5'- GGGAGGCAGCAGGGTGGGGGAAGAGGATGT -3'
       rG4seq-K ------------------***---------",KMT2D|ENSG00000167548.15_5,ENST00000301067.11_1,3UTR
chr12,49491104,49491106,canonical/G3L1-7,37,-,chr12:49491105-49491124:-,False,"            5'- GGGTGGGGTAGGGGCAGGGAAAGGACTGG -3'
       rG4seq-K ------------------**---------",LMBR1L|ENSG00000139636.15_3,ENST00000267102.12_1;ENST00000417750.5_1;ENST00000547382.5_1;ENST00000547698.5_2;ENST00000547813.5_1;ENST00000550867.5_1;ENST00000552577.5_1;ENST00000553040.5_1,3UTR
chr12,49491331,49491334,bulges,29,-,chr12:49491332-49491350:-,False,"            5'- GGGTGGGTGGCAGAGGGGAGCAGAGCCA -3'
       rG4seq-K ----------------***---------",LMBR1L|ENSG00000139636.15_3,ENST00000267102.12_1;ENST00000417750.5_1;ENST00000547382.5_1;ENST00000547698.5_2;ENST00000547813.5_1;ENST00000550867.5_1;ENST00000552577.5_1;ENST00000553040.5_1,3UTR
chr12,50383604,50383606,canonical/G3L1-7,314,-,chr12:50383605-50383628:-,False,"            5'- GGGTGGGAAGTGGGAGGGCAGGGCAAAGAAAGG -3'
       rG4seq-K ----------------------**---------",RACGAP1|ENSG00000161800.12_2,ENST00000312377.9_1;ENST00000427314.6_1;ENST00000454520.6_1;ENST00000548961.5_1,3UTR
chr12,50383609,50383612,canonical/G3L1-7,118,-,chr12:50383610-50383628:-,False,"            5'- GGGTGGGAAGTGGGAGGGCAGGGCAAAG -3'
       rG4seq-K ----------------***---------",RACGAP1|ENSG00000161800.12_2,ENST00000312377.9_1;ENST00000427314.6_1;ENST00000454520.6_1;ENST00000548961.5_1,3UTR
chr12,50383753,50383755,potential G-quadruplex & G>=40%,423,-,chr12:50383753-50383813:-,False,"            5'- CTTTCCAGGGGTAGAAGGGTTAGTATGGAATTGGTTGTGATTCTTTTTGGGGAAGGGGGTTATTGTTCCT -3'
       rG4seq-K ----------------------------------------------------------**----------",RACGAP1|ENSG00000161800.12_2,ENST00000312377.9_1;ENST00000427314.6_1;ENST00000454520.6_1;ENST00000548961.5_1;ENST00000551016.5_1,3UTR
chr12,51381198,51381199,potential G-quadruplex & G>=40%,238,-,chr12:51381198-51381258:-,False,"            5'- TTTATGAACTGATGTTCTCGTGAAATGTTGAGGGTGGGGAGAAAAGACTTTAAGGGAGGAGAGCCATCTA -3'
       rG4seq-K -----------------------------------------------------------*----------",SLC11A2|ENSG00000110911.15_4,ENST00000262051.12_2;ENST00000262052.9_2;ENST00000394904.8_2;ENST00000546636.5_1;ENST00000547198.5_2;ENST00000550782.5_1;ENST00000551215.5_1;ENST00000642227.1_1;ENST00000643123.1_1;ENST00000643884.1_1;ENST00000644495.1_1;ENST00000644904.1_1;ENST00000646264.1_1;ENST00000646740.1_1,3UTR
chr12,51455596,51455597,two-quartet,41,-,chr12:51455597-51455614:-,False,"            5'- GGAAGGGGAGGGTGAGGTTTGCCCACT -3'
       rG4seq-K -----------------*---------",CSRNP2|ENSG00000110925.6_4,ENST00000228515.5_1,3UTR
chr12,51457392,51457394,canonical/G3L1-7,48,-,chr12:51457393-51457416:-,False,"            5'- GGGGTCTTTGGGGAATGGGTGGGAAAGGATTGT -3'
       rG4seq-K ----------------------**---------",CSRNP2|ENSG00000110925.6_4,ENST00000228515.5_1,3UTR
chr12,51566323,51566324,bulges,40,-,chr12:51566324-51566346:-,False,"            5'- GGGCTTGGGGGTGGCTGGTGGGCACTGCGTGG -3'
       rG4seq-K ----------------------*---------",TFCP2|ENSG00000135457.9_3,ENST00000257915.9_1;ENST00000548108.1_1;ENST00000548115.5_1;ENST00000549867.5_1,5UTR
chr12,53291342,53291343,potential G-quadruplex & G>=40%,8378,-,chr12:53291342-53291402:-,False,"            5'- GTGGTCTGAGCTCGGCCTATGGGGGCCTCACAAGCCCCGGCCTCAGCTACAGCCTGGGCTCCAGCTTTGG -3'
       rG4seq-K -----------------------------------------------------------*----------",KRT8|ENSG00000170421.12_4,ENST00000293308.11_3;ENST00000546583.5_1;ENST00000546897.5_3;ENST00000550170.5_1;ENST00000552150.5_3;ENST00000552551.5_3,CDS
chr12,53439429,53439430,potential G-quadruplex & G>=40%,19,-,chr12:53439429-53439489:-,False,"            5'- ACTGGGTCCCTTGTCTTTGGCAAAGGCTGAGAAGTCTGGTTCTCATTTCCAGGGGGTGGAGCACCTGATT -3'
       rG4seq-K -----------------------------------------------------------*----------",AC068888.1|ENSG00000257337.6_5,ENST00000546566.5_1;ENST00000546767.5_1;ENST00000546793.1_1;ENST00000550601.5_1;ENST00000552905.5_1;ENST00000607643.1_1,non_coding
chr12,53460134,53460136,two-quartet,70,-,chr12:53460135-53460155:-,False,"            5'- GGAAGAGGAAGAGGATGGGGAAGAGATAGA -3'
       rG4seq-K -------------------**---------",SPRYD3|ENSG00000167778.8_2,ENST00000301463.8_1;ENST00000547257.1_1;ENST00000547837.5_1,CDS
chr12,53567709,53567711,potential G-quadruplex & G>=40%,23,-,chr12:53567709-53567769:-,False,"            5'- AAATCTACAGAAACAAAGTAGATTAGTAGTTGCCAGGGGTCGGGGAAGGGGAGAATGGGAAATGACTGCT -3'
       rG4seq-K ----------------------------------------------------------**----------",CSAD|ENSG00000139631.18_5,ENST00000267085.8_2;ENST00000379846.5_1;ENST00000379850.7_5;ENST00000424990.5_5;ENST00000437073.5_3;ENST00000444623.5_2;ENST00000453446.6_2;ENST00000461392.1_1,non_coding
chr12,54062971,54062973,bulges,1943,-,chr12:54062972-54062996:-,False,"            5'- GGGGTGGCTGGTTCTGGGGCTGGGATTGGAACTG -3'
       rG4seq-K -----------------------**---------",ATP5MC2|ENSG00000135390.18_5,ENST00000338662.5_1;ENST00000394349.8_2;ENST00000495596.5_1;ENST00000549164.5_2;ENST00000549748.2_2;ENST00000550241.1_1;ENST00000552242.5_2;ENST00000602871.6_4,5UTR;CDS
chr12,54106253,54106256,canonical/G3L1-7,13,-,chr12:54106254-54106275:-,False,"            5'- GGGCTCAGGGCAGGGAGGGGGTGATGCTGTC -3'
       rG4seq-K -------------------***---------",CALCOCO1|ENSG00000012822.15_3,ENST00000262059.8_1;ENST00000430117.6_1;ENST00000546443.5_3;ENST00000548263.5_1;ENST00000550804.5_1,3UTR
chr12,54378558,54378559,longloop,90,-,chr12:54378559-54378593:-,False,"            5'- GGGGGCGGAGAGGGGGGAAATGCGGGAGAGAGGGAGAGAGCGAG -3'
       rG4seq-K ----------------------------------*---------",HOXC-AS3|ENSG00000251151.2_4,ENST00000509870.1_1;ENST00000514702.1_1,non_coding
chr12,54378576,54378579,bulges,14,-,chr12:54378576-54378601:-,False,"            5'- GGGGAGAAGGGGGCGGAGAGGGGGGAAATGCGGGA -3'
       rG4seq-K ----------------------*-*----------",HOXC-AS3|ENSG00000251151.2_4,ENST00000509870.1_1;ENST00000514702.1_1,non_coding
chr12,56221537,56221538,longloop,112,-,chr12:56221538-56221570:-,False,"            5'- GGGAGTGTGGACAGGGCGGTTAGGGGGCTGGGCCCAGGTCAT -3'
       rG4seq-K --------------------------------*---------",DNAJC14|ENSG00000135392.16_5,ENST00000317269.7_1;ENST00000317287.5_1;ENST00000357606.7_1,CDS
chr12,56221802,56221803,bulges,88,-,chr12:56221802-56221820:-,False,"            5'- GGGAGGGTGGACGTAGGGATCCCAGGTC -3'
       rG4seq-K -----------------*----------",DNAJC14|ENSG00000135392.16_5,ENST00000317269.7_1;ENST00000317287.5_1;ENST00000357606.7_1,CDS
chr12,56295565,56295567,bulges,112,-,chr12:56295566-56295598:-,False,"            5'- GGGGGAATACGGGCAACAGCAGTCAGGAGGGGTACCCCCCAT -3'
       rG4seq-K -------------------------------**---------",PYM1|ENSG00000170473.16_3,ENST00000302533.6_2;ENST00000398213.4_3;ENST00000408946.6_3,3UTR
chr12,56599175,56599178,canonical/G3L1-7,58,-,chr12:56599175-56599195:-,False,"            5'- GGGTGGGACAGGGATGGGGGTGTGTTTTAT -3'
       rG4seq-K -----------------***----------",RNF41|ENSG00000181852.17_3,ENST00000345093.8_1;ENST00000615206.4_1,3UTR
chr12,56599181,56599182,longloop,25,-,chr12:56599182-56599209:-,False,"            5'- GGGGGTTCTGGATAGGGTGGGACAGGGATGGGGGTGT -3'
       rG4seq-K ---------------------------*---------",RNF41|ENSG00000181852.17_3,ENST00000345093.8_1;ENST00000615206.4_1,3UTR
chr12,56599540,56599543,longloop,181,-,chr12:56599541-56599572:-,False,"            5'- GGGTTTAGGGTAGGGGTTAATCTGTTGGGGGTTGATGTGTT -3'
       rG4seq-K -----------------------------***---------",RNF41|ENSG00000181852.17_3,ENST00000345093.8_1;ENST00000394013.6_1;ENST00000547967.5_1;ENST00000615206.4_1,3UTR
chr12,56599556,56599557,canonical/G3L1-7,128,-,chr12:56599556-56599582:-,False,"            5'- GGGAATGCCAGGGTTTAGGGTAGGGGTTAATCTGTT -3'
       rG4seq-K -------------------------*----------",RNF41|ENSG00000181852.17_3,ENST00000345093.8_1;ENST00000394013.6_1;ENST00000547967.5_1;ENST00000615206.4_1,3UTR
chr12,56632240,56632243,canonical/G3L1-7,22,-,chr12:56632241-56632271:-,False,"            5'- GGGGAGAGGGTTGGGGTGGGGACCTGGGGGTTCCCCATGT -3'
       rG4seq-K ----------------------------***---------",ANKRD52|ENSG00000139645.9_2,ENST00000267116.7_1;ENST00000548241.1_1,3UTR
chr12,56632341,56632342,canonical/G3L1-7,10,-,chr12:56632342-56632364:-,False,"            5'- GGGGGTGGGTGGGAGGGGAGGGTGCCTGGCAG -3'
       rG4seq-K ----------------------*---------",ANKRD52|ENSG00000139645.9_2,ENST00000267116.7_1;ENST00000548241.1_1,3UTR
chr12,56632472,56632473,canonical/G3L1-7,25,-,chr12:56632473-56632495:-,False,"            5'- GGGGTTTGGGAAGGGTTAGGGGAGGATGGAGG -3'
       rG4seq-K ----------------------*---------",ANKRD52|ENSG00000139645.9_2,ENST00000267116.7_1;ENST00000548241.1_1,3UTR
chr12,56636790,56636792,longloop,19,-,chr12:56636791-56636826:-,False,"            5'- GGGTGGAGGGGGCGGAGGGGAAGGAAGCCCTGGGGAGCAGCTGCT -3'
       rG4seq-K ----------------------------------**---------",ANKRD52|ENSG00000139645.9_2,ENST00000267116.7_1;ENST00000548241.1_1,3UTR
chr12,56726908,56726910,bulges,50,-,chr12:56726909-56726929:-,False,"            5'- GGGACTGTGGTAAGGGAGGGTGTGACACAG -3'
       rG4seq-K -------------------**---------",PAN2|ENSG00000135473.14_3,ENST00000257931.9_1;ENST00000425394.6_1;ENST00000440411.7_1;ENST00000547572.1_1;ENST00000547994.5_1;ENST00000548043.5_1;ENST00000549964.1_1;ENST00000551359.5_1;ENST00000610546.4_1,5UTR
chr12,56817424,56817425,bulges,59,-,chr12:56817423-56817462:-,False,"            5'- GAGGAAGAAGAAGAGGAGGAGGAGGAGGAAGAGGAGGAGTTGCAAGTGG -3'
       rG4seq-K -------------------------------------*-----------",TIMELESS|ENSG00000111602.11_2,ENST00000229201.4_2;ENST00000553532.5_2;ENST00000557589.1_1,CDS
chr12,56990161,56990162,longloop,120,-,chr12:56990162-56990195:-,False,"            5'- GGGGGTGGTAGGGATAGGGCATGATCAAAGGGGCCATTTCTTG -3'
       rG4seq-K ---------------------------------*---------",BAZ2A|ENSG00000076108.11_4,ENST00000379441.7_1;ENST00000551812.5_1,3UTR
chr12,56990175,56990176,canonical/G3L1-7,78,-,chr12:56990176-56990201:-,False,"            5'- GGGGTTGGGGGTGGTAGGGATAGGGCATGATCAAA -3'
       rG4seq-K -------------------------*---------",BAZ2A|ENSG00000076108.11_4,ENST00000379441.7_1;ENST00000551812.5_1,3UTR
chr12,56990181,56990183,canonical/G3L1-7,53,-,chr12:56990182-56990211:-,False,"            5'- GGGCTGGAGCGGGGTTGGGGGTGGTAGGGATAGGGCATG -3'
       rG4seq-K ----------------------------**---------",BAZ2A|ENSG00000076108.11_4,ENST00000379441.7_1;ENST00000551812.5_1,3UTR
chr12,56990189,56990193,bulges,21,-,chr12:56990187-56990213:-,False,"            5'- GGGGGCTGGAGCGGGGTTGGGGGTGGTAGGGATAGG -3'
       rG4seq-K --------------------**-*------------",BAZ2A|ENSG00000076108.11_4,ENST00000379441.7_1;ENST00000551812.5_1,3UTR
chr12,56990323,56990325,bulges,65,-,chr12:56990322-56990363:-,False,"            5'- GAGGTGGATGGGGGAGTGAAATTGTGAGGTGGATGGGGGAGTGAAATCTCC -3'
       rG4seq-K --------------------------------------**-----------",BAZ2A|ENSG00000076108.11_4,ENST00000379441.7_1;ENST00000551812.5_1,3UTR
chr12,56990677,56990679,potential G-quadruplex & G>=40%,68,-,chr12:56990677-56990737:-,False,"            5'- TGAGGTGGAGCATTCCTTGTATTCTGGCAGCACTGAAGAGCCACTGAAGGGGGTAGGGGCAGTGTAGGTC -3'
       rG4seq-K ----------------------------------------------------------**----------",BAZ2A|ENSG00000076108.11_4,ENST00000379441.7_1;ENST00000551812.5_1,3UTR
chr12,56990743,56990746,two-quartet,64,-,chr12:56990744-56990756:-,False,"            5'- GGGGGGTGGGGGTGCCAGGTGA -3'
       rG4seq-K ----------***---------",BAZ2A|ENSG00000076108.11_4,ENST00000379441.7_1;ENST00000551812.5_1,3UTR
chr12,57118844,57118845,canonical/G3L1-7,374,-,chr12:57118845-57118868:-,False,"            5'- GGGTAGAAGGGCTGCGGGGCGGGCCCAGAATCC -3'
       rG4seq-K -----------------------*---------",AC117378.1|ENSG00000285625.1_1;NACA|ENSG00000196531.10_3,ENST00000356769.7_2;ENST00000393891.8_2;ENST00000454682.5_1;ENST00000546392.5_2;ENST00000546862.5_1;ENST00000546917.1_1;ENST00000547914.5_1;ENST00000548084.1_1;ENST00000548563.5_1;ENST00000549855.5_1;ENST00000550952.5_1;ENST00000551520.1_1;ENST00000551775.5_1;ENST00000551793.5_1;ENST00000552540.5_2;ENST00000647707.1_1,5UTR;non_coding
chr12,57490004,57490006,longloop,50,-,chr12:57490005-57490037:-,False,"            5'- GGGTGATGGGGCTGAGCAGGAGGGGGGCTGGGTAAGAGCACA -3'
       rG4seq-K -------------------------------**---------",STAT6|ENSG00000166888.11_3,ENST00000300134.7_1;ENST00000538913.6_1;ENST00000543873.6_1;ENST00000555222.5_1;ENST00000557563.5_1,3UTR
chr12,57490439,57490442,canonical/G3L1-7,68,-,chr12:57490440-57490468:-,False,"            5'- GGGGAGTCGGGGGGAGGGTCCTTGGGGGCACAGCCCCT -3'
       rG4seq-K --------------------------***---------",STAT6|ENSG00000166888.11_3,ENST00000300134.7_1;ENST00000454075.7_1;ENST00000537215.6_1;ENST00000538913.6_1;ENST00000543873.6_1;ENST00000554764.5_1;ENST00000555222.5_1;ENST00000556155.5_1;ENST00000557563.5_1,3UTR;CDS
chr12,57490449,57490450,canonical/G3L1-7,37,-,chr12:57490450-57490475:-,False,"            5'- GGGGCAAGGGGAGTCGGGGGGAGGGTCCTTGGGGG -3'
       rG4seq-K -------------------------*---------",STAT6|ENSG00000166888.11_3,ENST00000300134.7_1;ENST00000454075.7_1;ENST00000537215.6_1;ENST00000538913.6_1;ENST00000543873.6_1;ENST00000554764.5_1;ENST00000555222.5_1;ENST00000556155.5_1;ENST00000557563.5_1,3UTR;CDS
chr12,57501420,57501421,bulges,55,-,chr12:57501420-57501448:-,False,"            5'- GGCCTCGGTGGGAGAGCAGGGGGAGGGGAGCACCATCT -3'
       rG4seq-K ---------------------------*----------",STAT6|ENSG00000166888.11_3,ENST00000300134.7_1;ENST00000454075.7_1;ENST00000537215.6_1;ENST00000538913.6_1;ENST00000543873.6_1;ENST00000553397.5_1;ENST00000553499.5_3;ENST00000554663.5_1;ENST00000554764.5_1;ENST00000554825.5_1;ENST00000555104.5_1;ENST00000555641.1_1;ENST00000555849.5_3;ENST00000556155.5_1;ENST00000556259.5_3;ENST00000557635.5_1;ENST00000640254.1_1,5UTR;CDS
chr12,57505012,57505013,two-quartet,67,-,chr12:57505013-57505038:-,False,"            5'- GGTGGTGGTGGTGGAAGGGGGGAGGTGCTAGCAGG -3'
       rG4seq-K -------------------------*---------",STAT6|ENSG00000166888.11_3,ENST00000300134.7_1;ENST00000454075.7_1;ENST00000537215.6_1;ENST00000538913.6_1;ENST00000553275.1_3;ENST00000553499.5_3;ENST00000554764.5_1;ENST00000554825.5_1;ENST00000556155.5_1;ENST00000556259.5_3,5UTR
chr12,57648500,57648502,bulges,34,-,chr12:57648501-57648518:-,False,"            5'- GGGCAGGGTGGAGGGGGTTGAAGGATC -3'
       rG4seq-K ----------------**---------",AC137834.1|ENSG00000258830.1_6;R3HDM2|ENSG00000179912.20_5,ENST00000347140.7_2;ENST00000358907.6_2;ENST00000393811.6_1;ENST00000402412.5_2;ENST00000429355.6_4;ENST00000441731.6_1;ENST00000548184.1_1;ENST00000634871.1_2,3UTR;non_coding
chr12,57648737,57648739,longloop,21,-,chr12:57648738-57648762:-,False,"            5'- GGGGGTGGGGGGGACAACAGTGGGACTGCTGAGA -3'
       rG4seq-K -----------------------**---------",AC137834.1|ENSG00000258830.1_6;R3HDM2|ENSG00000179912.20_5,ENST00000347140.7_2;ENST00000358907.6_2;ENST00000393811.6_1;ENST00000402412.5_2;ENST00000403821.6_2;ENST00000429355.6_4;ENST00000441731.6_1;ENST00000548184.1_1;ENST00000634871.1_2,CDS;non_coding
chr12,58146099,58146103,bulges,81,-,chr12:58146100-58146130:-,False,"            5'- GGTCACATGGTGAGGGTGGGGGTGAGGGGGCCTCTCTAGC -3'
       rG4seq-K ---------------------------**-*---------",CDK4|ENSG00000135446.16_4,ENST00000257904.10_1;ENST00000312990.10_1;ENST00000546489.5_2;ENST00000549606.5_1;ENST00000551706.1_1;ENST00000551800.5_1;ENST00000551888.5_1;ENST00000552388.1_2;ENST00000552862.1_2;ENST00000553237.5_1,5UTR
chr12,58240421,58240423,canonical/G3L1-7,21,-,chr12:58240421-58240450:-,False,"            5'- GGGGGATCGGGGCCGGGGGCACCCGGGGGAGCCGCTGCC -3'
       rG4seq-K ---------------------------**----------",CTDSP2|ENSG00000175215.10_3,ENST00000398073.6_1;ENST00000548823.1_1,5UTR
chr12,69326925,69326926,bulges,20,-,chr12:69326926-69326961:-,False,"            5'- GGGCGGCCGCGGGTGGGTAGAGGTGCGCGCCTGGGACCTGAACAT -3'
       rG4seq-K -----------------------------------*---------",CPM|ENSG00000135678.11_4,ENST00000546373.5_1;ENST00000547134.5_1;ENST00000547924.1_1;ENST00000548262.5_1;ENST00000548954.5_1;ENST00000549781.1_1;ENST00000551568.5_1;ENST00000551728.5_1,5UTR
chr12,72057524,72057525,canonical/G3L1-7,32,-,chr12:72057525-72057553:-,False,"            5'- GGGGTGCTGGGGTGCGGGGAAGTTGGGGAGCAGAGGCC -3'
       rG4seq-K ----------------------------*---------",ZFC3H1|ENSG00000133858.15_2,ENST00000378743.7_1;ENST00000548100.1_1;ENST00000550712.1_1;ENST00000552037.1_1;ENST00000552994.5_1,5UTR
chr12,75784687,75784688,bulges,13,-,chr12:75784687-75784707:-,False,"            5'- GGGGAGGGGGAGAGGAGGGGAAAGCTAGAC -3'
       rG4seq-K -------------------*----------",CAPS2|ENSG00000180881.19_6,ENST00000328705.7_1;ENST00000336815.10_1;ENST00000486196.1_1;ENST00000547320.1_1;ENST00000548958.2_1,5UTR
chr12,89984557,89984559,bulges,153,-,chr12:89984558-89984579:-,False,"            5'- GGGTGCTTTTTGGGGGGTGGGAGAAATGAAC -3'
       rG4seq-K --------------------**---------",ATP2B1|ENSG00000070961.15_2,ENST00000261173.6_1;ENST00000359142.7_1;ENST00000428670.7_1;ENST00000635033.1_1,3UTR
chr12,90103021,90103022,bulges,57,-,chr12:90103020-90103048:-,False,"            5'- GTGGAGCGGGAGGCGTGTGGGTGTGGAGAAAAGGGAGC -3'
       rG4seq-K --------------------------*-----------",ATP2B1|ENSG00000070961.15_2,ENST00000551310.1_1,5UTR
chr12,90103026,90103027,bulges,14,-,chr12:90103025-90103048:-,False,"            5'- GTGGAGCGGGAGGCGTGTGGGTGTGGAGAAAAG -3'
       rG4seq-K ---------------------*-----------",ATP2B1|ENSG00000070961.15_2,ENST00000551310.1_1,5UTR
chr12,92537592,92537593,two-quartet,510,-,chr12:92537593-92537614:-,False,"            5'- GGGAGGGAAGTCCTAGGGTGGTTTCAGTTTC -3'
       rG4seq-K ---------------------*---------",BTG1|ENSG00000133639.4_3,ENST00000256015.4_1,3UTR
chr12,96408761,96408762,G>=40%,733,-,chr12:96408761-96408821:-,False,"            5'- GCAGTCTTTCTATATGTTTCTCCATGTTATTTCATGTCTTGCAGGTAAAGACATTTGGGGAGACACATCC -3'
       rG4seq-K -----------------------------------------------------------*----------",LTA4H|ENSG00000111144.9_2,ENST00000228740.6_1;ENST00000413268.6_1;ENST00000547982.1_1;ENST00000548375.5_1;ENST00000548852.5_1;ENST00000552789.5_1;ENST00000553041.5_1,3UTR;CDS
chr12,98908875,98908877,canonical/G3L1-7,77,-,chr12:98908876-98908894:-,False,"            5'- GGGAGGGGGAGGGCGGGGAGTTACCCCT -3'
       rG4seq-K -----------------**---------",TMPO-AS1|ENSG00000257167.2_5,ENST00000548760.2_1,non_coding
chr12,101799754,101799755,two-quartet,342,-,"chr12:101801419-101801443:-,chr12:101799755-101799759:-",True,"            5'- GGGAGGACAGGGGGTTCATCATGGGTGGCTTTTTCTCA -3'
       rG4seq-K ----------------------------*---------",ARL1|ENSG00000120805.13_3,ENST00000261636.12_1;ENST00000536227.5_1;ENST00000539055.5_1;ENST00000548070.1_1;ENST00000549283.1_1;ENST00000549302.1_1;ENST00000551092.5_1;ENST00000551671.5_1;ENST00000551688.1_1;ENST00000551828.5_1,5UTR;CDS
chr12,101799758,101799759,Unknown,295,-,chr12:101799758-101799818:-,False,"            5'- TTTGTATACCTAGTTCACAAAATGACATTGTGTATGTTTTTTCTTTTATTATTTTTTAGGTGGCTTTTTC -3'
       rG4seq-K -----------------------------------------------------------*----------",ARL1|ENSG00000120805.13_3,ENST00000261636.12_1;ENST00000536227.5_1;ENST00000539055.5_1;ENST00000548070.1_1;ENST00000549283.1_1;ENST00000549302.1_1;ENST00000551092.5_1;ENST00000551671.5_1;ENST00000551688.1_1;ENST00000551828.5_1,5UTR;CDS
chr12,101801428,101801431,two-quartet,223,-,chr12:101801429-101801448:-,False,"            5'- GGCGAGGGAGGACAGGGGGTTCATCATGG -3'
       rG4seq-K -----------------*-*---------",ARL1|ENSG00000120805.13_3,ENST00000261636.12_1;ENST00000539055.5_1;ENST00000549283.1_1;ENST00000549302.1_1;ENST00000551092.5_1;ENST00000551671.5_1;ENST00000551688.1_1,5UTR
chr12,106459177,106459179,potential G-quadruplex & G>=40%,29,-,chr12:106459177-106459237:-,False,"            5'- TTAAATGAATAAGGTGTTGAAAGAGTGCAGGGGGTTGGGAGGAAGCATGTAAGAGAGGGAACATTTCCTT -3'
       rG4seq-K ----------------------------------------------------------**----------",NUAK1|ENSG00000074590.13_3,ENST00000261402.6_1,3UTR
chr12,106460531,106460534,canonical/G3L1-7,13,-,chr12:106460532-106460563:-,False,"            5'- GGGGCGGGCGGGGGTACGAGGGAGGAAGGGGAGCAAGACTT -3'
       rG4seq-K -----------------------------***---------",NUAK1|ENSG00000074590.13_3,ENST00000261402.6_1,3UTR
chr12,108916761,108916762,bulges,134,-,chr12:108916762-108916793:-,False,"            5'- GAATGGCCTCTTGTGGGGGTGGGTCTGAGGGAAGTCAGCTA -3'
       rG4seq-K -------------------------------*---------",SART3|ENSG00000075856.11_4,ENST00000228284.7_2;ENST00000546728.5_1,3UTR
chr12,109179438,109179440,two-quartet,36,-,chr12:109179439-109179455:-,False,"            5'- GGGGGGTGGGGTGTGGAATCTGGAGA -3'
       rG4seq-K ---------------**---------",SSH1|ENSG00000084112.14_3,ENST00000326495.9_1;ENST00000546433.5_1,3UTR
chr12,109186148,109186150,canonical/G3L1-7,18,-,chr12:109186148-109186173:-,False,"            5'- GGGCCTGGGAGCAGGGAGGTGGGGGCAGCTTCCAA -3'
       rG4seq-K -----------------------**----------",SSH1|ENSG00000084112.14_3,ENST00000326470.9_1;ENST00000326495.9_1;ENST00000546433.5_1;ENST00000551165.5_1,3UTR;CDS
chr12,110872781,110872783,longloop,1481,-,chr12:110872782-110872814:-,False,"            5'- GGGTGGGAGAAAAGAAAGTGGGTTATCAAGGGTGATTTGAAA -3'
       rG4seq-K -------------------------------**---------",AC144548.1|ENSG00000258210.1_6;ARPC3|ENSG00000111229.15_4,ENST00000228825.11_1;ENST00000467622.2_1;ENST00000550231.1_1,3UTR;non_coding
chr12,110972997,110973001,bulges,38,-,chr12:110972997-110973026:-,False,"            5'- GGTAGACGCGGTGGGGGCGGGGTGGGGGGTCTGGACGGA -3'
       rG4seq-K -------------------------****----------",PPTC7|ENSG00000196850.5_2,ENST00000354300.4_1,3UTR
chr12,111180517,111180519,bulges,134,-,chr12:111180518-111180536:-,False,"            5'- GGGAGGGTCGGCGGTGGGAAGGCGATGG -3'
       rG4seq-K -----------------**---------",PPP1CC|ENSG00000186298.11_3,ENST00000335007.9_2;ENST00000340766.9_2;ENST00000550991.5_1;ENST00000551676.5_1;ENST00000551690.1_1;ENST00000620030.1_1,5UTR
chr12,112847418,112847419,potential G-quadruplex & G>=40%,292,-,chr12:112847418-112847478:-,False,"            5'- CAGATCCGGAAGGAAGTGAGACTCGCACTTCCCATGATTGCTTATAGACCGGAAGCCGGGACCTTAATTC -3'
       rG4seq-K -----------------------------------------------------------*----------",RPL6|ENSG00000089009.15_2,ENST00000202773.13_1;ENST00000546368.2_1;ENST00000550238.1_1;ENST00000551291.6_1,5UTR
chr12,113601077,113601078,bulges,98,-,"chr12:113601871-113601898:-,chr12:113601078-113601079:-",True,"            5'- GAGGAGGAGGCGGGAGAGAGTGTGGAGGACATTTTCTC -3'
       rG4seq-K ----------------------------*---------",DDX54|ENSG00000123064.12_3,ENST00000306014.9_1;ENST00000314045.11_1;ENST00000546898.1_3;ENST00000548786.1_1;ENST00000550016.5_1,CDS
chr12,114184346,114184348,two-quartet,69,-,chr12:114184347-114184362:-,False,"            5'- GGGAGGGCTGGAGGGAGAATCAAAT -3'
       rG4seq-K --------------**---------",LINC01234|ENSG00000249550.6_4,ENST00000547963.1_1;ENST00000550223.5_1;ENST00000550905.5_1;ENST00000551982.1_1,non_coding
chr12,115108353,115108355,two-quartet,22,-,chr12:115108354-115108369:-,False,"            5'- GGGGAGGGAGGAGGGCAGAGGCTGC -3'
       rG4seq-K --------------**---------",TBX3|ENSG00000135111.15_4,ENST00000257566.7_4;ENST00000349155.6_4,3UTR
chr12,115108874,115108875,canonical/G3L1-7,74,-,chr12:115108875-115108906:-,False,"            5'- GGGAGGGGGGGATTTAAAGGGAAGGAGTGGGCAAAACACAT -3'
       rG4seq-K -------------------------------*---------",TBX3|ENSG00000135111.15_4,ENST00000257566.7_4;ENST00000349155.6_4,3UTR
chr12,115108884,115108885,canonical/G3L1-7,39,-,chr12:115108885-115108906:-,False,"            5'- GGGAGGGGGGGATTTAAAGGGAAGGAGTGGG -3'
       rG4seq-K ---------------------*---------",TBX3|ENSG00000135111.15_4,ENST00000257566.7_4;ENST00000349155.6_4,3UTR
chr12,116396722,116396724,canonical/G3L1-7,48,-,chr12:116396723-116396743:-,False,"            5'- GGGGAGGGGAAAAGGGTGGGATTGTCCAGC -3'
       rG4seq-K -------------------**---------",MED13L|ENSG00000123066.8_4,ENST00000281928.8_3;ENST00000552023.2_2;ENST00000648379.1_1;ENST00000648762.1_1,3UTR
chr12,118501464,118501465,two-quartet,12,-,chr12:118501465-118501482:-,False,"            5'- GGTGGGGGGAGGTTGGGAGAAATTAGT -3'
       rG4seq-K -----------------*---------",VSIG10|ENSG00000176834.13_3,ENST00000359236.9_1,3UTR
chr12,118588175,118588177,canonical/G3L1-7,70,-,chr12:118588175-118588196:-,False,"            5'- GGGGACGGGGGGTGGGTGGGGTGAAGAGATC -3'
       rG4seq-K -------------------**----------",TAOK3|ENSG00000135090.13_3,ENST00000392533.7_1;ENST00000419821.6_1;ENST00000543709.5_1,3UTR
chr12,120125124,120125126,canonical/G3L1-7,13,-,chr12:120125124-120125153:-,False,"            5'- GGGTCTCGGGGTCGGGGAGGGGACGGGGGCACCCACTTC -3'
       rG4seq-K ---------------------------**----------",CIT|ENSG00000122966.15_5,ENST00000261833.11_2;ENST00000392521.6_2;ENST00000545913.5_1,3UTR
chr12,120533055,120533058,canonical/G3L1-7,25,-,chr12:120533056-120533080:-,False,"            5'- GGGGGTTATGGGGTGGGGGTGGGGACTCAGGGCT -3'
       rG4seq-K ----------------------***---------",RAB35|ENSG00000111737.11_2,ENST00000229340.9_1,3UTR
chr12,120534230,120534232,bulges,77,-,chr12:120534231-120534254:-,False,"            5'- GGGGCTGGCAGGGGGGCTATGGGAGGATTATTT -3'
       rG4seq-K ----------------------**---------",RAB35|ENSG00000111737.11_2,ENST00000229340.9_1;ENST00000544304.5_1,3UTR
chr12,120534238,120534239,bulges,44,-,chr12:120534239-120534275:-,False,"            5'- GGGGTAGGTTCGTGCAGAGATGGGGCTGGCAGGGGGGCTATGGGAG -3'
       rG4seq-K ------------------------------------*---------",RAB35|ENSG00000111737.11_2,ENST00000229340.9_1;ENST00000544304.5_1,3UTR
chr12,120638558,120638559,potential G-quadruplex & G>=40%,6346,-,chr12:120638558-120638618:-,False,"            5'- CCCTGCGTGGCAATCCCTGACGCACCGCCGTGATGCCCAGGGAAGACAGGGCGACCTGGAAGTCCAACTA -3'
       rG4seq-K -----------------------------------------------------------*----------",RPLP0|ENSG00000089157.15_3,ENST00000228306.8_1;ENST00000313104.9_1;ENST00000392514.8_1;ENST00000546564.5_1;ENST00000546989.5_1;ENST00000546990.5_1;ENST00000547173.5_1;ENST00000547191.5_1;ENST00000547211.5_2;ENST00000547475.5_1;ENST00000548495.5_1;ENST00000548551.5_1;ENST00000548568.5_1;ENST00000549098.5_1;ENST00000549242.1_1;ENST00000550296.5_1;ENST00000550423.5_1;ENST00000550856.5_1;ENST00000551150.5_1;ENST00000551258.5_1;ENST00000551336.1_1;ENST00000551783.1_1;ENST00000551914.1_1;ENST00000552461.5_1;ENST00000552902.5_1,5UTR;CDS
chr12,120649223,120649224,potential G-quadruplex & G>=40%,94,-,chr12:120649223-120649283:-,False,"            5'- GCCTGTCACTGATGGTGGCTCTGGTGTGAAGTTTGCTTTGTACTGAGGGTTGGGGTGGGGAAGCAATTTG -3'
       rG4seq-K -----------------------------------------------------------*----------",PXN|ENSG00000089159.16_4,ENST00000228307.11_2;ENST00000267257.11_2;ENST00000323871.9_2;ENST00000424649.6_1;ENST00000458477.6_2;ENST00000536957.5_1;ENST00000637624.1_1,3UTR
chr12,120649736,120649738,canonical/G3L1-7,52,-,chr12:120649737-120649762:-,False,"            5'- GGGGGGCAGGGAAGGGCAGGCAGGGTCTGTTGGGG -3'
       rG4seq-K ------------------------**---------",PXN|ENSG00000089159.16_4,ENST00000228307.11_2;ENST00000267257.11_2;ENST00000323871.9_2;ENST00000424649.6_1;ENST00000458477.6_2;ENST00000536957.5_1;ENST00000637624.1_1,3UTR
chr12,120903477,120903478,bulges,337,-,chr12:120903475-120903508:-,False,"            5'- GGAGGTCGGGGTGGGTGGCCCCGTGGTGGGAGGAATGGGCCTC -3'
       rG4seq-K ------------------------------*------------",SRSF9|ENSG00000111786.8_2,ENST00000229390.7_1;ENST00000546942.1_1;ENST00000550458.1_1;ENST00000603963.1_1,CDS
chr12,121765285,121765287,canonical/G3L1-7,10,-,chr12:121765284-121765309:-,False,"            5'- GGGAACATGGGGTGGGGGCGGGGGGATCTGGGAGC -3'
       rG4seq-K ----------------------**-----------",ANAPC5|ENSG00000089053.12_2,ENST00000261819.7_1;ENST00000441917.6_1;ENST00000534976.5_1;ENST00000535472.5_1;ENST00000535482.1_1;ENST00000535641.5_1;ENST00000538334.1_1;ENST00000539079.5_1;ENST00000541887.5_2;ENST00000544314.5_1;ENST00000545218.5_1,non_coding
chr12,121868046,121868049,canonical/G3L1-7,29,-,chr12:121868047-121868067:-,False,"            5'- GGGGCGGGCTCTGGGAGGGGAGAGACTTTA -3'
       rG4seq-K ------------------***---------",KDM2B|ENSG00000089094.18_3,ENST00000377069.8_1;ENST00000377071.8_1;ENST00000536437.5_2;ENST00000538503.5_1;ENST00000542973.5_1;ENST00000543025.5_1;ENST00000611216.4_1,3UTR
chr12,122231787,122231788,canonical/G3L1-7,26,-,chr12:122231788-122231812:-,False,"            5'- GGGTGGCGGTGGGTTGGGGGTGGGAGCTTTGCTC -3'
       rG4seq-K ------------------------*---------",RHOF|ENSG00000139725.7_3,ENST00000267205.6_1;ENST00000535560.1_3;ENST00000537171.5_1;ENST00000541657.5_3;ENST00000545544.1_1;ENST00000546227.5_3,5UTR
chr12,122233866,122233868,canonical/G3L1-7,12,-,chr12:122233866-122233888:-,False,"            5'- GGGGTGGGTGGGCAGACTGGGGCCAGTATCAG -3'
       rG4seq-K --------------------**----------",LINC01089|ENSG00000212694.8_5;RHOF|ENSG00000139725.7_3,ENST00000428029.6_1;ENST00000429892.5_1;ENST00000537157.5_1;ENST00000541657.5_3;ENST00000541694.5_1;ENST00000542933.5_1;ENST00000545544.1_1;ENST00000546227.5_3,non_coding
chr12,122240485,122240486,bulges,15,-,chr12:122240484-122240500:-,False,"            5'- GGGTGGGTGGGGGGAGCTTGGAGCTG -3'
       rG4seq-K --------------*-----------",LINC01089|ENSG00000212694.8_5;RHOF|ENSG00000139725.7_3,ENST00000428029.6_1;ENST00000429892.5_1;ENST00000535643.5_1;ENST00000536662.5_1;ENST00000538335.1_1;ENST00000541657.5_3;ENST00000541694.5_1;ENST00000542933.5_1;ENST00000543334.5_1;ENST00000545544.1_1;ENST00000545885.5_1,5UTR;non_coding
chr12,122848577,122848578,bulges,132,-,chr12:122848576-122848595:-,False,"            5'- GGAGTGGTGTGGCGTGGAGTTAGATGAGC -3'
       rG4seq-K -----------------*-----------",CLIP1|ENSG00000130779.20_5,ENST00000302528.11_2;ENST00000358808.6_3;ENST00000361654.8_4;ENST00000537004.5_2;ENST00000537178.5_2;ENST00000540304.6_3;ENST00000540338.5_2;ENST00000541108.1_1;ENST00000620786.4_3,CDS
chr12,123900174,123900175,canonical/G3L1-7,54,-,chr12:123900175-123900196:-,False,"            5'- GGGATGTGCAGGGTGGGGGGGTCCACTTCCT -3'
       rG4seq-K ---------------------*---------",RILPL2|ENSG00000150977.10_2,ENST00000280571.9_1,3UTR
chr12,124809676,124809679,canonical/G3L1-7,19,-,chr12:124809677-124809703:-,False,"            5'- GGGAGGGGAAGGGGCCGGGGAGGGGGCACGGCAGGC -3'
       rG4seq-K ------------------------***---------",NCOR2|ENSG00000196498.13_5,ENST00000356219.7_1;ENST00000404121.6_1;ENST00000404621.5_1;ENST00000405201.5_1;ENST00000429285.6_1,3UTR
chr12,125397859,125397861,potential G-triplex & G>=40%,2390,-,chr12:125397859-125397919:-,False,"            5'- TGACTACAACATCCAGAAAGAGTCTACCCTGCACCTGGTGCTCCGTCTCAGAGGTGGGATGCAGATCTTC -3'
       rG4seq-K ----------------------------------------------------------**----------",UBC|ENSG00000150991.14_5,ENST00000339647.5_1;ENST00000535131.1_3;ENST00000536769.1_1;ENST00000538617.5_1;ENST00000540351.1_1;ENST00000540700.1_1;ENST00000541272.1_5;ENST00000541645.1_1;ENST00000544481.1_1;ENST00000546120.2_1;ENST00000546271.1_1,CDS
chr12,125431569,125431571,canonical/G3L1-7,16,-,chr12:125431569-125431587:-,False,"            5'- GGGAGGGGGAGGGTGGGGTAGGTCCCCC -3'
       rG4seq-K ----------------**----------",DHX37|ENSG00000150990.7_2,ENST00000308736.6_1;ENST00000539298.1_1;ENST00000542400.5_1;ENST00000544745.1_1,3UTR
chr12,130646527,130646530,longloop,68,-,chr12:130646528-130646571:-,False,"            5'- GGGAGAAGGGGTTTGGGGGTGGTCCGCGGCGAGGGGCGCGGGGTGCATCTTCT -3'
       rG4seq-K -----------------------------------------***---------",FZD10-DT|ENSG00000250208.6_4,ENST00000505807.6_1;ENST00000537095.1_1;ENST00000542000.1_1,non_coding
chr12,130646551,130646554,canonical/G3L1-7,24,-,chr12:130646552-130646581:-,False,"            5'- GGGGACTGGCGGGAGAAGGGGTTTGGGGGTGGTCCGCGG -3'
       rG4seq-K ---------------------------***---------",FZD10-DT|ENSG00000250208.6_4,ENST00000505807.6_1;ENST00000537095.1_1;ENST00000542000.1_1,non_coding
chr12,132622416,132622417,canonical/G3L1-7,13,-,chr12:132622416-132622443:-,False,"            5'- GGGAGTTGGTGGGGGTTGGGGCTGGGGACACAGTGGC -3'
       rG4seq-K --------------------------*----------",DDX51|ENSG00000185163.9_2,ENST00000397333.3_1;ENST00000462829.2_1,3UTR
chr13,21750826,21750827,two-quartet,54,+,chr13:21750807-21750828:+,False,"            5'- GGCGTCTGCTGGCGGCCGCGGAGACGCAGAG -3'
       rG4seq-K -------------------*-----------",MRPL57|ENSG00000173141.4_2,ENST00000309594.4_1,5UTR
chr13,28867567,28867568,two-quartet,26,+,chr13:28867553-28867567:+,False,"            5'- GGGCGGGGGGGAGGTTTATGAAGT -3'
       rG4seq-K --------------*---------",PAN3|ENSG00000152520.13_3,ENST00000399613.1_1,3UTR
chr13,37574954,37574955,bulges,148,+,chr13:37574932-37574954:+,False,"            5'- GGGCGGGAAGATGGCGGCTGGGTTCAAAAAGA -3'
       rG4seq-K ----------------------*---------",EXOSC8|ENSG00000120699.12_3,ENST00000239893.9_1;ENST00000389704.3_1;ENST00000474661.5_1;ENST00000489088.5_1;ENST00000490537.6_1,5UTR;CDS
chr13,45857959,45857960,two-quartet,313,+,chr13:45857932-45857959:+,False,"            5'- GGAATAGGGGTTGGAGGATTAAGAGGGTTTTTCTTAA -3'
       rG4seq-K ---------------------------*---------",GTF2F2|ENSG00000188342.11_3,ENST00000340473.7_1,3UTR
chr13,73330088,73330090,potential G-quadruplex & G>=40%,27,+,chr13:73330030-73330090:+,False,"            5'- GTAGGGACATCCTTTCCAGCTCAAACGTGGGTAGGGATGTGGGAGAATAAGAATGTGGGAGAACCAAGAG -3'
       rG4seq-K ----------------------------------------------------------**----------",BORA|ENSG00000136122.15_3,ENST00000390667.9_1;ENST00000613797.4_1,3UTR
chr13,73633241,73633243,bulges,234,+,chr13:73633222-73633242:+,False,"            5'- GCACGGTGGGGCGGGGCGGGAGAAAGTGGC -3'
       rG4seq-K -------------------**---------",KLF5|ENSG00000102554.13_3,ENST00000377687.5_2;ENST00000477333.5_1;ENST00000539231.5_2,5UTR
chr13,73650315,73650317,canonical/G3L1-7,76,+,chr13:73650293-73650317:+,False,"            5'- GGGTAAGGGGTGGGGGTGGAGGGGAGTGTGTGCA -3'
       rG4seq-K ----------------------**----------",KLF5|ENSG00000102554.13_3,ENST00000377687.5_2;ENST00000539231.5_2,3UTR
chr13,99055809,99055810,canonical/G3L1-7,12,+,chr13:99055791-99055810:+,False,"            5'- GGGTGGGGAAGTGGGTGGGAATGTAGAAA -3'
       rG4seq-K ------------------*----------",FARP1|ENSG00000152767.16_4,ENST00000319562.10_2;ENST00000595437.5_2;ENST00000596580.2_2;ENST00000627049.2_2,3UTR
chr13,100038538,100038539,bulges,191,+,chr13:100038507-100038538:+,False,"            5'- GGATGCAGGTCAGGGAGAGGGAAGGCAGGGGTGGACCGCCA -3'
       rG4seq-K -------------------------------*---------",UBAC2|ENSG00000134882.15_3,ENST00000376440.6_1;ENST00000460562.5_1;ENST00000494576.5_1,3UTR
chr13,100038541,100038542,two-quartet,230,+,chr13:100038514-100038541:+,False,"            5'- GGTCAGGGAGAGGGAAGGCAGGGGTGGACCGCCATGA -3'
       rG4seq-K ---------------------------*---------",UBAC2|ENSG00000134882.15_3,ENST00000376440.6_1;ENST00000460562.5_1;ENST00000494576.5_1,3UTR
chr13,100741366,100741367,bulges,8,+,chr13:100741340-100741366:+,False,"            5'- GAGGTCAGCAGAGGGGCGGTCTGCGGGGACAACAAT -3'
       rG4seq-K --------------------------*---------",PCCA|ENSG00000175198.16_4,ENST00000376279.7_1;ENST00000376285.5_2;ENST00000376286.8_2;ENST00000647303.1_1,5UTR
chr13,103249537,103249538,two-quartet,24,+,chr13:103249516-103249539:+,False,"            5'- GGACACGGGGGTCGACCCGGGGGCTCCGGGCAT -3'
       rG4seq-K ---------------------*-----------",TPP2|ENSG00000134900.11_3,ENST00000376052.4_3;ENST00000376065.8_2;ENST00000490010.1_1,CDS
chr13,111366488,111366491,potential G-quadruplex & G>=40%,36,+,chr13:111366431-111366491:+,False,"            5'- AGGGGGGCGGGGGGTGGAGGAAGCGGAAAGCCGCGCCGAGTCGCCGGGGACCTCCGGGGTGAACCATGTT -3'
       rG4seq-K ---------------------------------------------------------***----------",ING1|ENSG00000153487.12_2,ENST00000333219.8_1;ENST00000338450.7_1;ENST00000375775.3_1,5UTR
chr13,111870164,111870166,bulges,30,+,chr13:111870147-111870165:+,False,"            5'- GGGAGGCTGGTGGGAGGGCACACTCAAC -3'
       rG4seq-K -----------------**---------",ARHGEF7|ENSG00000102606.18_4,ENST00000218789.9_4;ENST00000317133.9_3;ENST00000375723.5_2;ENST00000375736.8_2;ENST00000375739.6_3;ENST00000375741.6_3;ENST00000426073.6_2;ENST00000426768.2_1;ENST00000449979.5_2;ENST00000466143.5_2;ENST00000467053.5_1;ENST00000469877.5_2;ENST00000646102.1_1,CDS
chr13,111955564,111955566,canonical/G3L1-7,27,+,chr13:111955548-111955566:+,False,"            5'- GGGCAGGGCTGGGTGGGGCGCCACCTTG -3'
       rG4seq-K ----------------**----------",ARHGEF7|ENSG00000102606.18_4,ENST00000218789.9_4;ENST00000375736.8_2;ENST00000426073.6_2;ENST00000646102.1_1,3UTR
chr13,113741726,113741727,bulges,61,+,chr13:113741708-113741728:+,False,"            5'- GGGAGGAGAATGGGGAGGGGTATGAGAAAG -3'
       rG4seq-K ------------------*-----------",MCF2L|ENSG00000126217.20_4,ENST00000261963.11_1;ENST00000375597.8_2;ENST00000375604.6_1;ENST00000375608.7_3;ENST00000397017.6_1;ENST00000397030.5_2;ENST00000413354.5_2;ENST00000421756.5_2;ENST00000453297.5_1;ENST00000535094.6_1,CDS
chr13,113977014,113977016,longloop,10,+,chr13:113976985-113977017:+,False,"            5'- GGGTGGGGGTGCTCTCTCTGAGGGGGTGGGGGTGCCGCTGTC -3'
       rG4seq-K -----------------------------**-----------",LAMP1|ENSG00000185896.10_2,ENST00000332556.4_1;ENST00000472564.1_1,3UTR
chr13,113977143,113977146,longloop,44,+,chr13:113977108-113977145:+,False,"            5'- GGGGGTGGGGGTGCCGCTCTCTCTGAGGGGGTGGGGGTGCTGCTCTC -3'
       rG4seq-K -----------------------------------***---------",LAMP1|ENSG00000185896.10_2,ENST00000332556.4_1;ENST00000472564.1_1,3UTR
chr13,113977192,113977194,potential G-quadruplex & G>=40%,237,+,chr13:113977134-113977194:+,False,"            5'- GGGGGTGGGGGTGCTGCTCTCTCCGAGGGGTGGAATGCCGCTGTCTCTGAGGGGTGGGGGTGCCGCTCTA -3'
       rG4seq-K ----------------------------------------------------------**----------",LAMP1|ENSG00000185896.10_2,ENST00000332556.4_1;ENST00000472564.1_1,3UTR
chr13,113977864,113977865,canonical/G3L1-7,20,+,chr13:113977837-113977864:+,False,"            5'- GGGTGTCAGGGAAACGGGGGGTGAGGGTGGTCTTGGT -3'
       rG4seq-K ---------------------------*---------",LAMP1|ENSG00000185896.10_2,ENST00000332556.4_1,3UTR
chr13,115000492,115000494,canonical/G3L1-7,11,+,chr13:115000473-115000494:+,False,"            5'- GGGCACGGGCACGGGGCGGGGTGCTTAGGGT -3'
       rG4seq-K -------------------**----------",CDC16|ENSG00000130177.15_3,ENST00000356221.7_2;ENST00000360383.7_2;ENST00000375310.5_2;ENST00000494766.5_1;ENST00000628084.2_1;ENST00000650489.1_1,5UTR
chr13,20276796,20276797,canonical/G3L1-7,47,-,chr13:20276797-20276816:-,False,"            5'- GGGGGTGGGAGGGTATGGGAGTTTAATTT -3'
       rG4seq-K -------------------*---------",PSPC1|ENSG00000121390.18_3,ENST00000338910.8_1;ENST00000471658.5_1;ENST00000492741.5_1;ENST00000635562.1_1,3UTR
chr13,20276802,20276803,two-quartet,10,-,chr13:20276803-20276816:-,False,"            5'- GGGGGTGGGAGGGTATGGGAGTT -3'
       rG4seq-K -------------*---------",PSPC1|ENSG00000121390.18_3,ENST00000338910.8_1;ENST00000471658.5_1;ENST00000492741.5_1;ENST00000635562.1_1,3UTR
chr13,20762019,20762020,longloop,20,-,chr13:20762020-20762048:-,False,"            5'- GGGGAGGACAAAATGGGGCAGGGGAGGGAGAAGTTTCT -3'
       rG4seq-K ----------------------------*---------",GJB2|ENSG00000165474.6_3,ENST00000382844.2_2;ENST00000382848.5_2;ENST00000645189.1_1,3UTR
chr13,30084726,30084727,bulges,77,-,chr13:30084727-30084758:-,False,"            5'- GGGGAAATTGCAGGGTGGTGGGGGCGTGAGGCTTATATGTG -3'
       rG4seq-K -------------------------------*---------",SLC7A1|ENSG00000139514.12_3,ENST00000380752.9_1,3UTR
chr13,30084733,30084736,bulges,43,-,chr13:30084734-30084758:-,False,"            5'- GGGGAAATTGCAGGGTGGTGGGGGCGTGAGGCTT -3'
       rG4seq-K ----------------------*-*---------",SLC7A1|ENSG00000139514.12_3,ENST00000380752.9_1,3UTR
chr13,30084753,30084757,potential G-quadruplex & G>=40%,16,-,chr13:30084753-30084813:-,False,"            5'- TGAGAGGCATGTTCGTGTCTGTGCGCTGGTGGTCTCGTGAGACAGTTCCGAGGACGGGGAAATTGCAGGG -3'
       rG4seq-K --------------------------------------------------------**-*----------",SLC7A1|ENSG00000139514.12_3,ENST00000380752.9_1,3UTR
chr13,30086924,30086926,G>=40%,63,-,chr13:30086924-30086984:-,False,"            5'- AGAAGTGCAAGAATTTGTGAACACGGCGGTGGAGGGCGGGTGGATGGCCATGGGCTGAGCCTCCGTATCA -3'
       rG4seq-K ----------------------------------------------------------**----------",SLC7A1|ENSG00000139514.12_3,ENST00000380752.9_1,3UTR
chr13,30087139,30087142,bulges,42,-,chr13:30087140-30087162:-,False,"            5'- GGGGGAGGAGGAGGGATGTGGGCATTTTGGAC -3'
       rG4seq-K --------------------***---------",SLC7A1|ENSG00000139514.12_3,ENST00000380752.9_1,3UTR
chr13,31035539,31035540,bulges,402,-,chr13:31035540-31035571:-,False,"            5'- GAGGAAGATGAAGAGGATGAGGAGGAGGAGGAAGATGAAGA -3'
       rG4seq-K -------------------------------*---------",HMGB1|ENSG00000189403.14_3,ENST00000339872.8_1;ENST00000341423.9_1;ENST00000399489.5_1;ENST00000399494.5_1;ENST00000405805.5_1,3UTR;CDS
chr13,37633752,37633754,potential G-quadruplex & G>=40%,32,-,chr13:37633752-37633812:-,False,"            5'- GCCGCCGGAACTGGCTGTTGGTGGGGGTGCAGCACTGAGCCGCCGACGGGGCGGGTGGGCTTTGCTGCCG -3'
       rG4seq-K ----------------------------------------------------------**----------",SUPT20H|ENSG00000102710.19_5,ENST00000350612.10_3;ENST00000356185.7_3;ENST00000360252.8_3;ENST00000464572.5_1;ENST00000470359.2_1;ENST00000475892.5_3;ENST00000476109.5_1;ENST00000495071.6_1;ENST00000497318.1_2,5UTR
chr13,41506460,41506462,bulges,30,-,chr13:41506460-41506480:-,False,"            5'- GGGGGCGGACTTGGGGGGGGTTGCATACAA -3'
       rG4seq-K ------------------**----------",ELF1|ENSG00000120690.15_4,ENST00000239882.6_3;ENST00000498824.4_1,3UTR
chr13,45914848,45914849,two-quartet,6418,-,"chr13:45914846-45914853:-,chr13:45914299-45914319:-",True,"            5'- GGGGAAGATGGTCAGTAGGACAGAAGGTAACATTGAT -3'
       rG4seq-K ----*--------------------------------",TPT1|ENSG00000133112.16_2,ENST00000309246.9_1;ENST00000379055.5_1;ENST00000379056.5_1;ENST00000379060.8_1;ENST00000442760.2_1;ENST00000490277.1_1;ENST00000527226.2_1;ENST00000529421.5_1;ENST00000530705.5_1;ENST00000533567.5_1;ENST00000616577.4_1,5UTR;CDS
chr13,48669145,48669146,bulges,94,-,chr13:48669146-48669182:-,False,"            5'- GGAGCGGCTGGGAGGCGGTTTGGGAGTGGCGGGTGGTAACAGCACA -3'
       rG4seq-K ------------------------------------*---------",MED4|ENSG00000136146.14_4,ENST00000258648.6_1;ENST00000378586.5_1;ENST00000417167.2_3,5UTR;CDS
chr13,48669148,48669149,bulges,77,-,chr13:48669146-48669182:-,False,"            5'- GGAGCGGCTGGGAGGCGGTTTGGGAGTGGCGGGTGGTAACAGCACA -3'
       rG4seq-K ---------------------------------*------------",MED4|ENSG00000136146.14_4,ENST00000258648.6_1;ENST00000378586.5_1;ENST00000417167.2_3,5UTR;CDS
chr13,53226136,53226137,longloop,25,-,chr13:53226137-53226167:-,False,"            5'- GGGATGGGGGCAGATTGAGGAGCGGGAGGGAGTAGTCTTT -3'
       rG4seq-K ------------------------------*---------",AL139089.1|ENSG00000273723.1_5,ENST00000620372.1_1,non_coding
chr13,79911332,79911333,bulges,46,-,chr13:79911331-79911355:-,False,"            5'- GGGGGCGAGGGCGAGGGCGAGGTGTGCCTGGTCA -3'
       rG4seq-K ----------------------*-----------",RBM26|ENSG00000139746.15_5,ENST00000267229.11_1;ENST00000438724.5_2;ENST00000438737.2_2;ENST00000449987.6_2;ENST00000622611.4_2,CDS
chr13,79980112,79980113,canonical/G3L1-7,29,-,chr13:79980113-79980135:-,False,"            5'- GGGCTGGGGGCCGGGGACGGGGAGCTCCTGGC -3'
       rG4seq-K ----------------------*---------",RBM26|ENSG00000139746.15_5,ENST00000438724.5_2;ENST00000438737.2_2;ENST00000472143.2_1;ENST00000622611.4_2,5UTR
chr13,107209664,107209666,two-quartet,227,-,chr13:107209665-107209698:-,False,"            5'- GGGTTTAGTTGGTTGCTGTTTGGACTGGGAGGGATGATTTAAA -3'
       rG4seq-K --------------------------------**---------",ARGLU1|ENSG00000134884.14_5,ENST00000360629.3_2;ENST00000375926.5_4;ENST00000400198.7_3;ENST00000472226.2_2,non_coding
chr13,107211453,107211454,bulges,159,-,chr13:107211454-107211481:-,False,"            5'- GGAGGACGGTGGGGAGACAGGGAGTGGTAAAGGGAAA -3'
       rG4seq-K ---------------------------*---------",ARGLU1|ENSG00000134884.14_5,ENST00000360629.3_2;ENST00000375926.5_4;ENST00000400198.7_3;ENST00000472226.2_2,non_coding
chr13,110407858,110407861,canonical/G3L1-7,90,-,chr13:110407859-110407884:-,False,"            5'- GGGAGGGAAGGGCTTTGGGAAGGGGATGAATATCT -3'
       rG4seq-K -----------------------***---------",IRS2|ENSG00000185950.8_2,ENST00000375856.4_1,3UTR
chr13,110407864,110407865,canonical/G3L1-7,52,-,chr13:110407865-110407891:-,False,"            5'- GGGAGGTGGGAGGGAAGGGCTTTGGGAAGGGGATGA -3'
       rG4seq-K --------------------------*---------",IRS2|ENSG00000185950.8_2,ENST00000375856.4_1,3UTR
chr13,110407871,110407873,canonical/G3L1-7,29,-,chr13:110407872-110407898:-,False,"            5'- GGGTAGTGGGAGGTGGGAGGGAAGGGCTTTGGGAAG -3'
       rG4seq-K -------------------------**---------",IRS2|ENSG00000185950.8_2,ENST00000375856.4_1,3UTR
chr13,110407876,110407879,canonical/G3L1-7,17,-,chr13:110407877-110407898:-,False,"            5'- GGGTAGTGGGAGGTGGGAGGGAAGGGCTTTG -3'
       rG4seq-K -------------------***---------",IRS2|ENSG00000185950.8_2,ENST00000375856.4_1,3UTR
chr13,111175800,111175802,two-quartet,226,-,chr13:111175801-111175817:-,False,"            5'- GGGGTGGGGAGGTGGGAAACAGGAAT -3'
       rG4seq-K ---------------**---------",RAB20|ENSG00000139832.4_2,ENST00000267328.4_1,3UTR
chr13,111213878,111213881,canonical/G3L1-7,56,-,chr13:111213879-111213906:-,False,"            5'- GGGGAGAGGGCGCGGGGGCGCTGGGGGTTCTTACGGG -3'
       rG4seq-K -------------------------***---------",RAB20|ENSG00000139832.4_2,ENST00000267328.4_1,5UTR
chr13,111358318,111358320,longloop,20,-,chr13:111358319-111358346:-,False,"            5'- GGGCGGCGAGCGGGGGGCGCGGGCGGGCCTGGCTGCA -3'
       rG4seq-K --------------------------**---------",CARS2|ENSG00000134905.16_3,ENST00000257347.8_1;ENST00000465145.5_1;ENST00000485188.1_1;ENST00000535398.5_1;ENST00000537394.5_1;ENST00000537412.5_1;ENST00000539269.5_1;ENST00000540629.5_1;ENST00000541443.5_1;ENST00000542126.5_1;ENST00000544488.5_1,CDS
chr13,113201602,113201603,two-quartet,42,-,chr13:113201602-113201633:-,False,"            5'- GGCATTGAGATGGAGGTGGGAAAGAGGAGGGTGTCTCGTGT -3'
       rG4seq-K ------------------------------*----------",TUBGCP3|ENSG00000126216.14_4,ENST00000261965.7_1;ENST00000375669.7_1;ENST00000464139.5_1;ENST00000611152.1_1;ENST00000649778.1_1,3UTR
chr13,114747590,114747593,longloop,32,-,chr13:114747591-114747628:-,False,"            5'- GGGCAGGGGCGGGGGCTGCTGTTTTATTGGGGAGGGGAGCATCCTAA -3'
       rG4seq-K -----------------------------------***---------",RASA3|ENSG00000185989.10_3,ENST00000334062.7_1,3UTR
chr14,20923845,20923848,bulges,516,+,chr14:20923816-20923847:+,False,"            5'- GGGAAAAAGGGAGCGGTGGCGGAAGACGGGGATGAGCTCAG -3'
       rG4seq-K -----------------------------***---------",APEX1|ENSG00000100823.11_3,ENST00000216714.7_1;ENST00000398030.8_1;ENST00000553368.1_3;ENST00000553555.5_1;ENST00000553681.5_3;ENST00000554325.1_1;ENST00000554813.5_1;ENST00000555306.5_1;ENST00000555414.5_1;ENST00000555839.5_3;ENST00000556054.5_3;ENST00000556296.1_1;ENST00000557054.1_1;ENST00000557150.5_3;ENST00000557159.5_1;ENST00000557181.5_3;ENST00000557344.5_3;ENST00000557365.1_1;ENST00000557592.5_3,5UTR;CDS
chr14,21945407,21945408,bulges,48,+,chr14:21945385-21945408:+,False,"            5'- GGGGGCGGTGGGAGCGATGAGGGTCTGAGACGG -3'
       rG4seq-K ----------------------*----------",TOX4|ENSG00000092203.13_6,ENST00000416256.5_5;ENST00000447695.5_1;ENST00000448790.6_1;ENST00000455138.1_1;ENST00000455393.5_1;ENST00000457430.2_1;ENST00000494242.1_1;ENST00000613005.4_1;ENST00000613569.4_1,5UTR
chr14,21955839,21955841,bulges,66,+,chr14:21955818-21955842:+,False,"            5'- GGGCGGGGGGCTCCTGAGTGGGGGCTTGACCATG -3'
       rG4seq-K ---------------------**-----------",TOX4|ENSG00000092203.13_6,ENST00000416256.5_5;ENST00000447695.5_1;ENST00000448790.6_1;ENST00000455138.1_1;ENST00000455393.5_1;ENST00000457430.2_1;ENST00000487242.1_1;ENST00000494242.1_1;ENST00000613005.4_1;ENST00000613569.4_1,3UTR;CDS
chr14,21965051,21965054,two-quartet,61,+,chr14:21965035-21965053:+,False,"            5'- GGTGGGGTGGTGGTGGGGTTGAAGAAAC -3'
       rG4seq-K ----------------***---------",TOX4|ENSG00000092203.13_6,ENST00000448790.6_1;ENST00000613569.4_1,3UTR
chr14,23346414,23346416,canonical/G3L1-7,67,+,chr14:23346396-23346415:+,False,"            5'- GGGCGGGGCAGTGGGTGGGCAAGATGGGG -3'
       rG4seq-K ------------------**---------",LRP10|ENSG00000197324.8_4,ENST00000359591.8_1;ENST00000470660.1_1;ENST00000546834.5_1;ENST00000551466.1_3,CDS
chr14,23346424,23346426,canonical/G3L1-7,63,+,chr14:23346400-23346425:+,False,"            5'- GGGGCAGTGGGTGGGCAAGATGGGGAGCAGGCACC -3'
       rG4seq-K ------------------------**---------",LRP10|ENSG00000197324.8_4,ENST00000359591.8_1;ENST00000470660.1_1;ENST00000546834.5_1;ENST00000551466.1_3,CDS
chr14,23348047,23348049,bulges,23,+,chr14:23348030-23348048:+,False,"            5'- GGGGTGGGTGATGGAGGGAATGATTCGC -3'
       rG4seq-K -----------------**---------",LRP10|ENSG00000197324.8_4,ENST00000359591.8_1;ENST00000546834.5_1;ENST00000551466.1_3,3UTR
chr14,23778435,23778437,canonical/G3L1-7,43,+,chr14:23778415-23778436:+,False,"            5'- GGGCTGGGGGAGGTGGGAGGGATCACGCCTA -3'
       rG4seq-K --------------------**---------",BCL2L2-PABPN1|ENSG00000258643.5_3;BCL2L2|ENSG00000129473.9_5,ENST00000250405.9_2;ENST00000553781.5_1;ENST00000556100.2_1;ENST00000556599.1_3;ENST00000557008.2_1,3UTR;non_coding
chr14,23780003,23780005,bulges,40,+,chr14:23779974-23780006:+,False,"            5'- GGAGTCCTTGGGGAGATGAAGGGGGTGGGGAGCTGAGCAGGC -3'
       rG4seq-K -----------------------------**-----------",BCL2L2-PABPN1|ENSG00000258643.5_3;BCL2L2|ENSG00000129473.9_5,ENST00000250405.9_2;ENST00000553781.5_1;ENST00000556100.2_1;ENST00000556599.1_3;ENST00000557008.2_1,3UTR;non_coding
chr14,23790790,23790793,canonical/G3L1-7,28,+,chr14:23790765-23790793:+,False,"            5'- GGGGCCGGTGGGGAGGCCGGGGAGGGGGCCCCGGGGGG -3'
       rG4seq-K -------------------------***----------",BCL2L2-PABPN1|ENSG00000258643.5_3;PABPN1|ENSG00000100836.10_4,ENST00000216727.8_2;ENST00000397276.6_2;ENST00000553781.5_1;ENST00000556821.5_1;ENST00000557008.2_1,5UTR;CDS;non_coding
chr14,23790800,23790803,canonical/G3L1-7,46,+,chr14:23790774-23790803:+,False,"            5'- GGGGAGGCCGGGGAGGGGGCCCCGGGGGGCGCAGGGGAC -3'
       rG4seq-K --------------------------***----------",BCL2L2-PABPN1|ENSG00000258643.5_3;PABPN1|ENSG00000100836.10_4,ENST00000216727.8_2;ENST00000397276.6_2;ENST00000553781.5_1;ENST00000556821.5_1;ENST00000557008.2_1,5UTR;CDS;non_coding
chr14,23790810,23790812,canonical/G3L1-7,115,+,chr14:23790783-23790811:+,False,"            5'- GGGGAGGGGGCCCCGGGGGGCGCAGGGGACTACGGGAA -3'
       rG4seq-K ---------------------------**---------",BCL2L2-PABPN1|ENSG00000258643.5_3;PABPN1|ENSG00000100836.10_4,ENST00000216727.8_2;ENST00000397276.6_2;ENST00000553781.5_1;ENST00000556821.5_1;ENST00000557008.2_1,5UTR;CDS;non_coding
chr14,23794397,23794399,canonical/G3L1-7,24,+,chr14:23794374-23794398:+,False,"            5'- GGGGCAGGGGCCTACGGGGAGGGGCTTGTACTGA -3'
       rG4seq-K -----------------------**---------",BCL2L2-PABPN1|ENSG00000258643.5_3;PABPN1|ENSG00000100836.10_4,ENST00000216727.8_2;ENST00000397276.6_2;ENST00000553781.5_1;ENST00000555295.1_1;ENST00000556821.5_1;ENST00000557008.2_1,3UTR;non_coding
chr14,23794708,23794709,longloop,87,+,chr14:23794679-23794709:+,False,"            5'- GGGGAGTAGGGGAAGGCCCAGGGAGTGGGGCAGGGGGCTG -3'
       rG4seq-K -----------------------------*----------",PABPN1|ENSG00000100836.10_4,ENST00000216727.8_2;ENST00000397276.6_2,3UTR
chr14,23794714,23794717,longloop,156,+,chr14:23794687-23794716:+,False,"            5'- GGGGAAGGCCCAGGGAGTGGGGCAGGGGGCTGCTTATTC -3'
       rG4seq-K ---------------------------***---------",PABPN1|ENSG00000100836.10_4,ENST00000216727.8_2;ENST00000397276.6_2,3UTR
chr14,23795264,23795266,bulges,136,+,chr14:23795246-23795265:+,False,"            5'- GGGAATGGGAGGAAGTGGGAACAGGGAGG -3'
       rG4seq-K ------------------**---------",PABPN1|ENSG00000100836.10_4,ENST00000216727.8_2;ENST00000397276.6_2,3UTR
chr14,23795272,23795273,canonical/G3L1-7,158,+,chr14:23795246-23795272:+,False,"            5'- GGGAATGGGAGGAAGTGGGAACAGGGAGGTGGGAGG -3'
       rG4seq-K --------------------------*---------",PABPN1|ENSG00000100836.10_4,ENST00000216727.8_2;ENST00000397276.6_2,3UTR
chr14,23795278,23795280,canonical/G3L1-7,290,+,chr14:23795252-23795279:+,False,"            5'- GGGAGGAAGTGGGAACAGGGAGGTGGGAGGTGGATTT -3'
       rG4seq-K --------------------------**---------",PABPN1|ENSG00000100836.10_4,ENST00000216727.8_2;ENST00000397276.6_2,3UTR
chr14,24424395,24424396,two-quartet,46,+,chr14:24424384-24424398:+,False,"            5'- GGGGAAGGCGGAGGACCGGGAGCG -3'
       rG4seq-K -----------*------------",DHRS4|ENSG00000157326.18_2,ENST00000313250.9_1;ENST00000397074.7_1;ENST00000397075.7_1;ENST00000543741.6_1;ENST00000558263.5_1;ENST00000558581.5_1;ENST00000559632.5_1,CDS
chr14,24592987,24592988,canonical/G3L1-7,62,+,chr14:24592966-24592987:+,False,"            5'- GGGGAGGGGCATGGGTAAGGGTGTTTCCTCA -3'
       rG4seq-K ---------------------*---------",AL136295.3|ENSG00000259371.2_6;DCAF11|ENSG00000100897.17_4,ENST00000326009.9_1;ENST00000396936.5_1;ENST00000396941.8_1;ENST00000446197.7_1;ENST00000557802.5_1;ENST00000558325.2_1;ENST00000558624.1_1;ENST00000558914.5_1;ENST00000559115.5_1,3UTR;non_coding
chr14,24593015,24593018,longloop,118,+,chr14:24592978-24593016:+,False,"            5'- GGGTAAGGGTGTTTCCTCAGCACCCTCCTGGGGTGGGGATTATGTCTG -3'
       rG4seq-K -------------------------------------*-*--------",AL136295.3|ENSG00000259371.2_6;DCAF11|ENSG00000100897.17_4,ENST00000326009.9_1;ENST00000396936.5_1;ENST00000396941.8_1;ENST00000446197.7_1;ENST00000557802.5_1;ENST00000558325.2_1;ENST00000558624.1_1;ENST00000558914.5_1;ENST00000559115.5_1,3UTR;non_coding
chr14,24769871,24769872,bulges,9,+,chr14:24769838-24769874:+,False,"            5'- GGAGTGCTGCAGAGGAGGAGGAGGAGGAGGAGGAGGATGGAAAGGA -3'
       rG4seq-K ---------------------------------*------------",NOP9|ENSG00000196943.13_4,ENST00000267425.7_1;ENST00000396802.7_1,CDS
chr14,24769874,24769875,bulges,22,+,chr14:24769838-24769874:+,False,"            5'- GGAGTGCTGCAGAGGAGGAGGAGGAGGAGGAGGAGGATGGAAAGGA -3'
       rG4seq-K ------------------------------------*---------",NOP9|ENSG00000196943.13_4,ENST00000267425.7_1;ENST00000396802.7_1,CDS
chr14,24769878,24769879,two-quartet,40,+,chr14:24769851-24769878:+,False,"            5'- GGAGGAGGAGGAGGAGGAGGAGGATGGAAAGGATGGT -3'
       rG4seq-K ---------------------------*---------",NOP9|ENSG00000196943.13_4,ENST00000267425.7_1;ENST00000396802.7_1,CDS
chr14,24774338,24774339,canonical/G3L1-7,46,+,chr14:24774313-24774338:+,False,"            5'- GGGACTGGGTGTTGATGGGGGAGGGCAAAATGGGG -3'
       rG4seq-K -------------------------*---------",NOP9|ENSG00000196943.13_4,ENST00000267425.7_1;ENST00000396802.7_1;ENST00000557362.1_1;ENST00000650565.1_1,3UTR
chr14,24774736,24774738,bulges,57,+,chr14:24774706-24774737:+,False,"            5'- GGATCAGAGGACAGTGGGGAAATTGGGTGGGTTATCTAGCC -3'
       rG4seq-K ------------------------------**---------",NOP9|ENSG00000196943.13_4,ENST00000267425.7_1;ENST00000557362.1_1;ENST00000650565.1_1,3UTR
chr14,24775102,24775105,bulges,40,+,chr14:24775070-24775104:+,False,"            5'- GGGGTAGGTGGGTGCAAGAGGACGAATTATGGGGACTATCCAAC -3'
       rG4seq-K --------------------------------***---------",LTB4R2|ENSG00000213906.9_3;NOP9|ENSG00000196943.13_4,ENST00000267425.7_1;ENST00000527924.6_3;ENST00000557362.1_1;ENST00000650565.1_1,3UTR;5UTR
chr14,24776817,24776818,bulges,28,+,chr14:24776786-24776819:+,False,"            5'- GAGGGTAGAGTGGCTAGAGGGCTAGGGAGGGAGAGATCTAGGT -3'
       rG4seq-K -------------------------------*-----------",LTB4R2|ENSG00000213906.9_3;NOP9|ENSG00000196943.13_4,ENST00000267425.7_1;ENST00000527924.6_3;ENST00000650565.1_1,3UTR;non_coding
chr14,24777257,24777259,canonical/G3L1-7,21,+,chr14:24777239-24777259:+,False,"            5'- GGGGAGGGATGAGGGAGGGGCCAGATGGGG -3'
       rG4seq-K ------------------**----------",LTB4R2|ENSG00000213906.9_3;NOP9|ENSG00000196943.13_4,ENST00000267425.7_1;ENST00000527924.6_3;ENST00000650565.1_1,3UTR;non_coding
chr14,24901246,24901248,two-quartet,22,+,chr14:24901231-24901247:+,False,"            5'- GGAGAAGGAGGGAGGGAAACAGGGTG -3'
       rG4seq-K ---------------**---------",KHNYN|ENSG00000100441.9_3,ENST00000251343.9_1;ENST00000553935.5_1;ENST00000556842.5_1,CDS
chr14,24901358,24901360,bulges,33,+,chr14:24901329-24901359:+,False,"            5'- GGCCACAGTCAGTGGGTGGAGGGGCAAGGGAGTCAGCACC -3'
       rG4seq-K -----------------------------**---------",KHNYN|ENSG00000100441.9_3,ENST00000251343.9_1;ENST00000553935.5_1;ENST00000556842.5_1,CDS
chr14,24901623,24901625,bulges,12,+,chr14:24901593-24901626:+,False,"            5'- GCGGAGACCGGGGAGACGTGGGGGACAGGGGAGACAAGCAGCA -3'
       rG4seq-K ------------------------------**-----------",KHNYN|ENSG00000100441.9_3,ENST00000251343.9_1;ENST00000553935.5_1;ENST00000556842.5_1,CDS
chr14,24906829,24906831,canonical/G3L1-7,28,+,chr14:24906811-24906830:+,False,"            5'- GGGTGGAGGGCAGGGTGGGCAGGAAGTGA -3'
       rG4seq-K ------------------**---------",KHNYN|ENSG00000100441.9_3,ENST00000251343.9_1;ENST00000553935.5_1;ENST00000556255.1_1;ENST00000556842.5_1,3UTR
chr14,31086411,31086413,two-quartet,52,+,chr14:31086396-31086412:+,False,"            5'- GGGAGGCTGAGGTGGGAGAATCGAGA -3'
       rG4seq-K ---------------**---------",G2E3|ENSG00000092140.15_4,ENST00000206595.10_1;ENST00000549159.1_1;ENST00000648008.1_1,3UTR
chr14,35551220,35551222,bulges,52,+,chr14:35551191-35551221:+,False,"            5'- GTGGTTTGGAGGGGATTGGGGGATAGTGGGACAGGTATAG -3'
       rG4seq-K -----------------------------**---------",FAM177A1|ENSG00000151327.12_5,ENST00000280987.8_1;ENST00000396472.5_2;ENST00000555260.1_1,3UTR
chr14,55255935,55255939,longloop,22,+,chr14:55255894-55255938:+,False,"            5'- GGGTGGGGAGGGGTCTCTAGGGAATTATGAGACTGGGAGGGGGGTGGAGGGAAT -3'
       rG4seq-K -----------------------------------------****---------",SAMD4A|ENSG00000020577.13_3,ENST00000251091.9_2;ENST00000392067.7_2;ENST00000631086.2_1,3UTR
chr14,55255944,55255946,longloop,94,+,chr14:55255913-55255945:+,False,"            5'- GGGAATTATGAGACTGGGAGGGGGGTGGAGGGAATGCAGGTA -3'
       rG4seq-K -------------------------------**---------",SAMD4A|ENSG00000020577.13_3,ENST00000251091.9_2;ENST00000392067.7_2;ENST00000631086.2_1,3UTR
chr14,55604874,55604875,longloop,310,+,chr14:55604837-55604873:+,False,"            5'- GGGGCAGGGGGCTACCCAGGGGCTTCCTATCCTGGGGCCTACCCCG -3'
       rG4seq-K -------------------------------------*--------",LGALS3|ENSG00000131981.15_2,ENST00000254301.13_1;ENST00000553493.5_1;ENST00000553755.5_1;ENST00000554715.1_1;ENST00000556263.1_1;ENST00000556322.1_1;ENST00000556438.6_1,CDS
chr14,57114997,57114999,canonical/G3L1-7,10,+,chr14:57114980-57114999:+,False,"            5'- GGGATTGGGGGGGATGGGGAAGTGGCCCA -3'
       rG4seq-K -----------------**----------",TMEM260|ENSG00000070269.13_3,ENST00000261556.10_1;ENST00000555046.1_1;ENST00000556422.5_1,3UTR
chr14,64693073,64693075,bulges,19,+,chr14:64693058-64693076:+,False,"            5'- GGGGGTGGGGGCGGGGGGTTGGTACAGA -3'
       rG4seq-K ---------------**-----------",SYNE2|ENSG00000054654.16_5,ENST00000344113.8_1;ENST00000357395.7_1;ENST00000358025.7_1;ENST00000394768.6_2;ENST00000441438.2_2;ENST00000458046.6_2;ENST00000553289.5_3;ENST00000554805.6_2;ENST00000555002.5_1;ENST00000555022.5_2;ENST00000555612.5_2,3UTR
chr14,65171300,65171302,bulges,15,+,chr14:65171282-65171301:+,False,"            5'- GGGGCTGGCGGTGGGCGGGAGCGGTCGGC -3'
       rG4seq-K ------------------**---------",PLEKHG3|ENSG00000126822.16_4,ENST00000394691.6_2;ENST00000555982.5_1;ENST00000634379.1_1,5UTR
chr14,70238302,70238304,bulges,128,+,chr14:70238281-70238304:+,False,"            5'- GGGGGTGGGATTTGGAAGGGGGGTTGGGTTGGG -3'
       rG4seq-K ---------------------**----------",SRSF5|ENSG00000100650.15_3,ENST00000394366.6_2;ENST00000553521.5_2;ENST00000553635.5_2;ENST00000554465.5_1;ENST00000554929.1_1;ENST00000555547.5_1;ENST00000556184.5_1;ENST00000556587.5_1;ENST00000556647.1_1;ENST00000557154.5_2,3UTR
chr14,70238308,70238310,longloop,165,+,chr14:70238281-70238309:+,False,"            5'- GGGGGTGGGATTTGGAAGGGGGGTTGGGTTGGGCTGGA -3'
       rG4seq-K ---------------------------**---------",SRSF5|ENSG00000100650.15_3,ENST00000394366.6_2;ENST00000553521.5_2;ENST00000553635.5_2;ENST00000554465.5_1;ENST00000554929.1_1;ENST00000555547.5_1;ENST00000556184.5_1;ENST00000556587.5_1;ENST00000556647.1_1;ENST00000557154.5_2,3UTR
chr14,70238313,70238315,longloop,261,+,chr14:70238283-70238314:+,False,"            5'- GGGTGGGATTTGGAAGGGGGGTTGGGTTGGGCTGGATATCT -3'
       rG4seq-K ------------------------------**---------",SRSF5|ENSG00000100650.15_3,ENST00000394366.6_2;ENST00000553521.5_2;ENST00000553635.5_2;ENST00000554465.5_1;ENST00000554929.1_1;ENST00000555547.5_1;ENST00000556184.5_1;ENST00000556587.5_1;ENST00000556647.1_1;ENST00000557154.5_2,3UTR
chr14,70238318,70238319,bulges,510,+,chr14:70238287-70238318:+,False,"            5'- GGGATTTGGAAGGGGGGTTGGGTTGGGCTGGATATCTTTGT -3'
       rG4seq-K -------------------------------*---------",SRSF5|ENSG00000100650.15_3,ENST00000394366.6_2;ENST00000553521.5_2;ENST00000553635.5_2;ENST00000554465.5_1;ENST00000554929.1_1;ENST00000555547.5_1;ENST00000556184.5_1;ENST00000556587.5_1;ENST00000556647.1_1;ENST00000557154.5_2,3UTR
chr14,70497266,70497272,canonical/G3L1-7,84,+,chr14:70497252-70497271:+,False,"            5'- GGGTTTTGGGGGGGTGGGGGAGGGTGTTG -3'
       rG4seq-K --------------*-****---------",SMOC1|ENSG00000198732.10_3,ENST00000361956.7_2;ENST00000381280.4_1,3UTR
chr14,70497275,70497277,canonical/G3L1-7,294,+,chr14:70497252-70497276:+,False,"            5'- GGGTTTTGGGGGGGTGGGGGAGGGTGTTGTTGGG -3'
       rG4seq-K -----------------------**---------",SMOC1|ENSG00000198732.10_3,ENST00000361956.7_2;ENST00000381280.4_1,3UTR
chr14,70497285,70497288,canonical/G3L1-7,669,+,chr14:70497259-70497286:+,False,"            5'- GGGGGGGTGGGGGAGGGTGTTGTTGGGGCTGAGAAGA -3'
       rG4seq-K --------------------------***--------",SMOC1|ENSG00000198732.10_3,ENST00000361956.7_2;ENST00000381280.4_1,3UTR
chr14,70498136,70498138,two-quartet,51,+,chr14:70498111-70498137:+,False,"            5'- GGCTATCACAGGCCTGGGTGGGTGGGTTGGGGGAGG -3'
       rG4seq-K -------------------------**---------",SMOC1|ENSG00000198732.10_3,ENST00000381280.4_1,3UTR
chr14,70498141,70498145,canonical/G3L1-7,280,+,chr14:70498126-70498144:+,False,"            5'- GGGTGGGTGGGTTGGGGGAGGTGTCAGT -3'
       rG4seq-K ---------------****---------",SMOC1|ENSG00000198732.10_3,ENST00000381280.4_1,3UTR
chr14,73686531,73686533,bulges,73,+,chr14:73686509-73686533:+,False,"            5'- GGGGAATGGAGAGGTGGGCAGGGGTTCCAGCTTC -3'
       rG4seq-K ----------------------**----------",PSEN1|ENSG00000080815.18_3,ENST00000324501.9_1;ENST00000357710.8_1;ENST00000394164.5_1;ENST00000406768.1_1,3UTR
chr14,73959407,73959410,bulges,32,+,chr14:73959380-73959409:+,False,"            5'- GGGATAGCTCGGCTGGTGGGTGAGGGGGGCCATTTGTTT -3'
       rG4seq-K ---------------------------***---------",RIOX1|ENSG00000170468.7_2,ENST00000304061.7_1,CDS
chr14,74351426,74351427,bulges,64,+,chr14:74351405-74351428:+,False,"            5'- GGGACTGGGGGCAGGATTGGGGGTTTCGGAGCT -3'
       rG4seq-K ---------------------*-----------",AC005520.1|ENSG00000258653.3_6;PTGR2|ENSG00000140043.11_3,ENST00000267568.8_1;ENST00000555228.5_1;ENST00000555661.5_1;ENST00000556551.2_1,3UTR;non_coding
chr14,74351494,74351495,bulges,142,+,chr14:74351467-74351494:+,False,"            5'- GCGGTTTTGGGTTGGGATTAGTATGGGAAGATAAATA -3'
       rG4seq-K ---------------------------*---------",AC005520.1|ENSG00000258653.3_6;PTGR2|ENSG00000140043.11_3,ENST00000267568.8_1;ENST00000555228.5_1;ENST00000555661.5_1;ENST00000556551.2_1,3UTR;non_coding
chr14,75201876,75201879,longloop,186,+,chr14:75201842-75201878:+,False,"            5'- GGGGCCGCGGGGGTTGGGGGGAATCTGTGCAGGGGGAAGCATATTA -3'
       rG4seq-K ----------------------------------***---------",FCF1|ENSG00000119616.11_2,ENST00000341162.8_1;ENST00000553615.5_1,3UTR
chr14,75369657,75369659,longloop,137,+,chr14:75369626-75369658:+,False,"            5'- GGGGATCTGGGTGTGTGAGTGGGAGGAGAGGGCAGAGGTCCC -3'
       rG4seq-K -------------------------------**---------",DLST|ENSG00000119689.14_4,ENST00000334220.8_1,3UTR
chr14,75370330,75370331,canonical/G3L1-7,21,+,chr14:75370302-75370330:+,False,"            5'- GGGGGTGGGGGAGGGGGGAAGGGGTGGGAGCCAATACT -3'
       rG4seq-K ----------------------------*---------",DLST|ENSG00000119689.14_4,ENST00000334220.8_1,3UTR
chr14,75746231,75746233,canonical/G3L1-7,42,+,chr14:75746209-75746232:+,False,"            5'- GGGAGGAGGGTGCAGCGGGCGGGT -3'
       rG4seq-K ----------------------**",FOS|ENSG00000170345.9_3,ENST00000303562.8_1;ENST00000535987.5_1;ENST00000554212.5_1;ENST00000554617.1_1;ENST00000555242.1_1;ENST00000556324.2_1,non_coding
chr14,75936208,75936209,two-quartet,31,+,chr14:75936182-75936208:+,False,"            5'- GGGCTGGGAGGAGGTGGAGGAGGAGGAAGAGGAGAA -3'
       rG4seq-K --------------------------*---------",JDP2|ENSG00000140044.12_3,ENST00000267569.5_1;ENST00000419727.6_1;ENST00000435893.6_1;ENST00000437176.5_1,3UTR
chr14,75937083,75937086,canonical/G3L1-7,26,+,chr14:75937061-75937085:+,False,"            5'- GGGGTGGCCAGGGCGGGGGCGGGGTGCATTTCCA -3'
       rG4seq-K ----------------------***---------",JDP2|ENSG00000140044.12_3,ENST00000267569.5_1;ENST00000435893.6_1;ENST00000437176.5_1,3UTR
chr14,76669592,76669593,two-quartet,22,+,chr14:76669578-76669592:+,False,"            5'- GGGAGGTGGGTGGGCATGAATCTA -3'
       rG4seq-K --------------*---------",GPATCH2L|ENSG00000089916.17_5,ENST00000261530.11_2;ENST00000556372.2_2;ENST00000556675.2_1;ENST00000621494.1_5,3UTR
chr14,76675289,76675290,two-quartet,18,+,chr14:76675273-76675290:+,False,"            5'- GGGGAGGTGGGGATGGGTTTCAGTCTT -3'
       rG4seq-K ----------------*----------",GPATCH2L|ENSG00000089916.17_5,ENST00000261530.11_2;ENST00000556372.2_2;ENST00000556675.2_1;ENST00000621494.1_5,3UTR
chr14,77797746,77797748,canonical/G3L1-7,50,+,chr14:77797723-77797747:+,False,"            5'- GGGAGATGCGGGGAGCAGGGTGGGCAGGAATACT -3'
       rG4seq-K -----------------------**---------",GSTZ1|ENSG00000100577.18_2,ENST00000216465.9_1;ENST00000349555.7_1;ENST00000393734.5_1;ENST00000553586.5_1;ENST00000554381.1_1;ENST00000555093.1_1;ENST00000555208.1_1;ENST00000556627.5_1,3UTR
chr14,77924400,77924402,bulges,131,+,chr14:77924384-77924401:+,False,"            5'- GGGGAGGGGGTGGAGGGAAAAGCAAGC -3'
       rG4seq-K ----------------**---------",AHSA1|ENSG00000100591.7_3,ENST00000216479.7_1;ENST00000535854.6_1;ENST00000554156.5_1;ENST00000555133.5_3;ENST00000555517.1_1,5UTR
chr14,77935764,77935765,potential G-quadruplex & G>=40%,484,+,chr14:77935705-77935765:+,False,"            5'- CCTCCCTTCCACATATACCTTGGGTTTGTGCATGTTTTCTGCTGGGTGGGTTCAGAGGGCAATTTCTCTT -3'
       rG4seq-K -----------------------------------------------------------*----------",AHSA1|ENSG00000100591.7_3,ENST00000216479.7_1;ENST00000555457.5_1;ENST00000555729.3_1;ENST00000556369.1_3;ENST00000557476.2_1,3UTR
chr14,90872992,90872994,bulges,48,+,chr14:90872967-90872996:+,False,"            5'- GAGGGGTGGGTCAGAGCAGTGGAGGGGAGACATCGCCCA -3'
       rG4seq-K -------------------------**------------",CALM1|ENSG00000198668.10_3,ENST00000356978.8_1,3UTR
chr14,92588458,92588461,bulges,119,+,chr14:92588427-92588460:+,False,"            5'- GGGGTTGGGAAGGGCTGTGGACGGCGTTGGGGGAGGCCTGACG -3'
       rG4seq-K -------------------------------***---------",CPSF2|ENSG00000165934.12_2,ENST00000298875.8_1;ENST00000553427.5_1;ENST00000554290.1_1,5UTR
chr14,92588463,92588464,two-quartet,158,+,chr14:92588434-92588463:+,False,"            5'- GGAAGGGCTGTGGACGGCGTTGGGGGAGGCCTGACGAGG -3'
       rG4seq-K -----------------------------*---------",CPSF2|ENSG00000165934.12_2,ENST00000298875.8_1;ENST00000553427.5_1;ENST00000554290.1_1,5UTR
chr14,96671230,96671233,canonical/G3L1-7,30,+,chr14:96671205-96671232:+,False,"            5'- GGGGTGGGGACGGTGGGGACGGTGGGGACATCAGGCT -3'
       rG4seq-K -------------------------***---------",AL355102.2|ENSG00000258691.1_6;BDKRB2|ENSG00000168398.6_4,ENST00000539359.1_3;ENST00000542454.2_3;ENST00000553811.1_1;ENST00000554311.1_3,5UTR
chr14,96968896,96968899,bulges,144,+,chr14:96968869-96968898:+,False,"            5'- GGGCGGCAGCGGCGGCGGTTGCGGGGGGGAAGTGACTGG -3'
       rG4seq-K ---------------------------***---------",PAPOLA|ENSG00000090060.17_3,ENST00000216277.12_2;ENST00000392990.6_2;ENST00000553357.5_1;ENST00000553689.5_1;ENST00000554130.5_1;ENST00000554887.5_1;ENST00000556619.5_1;ENST00000557320.5_1;ENST00000557471.5_1,5UTR;CDS
chr14,103371816,103371819,canonical/G3L1-7,46,+,chr14:103371797-103371818:+,False,"            5'- GGGGACGGGATGGGGAAGGGGACGCACTTGT -3'
       rG4seq-K -------------------***---------",TRAF3|ENSG00000131323.14_4,ENST00000347662.8_2;ENST00000351691.9_2;ENST00000392745.6_2;ENST00000539721.5_1;ENST00000559734.1_2;ENST00000560371.5_2,CDS
chr14,104029358,104029359,longloop,49,+,chr14:104029324-104029359:+,False,"            5'- GGGGGCGTGGGGCCATGGTGGTCTTGCGGGCGGGGAAGAAGACCT -3'
       rG4seq-K ----------------------------------*----------",AL139300.1|ENSG00000256500.5_6;APOPT1|ENSG00000256053.7_4;KLC1|ENSG00000126214.21_5,ENST00000409074.6_3;ENST00000440963.1_3;ENST00000458117.5_1;ENST00000472726.2_1;ENST00000554625.5_1;ENST00000556253.6_1;ENST00000557172.5_2,5UTR;CDS;non_coding
chr14,104647044,104647045,canonical/G3L1-7,10,+,chr14:104647018-104647044:+,False,"            5'- GGGGCACCCTGGGCAGGGTGGGGGGGCCTTGGGAGG -3'
       rG4seq-K --------------------------*---------",KIF26A|ENSG00000066735.14_3,ENST00000315264.7_1,3UTR
chr14,20926354,20926355,canonical/G3L1-7,124,-,chr14:20926355-20926383:-,False,"            5'- GGGCAGGGTGGGGGTGGGTAGCCCTGGGGGTTCCCCTC -3'
       rG4seq-K ----------------------------*---------",PIP4P1|ENSG00000165782.10_3,ENST00000250489.8_1;ENST00000398020.6_1;ENST00000553460.5_1;ENST00000557041.1_1,3UTR
chr14,20926364,20926366,canonical/G3L1-7,76,-,chr14:20926365-20926383:-,False,"            5'- GGGCAGGGTGGGGGTGGGTAGCCCTGGG -3'
       rG4seq-K -----------------**---------",PIP4P1|ENSG00000165782.10_3,ENST00000250489.8_1;ENST00000398020.6_1;ENST00000553460.5_1;ENST00000557041.1_1,3UTR
chr14,20927756,20927758,canonical/G3L1-7,14,-,chr14:20927756-20927778:-,False,"            5'- GGGGTATTGGGAAGGGGAGGGGAAAGGAGACT -3'
       rG4seq-K --------------------**----------",PIP4P1|ENSG00000165782.10_3,ENST00000250489.8_1;ENST00000398020.6_1;ENST00000553460.5_1;ENST00000554028.3_1;ENST00000557041.1_1,non_coding
chr14,20929549,20929554,bulges,21,-,chr14:20929550-20929581:-,False,"            5'- GCGGCGGTGGCGGTGGCGGCGGTGGCGGTGGCTGCGGCGAC -3'
       rG4seq-K ---------------------------**-**---------",PIP4P1|ENSG00000165782.10_3,ENST00000250489.8_1;ENST00000398020.6_1;ENST00000557041.1_1,5UTR
chr14,21485356,21485359,canonical/G3L1-7,17,-,chr14:21485356-21485379:-,False,"            5'- GGGGAGGGGATTTGGGGCTGGGGCTCCATTCAC -3'
       rG4seq-K --------------------***----------",NDRG2|ENSG00000165795.23_4,ENST00000298684.9_1;ENST00000298687.9_2;ENST00000350792.7_2;ENST00000360463.7_2;ENST00000397844.6_1;ENST00000397847.6_1;ENST00000397851.6_2;ENST00000397853.7_2;ENST00000397858.5_2;ENST00000553503.5_2;ENST00000554104.5_1;ENST00000554143.5_2;ENST00000555158.5_2;ENST00000555650.5_1;ENST00000556147.5_2;ENST00000556716.5_1;ENST00000557353.5_1;ENST00000557633.5_1,3UTR
chr14,21679607,21679610,potential G-quadruplex & G>=40%,1595,-,chr14:21679607-21679667:-,False,"            5'- TGAGACTAATGTGAAGATGGAGTCTGAGGGGGGTGCAGATGACTCTGCTGAGGAGGGGGACCTACTGGAT -3'
       rG4seq-K ---------------------------------------------------------*-*----------",HNRNPC|ENSG00000092199.17_6,ENST00000336053.10_1;ENST00000420743.6_1;ENST00000430246.6_2;ENST00000449098.5_2;ENST00000553300.5_2;ENST00000553444.1_1;ENST00000553753.5_1;ENST00000554383.5_3;ENST00000554417.1_1;ENST00000554455.5_1;ENST00000554539.5_1;ENST00000554969.5_2;ENST00000555309.5_2;ENST00000555585.5_1;ENST00000555883.5_1;ENST00000555914.5_1;ENST00000556142.5_1;ENST00000556513.5_1;ENST00000556628.5_1;ENST00000556897.5_2;ENST00000557157.5_1;ENST00000557201.5_1;ENST00000557442.5_1,3UTR;CDS
chr14,21853583,21853586,bulges,32,-,chr14:21853584-21853604:-,False,"            5'- GAGGATTGGGTGGGCAGGGGAACTCCTAAA -3'
       rG4seq-K ------------------***---------",CHD8|ENSG00000100888.13_4,ENST00000399982.6_1;ENST00000430710.8_2;ENST00000557727.1_1;ENST00000645206.1_1;ENST00000645929.1_1;ENST00000646647.1_1,3UTR
chr14,21853671,21853674,canonical/G3L1-7,21,-,chr14:21853672-21853696:-,False,"            5'- GGGAGGGGCAGGGGAGATGTGGGGAAGTCCAGGA -3'
       rG4seq-K ----------------------***---------",CHD8|ENSG00000100888.13_4,ENST00000399982.6_1;ENST00000430710.8_2;ENST00000557364.6_2;ENST00000557727.1_1;ENST00000643469.1_1;ENST00000645206.1_1;ENST00000645929.1_1;ENST00000646647.1_1,3UTR
chr14,23516320,23516321,canonical/G3L1-7,21,-,chr14:23516320-23516346:-,False,"            5'- GGGGAAAGAGGGAGGAAGGGGAGGGGCCTCCATCTC -3'
       rG4seq-K -------------------------*----------",CDH24|ENSG00000139880.19_2,ENST00000397359.7_1;ENST00000485922.2_1;ENST00000487137.6_1;ENST00000610348.1_1,3UTR
chr14,23524502,23524503,potential G-quadruplex & G>=40%,32,-,chr14:23524502-23524562:-,False,"            5'- CTGCACTCGGATGTTGACCGGGGAGAGGGCCGCACCAAGTACCTGTTGACCGGGGAGGGGGCAGGCACCG -3'
       rG4seq-K -----------------------------------------------------------*----------",CDH24|ENSG00000139880.19_2,ENST00000267383.5_1;ENST00000397359.7_1;ENST00000487137.6_1;ENST00000554034.5_1;ENST00000610348.1_1,CDS
chr14,23528456,23528457,longloop,228,-,chr14:23528457-23528487:-,False,"            5'- GGGGGGACCGAGATCGGGATAGGGAAAGGGACCGAGAACG -3'
       rG4seq-K ------------------------------*---------",ACIN1|ENSG00000100813.14_5,ENST00000262710.5_1;ENST00000338631.10_2;ENST00000357481.6_2;ENST00000397341.7_2;ENST00000457657.5_1;ENST00000473758.5_1;ENST00000555053.5_1;ENST00000557515.5_3;ENST00000605057.5_3,3UTR;CDS
chr14,23528462,23528463,longloop,182,-,chr14:23528463-23528499:-,False,"            5'- GGGAGCGGGACAGGGGGGACCGAGATCGGGATAGGGAAAGGGACCG -3'
       rG4seq-K ------------------------------------*---------",ACIN1|ENSG00000100813.14_5,ENST00000262710.5_1;ENST00000338631.10_2;ENST00000357481.6_2;ENST00000397341.7_2;ENST00000457657.5_1;ENST00000473758.5_1;ENST00000555053.5_1;ENST00000557515.5_3;ENST00000605057.5_3,3UTR;CDS
chr14,23528480,23528484,longloop,151,-,chr14:23528481-23528523:-,False,"            5'- GGGACAGGGAGAGAGAGAGAGAAAGGGAGCGGGACAGGGGGGACCGAGATCG -3'
       rG4seq-K ---------------------------------------****---------",ACIN1|ENSG00000100813.14_5,ENST00000262710.5_1;ENST00000338631.10_2;ENST00000357481.6_2;ENST00000397341.7_2;ENST00000457657.5_1;ENST00000473758.5_1;ENST00000555053.5_1;ENST00000557515.5_3;ENST00000605057.5_3,3UTR;CDS
chr14,23530634,23530635,longloop,134,-,chr14:23530635-23530668:-,False,"            5'- GGGCAGAACGGGAACGGGAAATGGAGCGGCGGGAGCGGACTCG -3'
       rG4seq-K ---------------------------------*---------",ACIN1|ENSG00000100813.14_5,ENST00000262710.5_1;ENST00000338631.10_2;ENST00000357481.6_2;ENST00000397341.7_2;ENST00000457657.5_1;ENST00000473758.5_1;ENST00000555053.5_1;ENST00000557515.5_3;ENST00000605057.5_3,3UTR;CDS
chr14,23530649,23530650,canonical/G3L1-7,94,-,chr14:23530650-23530677:-,False,"            5'- GGGAACAGTGGGCAGAACGGGAACGGGAAATGGAGCG -3'
       rG4seq-K ---------------------------*---------",ACIN1|ENSG00000100813.14_5,ENST00000262710.5_1;ENST00000338631.10_2;ENST00000357481.6_2;ENST00000397341.7_2;ENST00000457657.5_1;ENST00000473758.5_1;ENST00000555053.5_1;ENST00000557515.5_3;ENST00000605057.5_3,3UTR;CDS
chr14,23549878,23549879,bulges,144,-,chr14:23549879-23549910:-,False,"            5'- GAGGAGGAAGAAGAGGAGGAGGAGGAGGAGGAAGAAGATGA -3'
       rG4seq-K -------------------------------*---------",ACIN1|ENSG00000100813.14_5,ENST00000262710.5_1;ENST00000457657.5_1;ENST00000555053.5_1;ENST00000605057.5_3,CDS
chr14,23549881,23549882,bulges,54,-,chr14:23549879-23549910:-,False,"            5'- GAGGAGGAAGAAGAGGAGGAGGAGGAGGAGGAAGAAGATGA -3'
       rG4seq-K ----------------------------*------------",ACIN1|ENSG00000100813.14_5,ENST00000262710.5_1;ENST00000457657.5_1;ENST00000555053.5_1;ENST00000605057.5_3,CDS
chr14,24701571,24701572,G>=40%,104,-,chr14:24701571-24701631:-,False,"            5'- CTTTCCGGAACCCAGTGGGGGGGGGGGGGGGGGTGGAGCCAGACAGTGACCCGGAAGTAGAAGTGGCCCT -3'
       rG4seq-K -----------------------------------------------------------*----------",NEDD8|ENSG00000129559.12_3,ENST00000250495.9_1,5UTR
chr14,24709229,24709231,bulges,76,-,chr14:24709230-24709258:-,False,"            5'- GGAGCAGAAAGCTGGGAAAGGGGATGGGTAGAACAAGA -3'
       rG4seq-K ---------------------------**---------",TINF2|ENSG00000092330.16_4,ENST00000267415.11_1;ENST00000399423.8_1;ENST00000557915.1_1;ENST00000558566.1_4;ENST00000558703.1_1;ENST00000559969.6_4;ENST00000560019.5_4;ENST00000626689.2_4;ENST00000646753.1_1,3UTR;CDS
chr14,34903924,34903929,canonical/G3L1-7,946,-,chr14:34903925-34903945:-,False,"            5'- GGGTAGGGGTATGGGGAGGGAAGATATTTT -3'
       rG4seq-K ----------------**-**---------",EGLN3|ENSG00000129521.13_3;SPTSSA|ENSG00000165389.6_3,ENST00000298130.4_1;ENST00000551935.5_1,3UTR;non_coding
chr14,39900866,39900867,bulges,19,-,chr14:39900867-39900904:-,False,"            5'- GGGGACGGAGGTGGCGCGGACACCGGGACTGGAGGGGAGGAAGTCGA -3'
       rG4seq-K -------------------------------------*---------",FBXO33|ENSG00000165355.7_3,ENST00000298097.7_1;ENST00000554190.1_1,CDS
chr14,45603680,45603682,G>=40%,78,-,chr14:45603680-45603740:-,False,"            5'- GTGGCCCCGCCCCGCCCTAGGGGGCGGGGCGATGCCGAACTGCGGCGGGCTGGCTCAGTAAAGCGGAGGC -3'
       rG4seq-K ----------------------------------------------------------**----------",FKBP3|ENSG00000100442.10_2,ENST00000216330.7_1;ENST00000396062.3_1;ENST00000557324.5_1,5UTR
chr14,51371983,51371984,potential G-triplex & G>=40%,244,-,chr14:51371983-51372043:-,False,"            5'- GTTTTTGTTTTGTTAGCTAATAATCTATAATAGTTGAGTATCTCTGGGAATGGGGAGGGAAATTATATGT -3'
       rG4seq-K -----------------------------------------------------------*----------",PYGL|ENSG00000100504.16_2,ENST00000216392.7_1;ENST00000532462.5_1;ENST00000544180.6_1,3UTR
chr14,53341960,53341961,potential G-triplex & G>=40%,266,-,chr14:53341960-53342020:-,False,"            5'- ACAAAGAAGTTGATGAAGTTGATGCTGCCCTTTCAGACCTGGAGATTACTCTGGAAGGGGGTAAAACGTC -3'
       rG4seq-K -----------------------------------------------------------*----------",FERMT2|ENSG00000073712.14_5,ENST00000341590.7_3;ENST00000343279.8_3;ENST00000395631.6_3;ENST00000399304.7_1;ENST00000553373.5_3;ENST00000554152.5_3;ENST00000635305.1_1,CDS
chr14,55407218,55407219,two-quartet,47,-,chr14:55407219-55407247:-,False,"            5'- GGCAGTGTACTGGGGGTGGGAGGGAAGGAAACAATCAC -3'
       rG4seq-K ----------------------------*---------",WDHD1|ENSG00000198554.11_5,ENST00000360586.7_1,3UTR
chr14,61190811,61190813,bulges,23,-,chr14:61190812-61190841:-,False,"            5'- GGAAAAGAGTGCGAGGGAGTGAGGGAGGGAGGAAAATAA -3'
       rG4seq-K ----------------------------**---------",SIX4|ENSG00000100625.8_3,ENST00000216513.4_1;ENST00000556952.3_2,5UTR
chr14,61447698,61447699,potential G-quadruplex & G>=40%,70,-,chr14:61447698-61447758:-,False,"            5'- CGGTACCGGAGCGGGAGGTGAGGGGTCGGCTCGCGGATCCAGCTGCAGAGCGACGTGGGGAATTGGAATG -3'
       rG4seq-K -----------------------------------------------------------*----------",TRMT5|ENSG00000126814.6_4,ENST00000261249.6_1;ENST00000553903.1_1;ENST00000555420.1_2,5UTR;CDS
chr14,63839356,63839357,canonical/G3L1-7,53,-,chr14:63839357-63839383:-,False,"            5'- GGGGATGAGGGTGGGATGGGAAAGGGATGTATGGAT -3'
       rG4seq-K --------------------------*---------",PPP2R5E|ENSG00000154001.13_3,ENST00000337537.7_2,3UTR
chr14,63839362,63839364,canonical/G3L1-7,23,-,chr14:63839363-63839383:-,False,"            5'- GGGGATGAGGGTGGGATGGGAAAGGGATGT -3'
       rG4seq-K -------------------**---------",PPP2R5E|ENSG00000154001.13_3,ENST00000337537.7_2,3UTR
chr14,64064519,64064523,bulges,48,-,chr14:64064520-64064549:-,False,"            5'- GATCTGGTAGGGGCGGGGAAATGAGGGGGAAGAAACAAA -3'
       rG4seq-K --------------------------****---------",WDR89|ENSG00000140006.11_3,ENST00000394942.2_2;ENST00000620954.1_1,3UTR
chr14,65542417,65542419,canonical/G3L1-7,124,-,chr14:65542418-65542437:-,False,"            5'- GGGGTTGGGACAGGGAGGGTGTTTTGGGT -3'
       rG4seq-K ------------------**---------",MAX|ENSG00000125952.18_3,ENST00000284165.10_1;ENST00000341653.6_1;ENST00000358402.8_2;ENST00000358664.8_2;ENST00000394606.6_1;ENST00000555932.5_1;ENST00000618858.4_1,3UTR
chr14,68117957,68117958,two-quartet,300,-,chr14:68117958-68117977:-,False,"            5'- GGCTGTGGGAGGAGGGAGGAAAGATGAAA -3'
       rG4seq-K -------------------*---------",VTI1B|ENSG00000100568.10_4,ENST00000554636.1_2;ENST00000554659.5_1,3UTR
chr14,68117960,68117961,two-quartet,264,-,chr14:68117958-68117977:-,False,"            5'- GGCTGTGGGAGGAGGGAGGAAAGATGAAA -3'
       rG4seq-K ----------------*------------",VTI1B|ENSG00000100568.10_4,ENST00000554636.1_2;ENST00000554659.5_1,3UTR
chr14,69341127,69341130,bulges,341,-,chr14:69341128-69341151:-,False,"            5'- GGTGTGGGAGTCGGGGTAGGGGGTACTCTTGTC -3'
       rG4seq-K ---------------------*-*---------",ACTN1|ENSG00000072110.13_4,ENST00000193403.10_4;ENST00000394419.8_4;ENST00000553882.1_1;ENST00000556083.1_1,3UTR
chr14,69518945,69518947,bulges,20,-,chr14:69518946-69518972:-,False,"            5'- GAATTCAGGCACTGGGGGTGGGGGGGTTATTTATAA -3'
       rG4seq-K -------------------------**---------",DCAF5|ENSG00000139990.17_3,ENST00000341516.9_1;ENST00000554215.5_1,3UTR
chr14,69847220,69847227,canonical/G3L1-7,959,-,chr14:69847221-69847238:-,False,"            5'- GGGGGGGTTGGGGTGGGCTTGGAACAC -3'
       rG4seq-K -----------***-***---------",ERH|ENSG00000100632.10_2,ENST00000216520.6_1;ENST00000557016.5_1,3UTR
chr14,75558134,75558135,bulges,55,-,chr14:75558133-75558161:-,False,"            5'- GGAGGAGGCGGCGGGGGCGGCGGTGGTGAAGAAGAGGA -3'
       rG4seq-K --------------------------*-----------",NEK9|ENSG00000119638.12_3,ENST00000238616.9_1;ENST00000555405.5_1;ENST00000556170.5_1;ENST00000557026.5_1,CDS
chr14,76425241,76425243,bulges,27,-,chr14:76425242-76425265:-,False,"            5'- GGGGATGGGGATAGAGGAAAGGGATGGTAAGTT -3'
       rG4seq-K ----------------------**---------",TGFB3|ENSG00000119699.7_2,ENST00000238682.7_1;ENST00000554980.5_1,3UTR
chr14,77491101,77491104,potential G-quadruplex & G>=40%,118,-,chr14:77491101-77491161:-,False,"            5'- AAAATGGTAAGGGGGTGTCGGGGGGGATGGGGTGTATTTTGTTGCAAGTTTGTGAGGGGAAAATGTTTTG -3'
       rG4seq-K ---------------------------------------------------------***----------",IRF2BPL|ENSG00000119669.4_2,ENST00000238647.4_1,3UTR
chr14,77491128,77491131,canonical/G3L1-7,52,-,chr14:77491129-77491151:-,False,"            5'- GGGGGTGTCGGGGGGGATGGGGTGTATTTTGT -3'
       rG4seq-K --------------------***---------",IRF2BPL|ENSG00000119669.4_2,ENST00000238647.4_1,3UTR
chr14,77742237,77742239,two-quartet,16,-,chr14:77742238-77742253:-,False,"            5'- GGGTGGTGGGGAGGGAAGCTTCTGG -3'
       rG4seq-K --------------**---------",POMT2|ENSG00000009830.11_5,ENST00000261534.8_1;ENST00000452340.7_1;ENST00000554767.5_1,3UTR
chr14,77743438,77743439,canonical/G3L1-7,15,-,chr14:77743439-77743465:-,False,"            5'- GGGGAGGATGGGTGCCAGAGGGTGGGAGTGGGTGCG -3'
       rG4seq-K --------------------------*---------",POMT2|ENSG00000009830.11_5,ENST00000261534.8_1;ENST00000452340.7_1;ENST00000554767.5_1;ENST00000556394.1_3;ENST00000602717.5_1,3UTR;CDS
chr14,77802965,77802968,longloop,21,-,chr14:77802966-77802998:-,False,"            5'- GGGGGCAAAGGGTAGGAGTATGGGGGGAGGGGAGAGCAAACC -3'
       rG4seq-K ------------------------------***---------",TMED8|ENSG00000100580.7_2,ENST00000216468.7_1,3UTR
chr14,81297625,81297627,bulges,32,-,"chr14:81302548-81302572:-,chr14:81297626-81297638:-",True,"            5'- GGGAGGACTGGAGATTTAGGAGAGGGGTTGAGCGGGAAAAACAGGA -3'
       rG4seq-K -----------------------------------**---------",CEP128|ENSG00000100629.16_5,ENST00000216517.10_3;ENST00000281129.7_3;ENST00000554502.5_1;ENST00000554827.5_3;ENST00000555265.5_3,CDS
chr14,81645438,81645440,longloop,73,-,chr14:81645439-81645469:-,False,"            5'- GGGAAAATTTGGGGGGAAGAGGTGGGTGGGCCACTAAGTT -3'
       rG4seq-K -----------------------------**---------",GTF2A1|ENSG00000165417.11_2,ENST00000553612.5_1,3UTR
chr14,81646341,81646342,canonical/G3L1-7,92,-,chr14:81646341-81646366:-,False,"            5'- GGGTTTTTGGGTGGGAGGGTTGGGGTTTTGTGTAG -3'
       rG4seq-K ------------------------*----------",GTF2A1|ENSG00000165417.11_2,ENST00000553612.5_1,3UTR
chr14,81646346,81646347,canonical/G3L1-7,7,-,chr14:81646347-81646366:-,False,"            5'- GGGTTTTTGGGTGGGAGGGTTGGGGTTTT -3'
       rG4seq-K -------------------*---------",GTF2A1|ENSG00000165417.11_2,ENST00000553612.5_1,3UTR
chr14,89625197,89625199,canonical/G3L1-7,18,-,chr14:89625198-89625224:-,False,"            5'- GGGGCAGGGGGGAGGGGGAAACGGGGAACTATAGCA -3'
       rG4seq-K -------------------------**---------",FOXN3|ENSG00000053254.15_4,ENST00000345097.8_2;ENST00000557572.1_1,3UTR
chr14,92302629,92302630,canonical/G3L1-7,31,-,chr14:92302629-92302651:-,False,"            5'- GGGCGGCGGGACCCGGGCGGGGAAAGGCGCGG -3'
       rG4seq-K ---------------------*----------",TC2N|ENSG00000165929.12_3,ENST00000340892.9_1;ENST00000360594.9_1;ENST00000435962.6_1;ENST00000556018.5_1,5UTR
chr14,92302832,92302835,canonical/G3L1-7,26,-,chr14:92302833-92302858:-,False,"            5'- GGGGAGGGAAGTGGAGGGGAGGGGGTAAGTGATAG -3'
       rG4seq-K -----------------------***---------",TC2N|ENSG00000165929.12_3,ENST00000435962.6_1;ENST00000556018.5_1,5UTR
chr14,94521735,94521736,canonical/G3L1-7,25,-,chr14:94521736-94521756:-,False,"            5'- GGGTCAGGGGCATGGGAGGGAAGAGCCTAC -3'
       rG4seq-K --------------------*---------",DDX24|ENSG00000089737.16_3,ENST00000330836.9_1;ENST00000544005.5_1;ENST00000553451.1_1;ENST00000555054.1_3;ENST00000555762.1_1;ENST00000621632.4_3;ENST00000622786.4_1;ENST00000640432.1_1,non_coding
chr14,103986349,103986350,bulges,353,-,"chr14:103986458-103986459:-,chr14:103986351-103986379:-",True,"            5'- GGCGGTGTGGACACGGCTGCGGTGGGCGGGGTCTTCGAC -3'
       rG4seq-K ------------------------------*--------",CKB|ENSG00000166165.12_3,ENST00000348956.6_1;ENST00000553528.5_1;ENST00000553610.5_2;ENST00000553652.5_1;ENST00000554282.5_1;ENST00000554989.1_2;ENST00000555039.1_2,3UTR;CDS
chr14,104181785,104181787,bulges,16,-,chr14:104181786-104181828:-,False,"            5'- GGCGCCTATTGGAGGAGAAGGCCGAGAGGAGCAGGACGGCGGGAAGAGGAGT -3'
       rG4seq-K -----------------------------------------**---------",XRCC3|ENSG00000126215.13_3,ENST00000352127.11_1;ENST00000553332.5_1;ENST00000553361.5_2;ENST00000554974.5_1;ENST00000555055.5_1;ENST00000555231.5_1;ENST00000555964.5_1;ENST00000556682.5_1;ENST00000557439.5_1,5UTR
chr14,105236075,105236076,longloop,195,-,chr14:105236076-105236105:-,False,"            5'- GGGGGATGGGCCAGGGTTTACCCAGTGGGACAGAGGAGC -3'
       rG4seq-K -----------------------------*---------",AKT1|ENSG00000142208.16_4,ENST00000349310.7_1;ENST00000402615.6_1;ENST00000407796.6_1;ENST00000553506.5_1;ENST00000554581.5_1;ENST00000555458.5_2;ENST00000555528.5_1;ENST00000557552.1_1;ENST00000610370.1_1;ENST00000649815.1_1,3UTR
chr14,105236088,105236089,canonical/G3L1-7,155,-,chr14:105236089-105236110:-,False,"            5'- GGGATGGGGGATGGGCCAGGGTTTACCCAGT -3'
       rG4seq-K ---------------------*---------",AKT1|ENSG00000142208.16_4,ENST00000349310.7_1;ENST00000402615.6_1;ENST00000407796.6_1;ENST00000553506.5_1;ENST00000554581.5_1;ENST00000555458.5_2;ENST00000555528.5_1;ENST00000557552.1_1;ENST00000610370.1_1;ENST00000649815.1_1,3UTR
chr14,105236094,105236095,canonical/G3L1-7,101,-,chr14:105236095-105236117:-,False,"            5'- GGGACCAGGGATGGGGGATGGGCCAGGGTTTA -3'
       rG4seq-K ----------------------*---------",AKT1|ENSG00000142208.16_4,ENST00000349310.7_1;ENST00000402615.6_1;ENST00000407796.6_1;ENST00000553506.5_1;ENST00000554581.5_1;ENST00000555458.5_2;ENST00000555528.5_1;ENST00000557552.1_1;ENST00000610370.1_1;ENST00000649815.1_1,3UTR
chr15,31667070,31667075,canonical/G3L1-7,13,+,chr15:31667053-31667073:+,False,"            5'- GGGCGGGGGGTGGGGGAGGGAAGCGGGTGT -3'
       rG4seq-K -----------------*-***--------",KLF13|ENSG00000169926.10_3,ENST00000307145.3_2;ENST00000558921.1_1,3UTR
chr15,31667079,31667081,canonical/G3L1-7,42,+,chr15:31667053-31667080:+,False,"            5'- GGGCGGGGGGTGGGGGAGGGAAGCGGGTGTTGGCTGT -3'
       rG4seq-K --------------------------**---------",KLF13|ENSG00000169926.10_3,ENST00000307145.3_2;ENST00000558921.1_1,3UTR
chr15,34397453,34397454,bulges,16,+,chr15:34397428-34397454:+,False,"            5'- GGTTGTATTGGGGAGGAGGGCAGGGGTTGATTGCTG -3'
       rG4seq-K -------------------------*----------",PGBD4|ENSG00000182405.5_2,ENST00000397766.3_1,3UTR
chr15,38776834,38776836,bulges,15,+,chr15:38776800-38776838:+,False,"            5'- GGAGGAGGTGGTGGTGGTGGTGGTGGTGGTGGTGGAGG -3'
       rG4seq-K ----------------------------------**--",FAM98B|ENSG00000171262.11_3,ENST00000397609.6_2;ENST00000559431.1_1,CDS
chr15,38776841,38776842,bulges,34,+,chr15:38776803-38776844:+,False,"            5'- GGAGGTGGTGGTGGTGGTGGTGGTGGTGGTGGAGGAGGTGGATATAGAAGA -3'
       rG4seq-K --------------------------------------*------------",FAM98B|ENSG00000171262.11_3,ENST00000397609.6_2;ENST00000559431.1_1,CDS
chr15,40616989,40616991,canonical/G3L1-7,13,+,chr15:40616967-40616990:+,False,"            5'- GGGGGATGGGGGGAGGGGTGGGGAGATCCCGGC -3'
       rG4seq-K ----------------------**---------",INAFM2|ENSG00000259330.2_2,ENST00000638170.1_1,3UTR
chr15,40758665,40758667,canonical/G3L1-7,9,+,chr15:40758644-40758666:+,False,"            5'- GGGTGGGGGCGGGAAGGAGGGGCAAGGTCTTT -3'
       rG4seq-K ---------------------**---------",BAHD1|ENSG00000140320.11_4,ENST00000416165.5_2;ENST00000560846.1_3;ENST00000561234.5_3,3UTR
chr15,40759118,40759121,canonical/G3L1-7,13,+,chr15:40759097-40759120:+,False,"            5'- GGGAGAGGGTTGGGGGCAGGGGGCAAGGAAAAT -3'
       rG4seq-K ---------------------***---------",BAHD1|ENSG00000140320.11_4,ENST00000416165.5_2;ENST00000560846.1_3;ENST00000561234.5_3,3UTR
chr15,40763520,40763521,canonical/G3L1-7,20,+,chr15:40763492-40763520:+,False,"            5'- GGGCAGGGCCCGGGCGGGGCTGGGTGGGCCGCCCCTGC -3'
       rG4seq-K ----------------------------*---------",CHST14|ENSG00000169105.7_2,ENST00000306243.6_1;ENST00000559991.1_1,CDS
chr15,41591143,41591144,two-quartet,151,+,chr15:41591122-41591146:+,False,"            5'- GGAGTTGGGGGCAGAGGGGGGAGGATGAGAGAAT -3'
       rG4seq-K ---------------------*------------",AC087721.2|ENSG00000285920.1_1;OIP5-AS1|ENSG00000247556.6_3,ENST00000500949.6_1;ENST00000501665.2_1;ENST00000649527.1_1,non_coding
chr15,41773453,41773455,two-quartet,40,+,chr15:41773442-41773454:+,False,"            5'- GGGGGGGGGGGGTCTAATTTGA -3'
       rG4seq-K -----------**---------",RTF1|ENSG00000137815.14_2,ENST00000389629.8_1,3UTR
chr15,42005651,42005653,two-quartet,37,+,chr15:42005623-42005652:+,False,"            5'- GGAGGAAGAAGGAATCAGGGAGGAGGAGGAACAATTGAA -3'
       rG4seq-K ----------------------------**---------",MGA|ENSG00000174197.16_1,ENST00000219905.11_1;ENST00000545763.5_1;ENST00000563576.5_1;ENST00000566586.5_1;ENST00000570161.5_1,CDS
chr15,44063649,44063650,potential G-quadruplex & G>=40%,231,+,chr15:44063590-44063650:+,False,"            5'- TGGAAATACCAGGACCAGTTTATGTTTGTGGTTTTGGGAAAAATTATTTGTGTTGGGGGAAATGTTGTGG -3'
       rG4seq-K -----------------------------------------------------------*----------",PDIA3|ENSG00000167004.12_2,ENST00000300289.9_1;ENST00000434494.5_1;ENST00000497349.1_1,3UTR
chr15,44063666,44063672,two-quartet,210,+,chr15:44063644-44063668:+,False,"            5'- GGGGGAAATGTTGTGGGGGTGGGGTTGAGTTGGG -3'
       rG4seq-K ----------------------***-**------",PDIA3|ENSG00000167004.12_2,ENST00000300289.9_1;ENST00000434494.5_1;ENST00000497349.1_1,3UTR
chr15,44063678,44063681,longloop,530,+,chr15:44063644-44063678:+,False,"            5'- GGGGGAAATGTTGTGGGGGTGGGGTTGAGTTGGGGGTATTTTCT -3'
       rG4seq-K ----------------------------------***-------",PDIA3|ENSG00000167004.12_2,ENST00000300289.9_1;ENST00000434494.5_1;ENST00000497349.1_1,3UTR
chr15,44085308,44085309,canonical/G3L1-7,20,+,chr15:44085290-44085308:+,False,"            5'- GGGAGGGGAGGGAAAGGGACGGTGGAGA -3'
       rG4seq-K ------------------*---------",SERF2|ENSG00000140264.19_5,ENST00000249786.8_4;ENST00000339624.9_4;ENST00000381359.5_4;ENST00000402131.5_1;ENST00000403425.5_1;ENST00000409291.5_1;ENST00000409614.1_1;ENST00000409617.5_1;ENST00000409646.5_1;ENST00000409960.6_1;ENST00000430901.1_2;ENST00000445816.5_1;ENST00000448830.1_1;ENST00000475927.5_1;ENST00000486144.1_1;ENST00000630046.2_1,non_coding
chr15,44707516,44707517,two-quartet,126,+,chr15:44707498-44707516:+,False,"            5'- GGGGGCATTAGGGTAGGGAGATGAATCA -3'
       rG4seq-K ------------------*---------",CASC4|ENSG00000166734.19_4,ENST00000299957.10_1;ENST00000345795.6_1;ENST00000650436.1_1,3UTR
chr15,44820355,44820359,bulges,32,+,chr15:44820342-44820359:+,False,"            5'- GGGTGGGGCGGCGGGGGAGAGAGCGAC -3'
       rG4seq-K -------------****----------",CTDSPL2|ENSG00000137770.13_2,ENST00000260327.8_1,3UTR
chr15,50654017,50654018,bulges,23,+,chr15:50653997-50654017:+,False,"            5'- GGGAAGGGTTGTGGGAGTGGATTTCTCATG -3'
       rG4seq-K --------------------*---------",GABPB1-AS1|ENSG00000244879.7_6,ENST00000499624.3_1;ENST00000558593.1_1;ENST00000648591.1_1,non_coding
chr15,51296799,51296802,longloop,38,+,chr15:51296765-51296801:+,False,"            5'- GGGTGGGAGACATGTAATGGTAGATTTAGGGCTGGGAGCATGATTT -3'
       rG4seq-K ----------------------------------***---------",AP4E1|ENSG00000081014.10_3,ENST00000261842.9_1;ENST00000560508.1_1,3UTR
chr15,52121907,52121909,bulges,49,+,chr15:52121888-52121908:+,False,"            5'- GGGAGCTGCTGGCGGGTGGGTCTGGCAACT -3'
       rG4seq-K -------------------**---------",TMOD3|ENSG00000138594.13_3,ENST00000308580.11_1;ENST00000558455.1_3,5UTR
chr15,63559274,63559275,two-quartet,20,+,chr15:63559256-63559277:+,False,"            5'- GGGGGGCACAGGGGTGGGTGGAAAGGAATGT -3'
       rG4seq-K ------------------*------------",RAB8B|ENSG00000166128.12_2,ENST00000321437.8_1,3UTR
chr15,64388342,64388343,potential G-quadruplex & G>=40%,156,+,chr15:64388283-64388343:+,False,"            5'- GTCCGAGGGGGCGGCCGGGGGATCAGAACCCGAGGCTGGGGACAGCGACACCGAGGGGGAGGACATTTTC -3'
       rG4seq-K -----------------------------------------------------------*----------",SNX1|ENSG00000028528.14_3,ENST00000261889.9_1;ENST00000380285.7_1;ENST00000558040.5_2;ENST00000559061.5_1;ENST00000559389.1_1;ENST00000559844.5_1;ENST00000560260.5_1;ENST00000560829.5_1;ENST00000561026.5_1;ENST00000625244.2_1,CDS
chr15,64680089,64680091,bulges,43,+,chr15:64680055-64680090:+,False,"            5'- GGGGAAGATGGCGGTGGCTGGGGCGGTGTCCGGGGAGCCGCTGGT -3'
       rG4seq-K ----------------------------------**---------",TRIP4|ENSG00000103671.9_3,ENST00000261884.7_1;ENST00000557834.5_1;ENST00000558442.1_1;ENST00000558820.5_1;ENST00000559565.5_1;ENST00000559833.5_1;ENST00000560567.5_1;ENST00000560920.6_1,5UTR;CDS
chr15,65822816,65822817,G>=40%,80,+,chr15:65822757-65822817:+,False,"            5'- CTCGCGCCAAGGCCCGCTGCTGGCGCCGCCGCCATCCCGGCGCGTCACTGCGCAGGCGCGGCCCGCGAGC -3'
       rG4seq-K -----------------------------------------------------------*----------",HACD3|ENSG00000074696.12_2,ENST00000261875.9_1;ENST00000562901.5_1,5UTR
chr15,66679498,66679501,canonical/G3L1-7,68,+,chr15:66679483-66679501:+,False,"            5'- GGGCGGGTGGGGCGGGGGTCCACTGAGA -3'
       rG4seq-K ---------------***----------",MAP2K1|ENSG00000169032.9_2,ENST00000307102.9_1;ENST00000425818.2_1,5UTR
chr15,66797687,66797689,bulges,158,+,chr15:66797668-66797691:+,False,"            5'- GGGGCGGGATGTGGGAGCGGCTGAACTGCGCAG -3'
       rG4seq-K -------------------**------------",ZWILCH|ENSG00000174442.11_3,ENST00000307897.9_1;ENST00000446801.6_1;ENST00000535141.6_1;ENST00000563698.5_1;ENST00000564179.5_1;ENST00000564309.5_1;ENST00000565627.5_1;ENST00000565960.1_1;ENST00000567926.5_1;ENST00000613446.4_1,5UTR;CDS
chr15,67482908,67482911,bulges,82,+,chr15:67482883-67482910:+,False,"            5'- GTATGGTAGGGGAGGGCAGGCTTGGGGAAAATGGCCA -3'
       rG4seq-K -------------------------***---------",SMAD3|ENSG00000166949.15_3,ENST00000327367.8_1;ENST00000439724.7_1;ENST00000537194.6_1;ENST00000540846.6_1;ENST00000558763.1_1;ENST00000560402.1_1;ENST00000560424.1_1,3UTR
chr15,67483450,67483452,canonical/G3L1-7,52,+,chr15:67483434-67483451:+,False,"            5'- GGGATGGGGAGGGAGGGAGTTTTGTCT -3'
       rG4seq-K ----------------**---------",SMAD3|ENSG00000166949.15_3,ENST00000327367.8_1;ENST00000558763.1_1;ENST00000560402.1_1,3UTR
chr15,68480620,68480622,two-quartet,54,+,chr15:68480605-68480622:+,False,"            5'- GGGGAGGGGGTCGGGGGATAGTTTGAT -3'
       rG4seq-K ---------------**----------",PIAS1|ENSG00000033800.13_2,ENST00000249636.10_1;ENST00000563996.1_1,3UTR
chr15,68586959,68586960,two-quartet,34,+,chr15:68586940-68586959:+,False,"            5'- GGAATGGGGTGGGATGAGGAGTGAGTTGC -3'
       rG4seq-K -------------------*---------",FEM1B|ENSG00000169018.5_2,ENST00000306917.4_1,3UTR
chr15,72767254,72767257,two-quartet,27,+,chr15:72767226-72767256:+,False,"            5'- GGCGGCGGCGGTGGTGGTGGCGGGCCGGGGCATGAGCAGG -3'
       rG4seq-K ----------------------------***---------",ARIH1|ENSG00000166233.14_3,ENST00000379887.8_2;ENST00000564062.1_3;ENST00000570085.5_1,CDS
chr15,72878717,72878719,canonical/G3L1-7,66,+,chr15:72878698-72878718:+,False,"            5'- GGGGGATGGGATGGGGTGGGTTGGTGAGAC -3'
       rG4seq-K -------------------**---------",ARIH1|ENSG00000166233.14_3,ENST00000379887.8_2;ENST00000563310.1_1,3UTR
chr15,75190211,75190212,bulges,68,+,chr15:75190194-75190211:+,False,"            5'- GGGGTGGGGGAGGAGGGAGCGTGAAGG -3'
       rG4seq-K -----------------*---------",MPI|ENSG00000178802.17_4,ENST00000323744.10_1;ENST00000352410.8_1;ENST00000535694.5_1;ENST00000563786.5_2;ENST00000566377.5_1;ENST00000566556.1_1;ENST00000567177.1_4,3UTR
chr15,75630523,75630525,canonical/G3L1-7,12,+,chr15:75630497-75630525:+,False,"            5'- GGGTGGAGGAGGGGTGTTGGGGGTGGGGATTGTGGGTG -3'
       rG4seq-K --------------------------**----------",COMMD4|ENSG00000140365.15_3,ENST00000267935.12_1;ENST00000338995.10_1;ENST00000480484.5_1;ENST00000561662.1_1;ENST00000562610.5_1;ENST00000562789.5_1;ENST00000563220.1_1;ENST00000564068.1_1;ENST00000564587.5_1;ENST00000564815.5_2;ENST00000565517.5_1;ENST00000565834.1_1;ENST00000566230.5_1;ENST00000566843.1_1;ENST00000567023.5_1;ENST00000567195.5_1;ENST00000567377.5_1;ENST00000567399.5_1;ENST00000567720.5_1;ENST00000568034.1_1;ENST00000568301.1_2;ENST00000568877.5_1,non_coding
chr15,75949664,75949665,bulges,12,+,chr15:75949643-75949666:+,False,"            5'- GGGGGAGGGGTCAGCGGTGGGGGAGATAAGCGG -3'
       rG4seq-K ---------------------*-----------",SNX33|ENSG00000173548.8_2,ENST00000308527.5_1;ENST00000569152.1_1,3UTR
chr15,79165309,79165315,bulges,41,+,chr15:79165288-79165316:+,False,"            5'- GGGTGGGGTAGAGAGTAGGGGGCGGTAGTCGGGGGTGG -3'
       rG4seq-K ---------------------***-**-----------",MORF4L1|ENSG00000185787.14_4,ENST00000331268.9_2;ENST00000379535.8_1;ENST00000426013.6_2;ENST00000557961.5_1;ENST00000558746.5_1;ENST00000558893.5_1;ENST00000559697.5_1;ENST00000559930.5_1,5UTR
chr15,79165320,79165323,bulges,140,+,chr15:79165293-79165323:+,False,"            5'- GGGTAGAGAGTAGGGGGCGGTAGTCGGGGGTGGTGGGAGA -3'
       rG4seq-K ---------------------------***----------",MORF4L1|ENSG00000185787.14_4,ENST00000331268.9_2;ENST00000379535.8_1;ENST00000426013.6_2;ENST00000557961.5_1;ENST00000558746.5_1;ENST00000558830.5_1;ENST00000558893.5_1;ENST00000559697.5_1;ENST00000559930.5_1,5UTR
chr15,79165326,79165327,potential G-quadruplex & G>=40%,240,+,chr15:79165267-79165327:+,False,"            5'- CGGCGCGTCTGACGCGGAGTTGGGTGGGGTAGAGAGTAGGGGGCGGTAGTCGGGGGTGGTGGGAGAAGGA -3'
       rG4seq-K -----------------------------------------------------------*----------",MORF4L1|ENSG00000185787.14_4,ENST00000331268.9_2;ENST00000379535.8_1;ENST00000426013.6_2;ENST00000557961.5_1;ENST00000558522.5_1;ENST00000558746.5_1;ENST00000558830.5_1;ENST00000558893.5_1;ENST00000559697.5_1;ENST00000559930.5_1,5UTR
chr15,79165329,79165331,bulges,492,+,chr15:79165305-79165330:+,False,"            5'- GGGGGCGGTAGTCGGGGGTGGTGGGAGAAGGAGGA -3'
       rG4seq-K ------------------------**---------",MORF4L1|ENSG00000185787.14_4,ENST00000331268.9_2;ENST00000379535.8_1;ENST00000426013.6_2;ENST00000557961.5_1;ENST00000558522.5_1;ENST00000558746.5_1;ENST00000558830.5_1;ENST00000558893.5_1;ENST00000559619.5_1;ENST00000559697.5_1;ENST00000559930.5_1,5UTR
chr15,79165345,79165346,bulges,1002,+,chr15:79165308-79165347:+,False,"            5'- GGCGGTAGTCGGGGGTGGTGGGAGAAGGAGGAGGCGGCGAATCACTTAT -3'
       rG4seq-K -------------------------------------*-----------",MORF4L1|ENSG00000185787.14_4,ENST00000331268.9_2;ENST00000379535.8_1;ENST00000426013.6_2;ENST00000557961.5_1;ENST00000558522.5_1;ENST00000558746.5_1;ENST00000558830.5_1;ENST00000558893.5_1;ENST00000559345.5_1;ENST00000559619.5_1;ENST00000559697.5_1;ENST00000559930.5_1,5UTR
chr15,79603451,79603452,potential G-quadruplex & G>=40%,20,+,chr15:79603392-79603452:+,False,"            5'- GCAGCGGGCGGAAGGTGCCCGGGCCCACTTTGAGCGCGCGGCTGCGCACTGAGCCGCCGGCCCTCCCGGA -3'
       rG4seq-K -----------------------------------------------------------*----------",TMED3|ENSG00000166557.12_3,ENST00000299705.9_1,5UTR
chr15,86291261,86291262,potential G-quadruplex & G>=40%,36,+,chr15:86291202-86291262:+,False,"            5'- GGAGGTGTTAGTGCATGCAAGGGTTGAACTAGATAGACCCTGCCTTAGTAGAGGGTGGGACTATAACCTT -3'
       rG4seq-K -----------------------------------------------------------*----------",AKAP13|ENSG00000170776.21_5,ENST00000394510.6_4;ENST00000394518.6_1;ENST00000560185.1_1,3UTR
chr15,86291887,86291890,two-quartet,20,+,chr15:86291875-86291892:+,False,"            5'- GGGAGGCGGGGGGGAGGAAGGGAAAAT -3'
       rG4seq-K ------------***------------",AKAP13|ENSG00000170776.21_5,ENST00000394510.6_4;ENST00000394518.6_1;ENST00000560185.1_1,3UTR
chr15,86291897,86291898,canonical/G3L1-7,46,+,chr15:86291875-86291897:+,False,"            5'- GGGAGGCGGGGGGGAGGAAGGGAAAATAAAGG -3'
       rG4seq-K ----------------------*---------",AKAP13|ENSG00000170776.21_5,ENST00000394510.6_4;ENST00000394518.6_1;ENST00000560185.1_1,3UTR
chr15,86292288,86292290,longloop,31,+,chr15:86292244-86292289:+,False,"            5'- GGGATGCGCAGGGGAGGCGTGGGGATCCGCAGGAGGGTGGTTGGGATACACCGGA -3'
       rG4seq-K --------------------------------------------**---------",AKAP13|ENSG00000170776.21_5,ENST00000394510.6_4;ENST00000394518.6_1;ENST00000560185.1_1,3UTR
chr15,89173936,89173937,two-quartet,70,+,chr15:89173920-89173938:+,False,"            5'- GGGGATGGTGGGTGGGGGTGTCAATATC -3'
       rG4seq-K ----------------*-----------",AEN|ENSG00000181026.14_2,ENST00000332810.3_1;ENST00000557927.1_1,3UTR
chr15,89174496,89174497,potential G-quadruplex & G>=40%,82,+,chr15:89174437-89174497:+,False,"            5'- CAGCAGGGCCACTCGTCTAGGGCAGTGGAGTCTGCGTGTCTCCTGGGGCTGGGGCAGGGCATTGGCAGTT -3'
       rG4seq-K -----------------------------------------------------------*----------",AEN|ENSG00000181026.14_2,ENST00000332810.3_1;ENST00000557927.1_1,3UTR
chr15,89742060,89742061,bulges,22,+,chr15:89742030-89742062:+,False,"            5'- GGCTCACGCTGAGGGGACTTGGAGGGAGGGGGCTTCTGCATT -3'
       rG4seq-K ------------------------------*-----------",ABHD2|ENSG00000140526.17_3,ENST00000352732.9_1,3UTR
chr15,89745102,89745105,longloop,85,+,chr15:89745071-89745104:+,False,"            5'- GGGGGCGGGGGACGATGGCGAGAGGGGAGGGGGAGCGAGTTCG -3'
       rG4seq-K -------------------------------*-*---------",ABHD2|ENSG00000140526.17_3,ENST00000352732.9_1,3UTR
chr15,89787240,89787242,two-quartet,114,+,chr15:89787212-89787241:+,False,"            5'- GGAAGTGTGGCGGCGTTGGGTTGAGCGGGCTTTTTGGAA -3'
       rG4seq-K ----------------------------**---------",FANCI|ENSG00000140525.17_4,ENST00000300027.12_4;ENST00000310775.11_4;ENST00000447611.6_1;ENST00000564920.5_1;ENST00000565255.5_1;ENST00000567891.5_1;ENST00000568670.5_1;ENST00000570110.1_1,5UTR
chr15,90321869,90321870,bulges,22,+,chr15:90321845-90321869:+,False,"            5'- GGCAGCTGGGCAGGGACAGGTGGGAGAATGGGTG -3'
       rG4seq-K ------------------------*---------",MESP2|ENSG00000188095.5_3,ENST00000341735.4_2;ENST00000558723.1_1;ENST00000560219.2_1,3UTR
chr15,91186657,91186658,potential G-quadruplex & G>=40%,150,+,chr15:91186598-91186658:+,False,"            5'- ATCACAGTGAAGCCGGGCACTGCATTCTCCTTGGGCTGTGCTCCACGCGGGTGGGTGGGAGCTGTCTTCT -3'
       rG4seq-K -----------------------------------------------------------*----------",CRTC3|ENSG00000140577.15_3,ENST00000420329.6_1,3UTR
chr15,91186964,91186968,longloop,110,+,chr15:91186939-91186968:+,False,"            5'- GGGCAGAGCACTGCAGGGGGAGGGGGGGGTCTAGGCTGT -3'
       rG4seq-K -------------------------****----------",CRTC3|ENSG00000140577.15_3,ENST00000420329.6_1,3UTR
chr15,91187001,91187002,bulges,584,+,chr15:91186980-91187003:+,False,"            5'- GAGGACAGGGTGGAGAGGAGGAGAACCCTGAAG -3'
       rG4seq-K ---------------------*-----------",CRTC3|ENSG00000140577.15_3,ENST00000420329.6_1,3UTR
chr15,91188209,91188210,bulges,172,+,chr15:91188177-91188209:+,False,"            5'- GGGTTTTAGGACATAGGGGGTTAGGAGAAGGGGTTTCTTGAT -3'
       rG4seq-K --------------------------------*---------",CRTC3|ENSG00000140577.15_3,ENST00000420329.6_1,3UTR
chr15,91422048,91422049,canonical/G3L1-7,48,+,chr15:91422024-91422048:+,False,"            5'- GGGCCTCGGGGAACGGGGGCCGGGAACATGACAG -3'
       rG4seq-K ------------------------*---------",FURIN|ENSG00000140564.11_3,ENST00000268171.7_1;ENST00000558794.1_1;ENST00000610579.4_1;ENST00000618099.4_1,CDS
chr15,91425899,91425900,canonical/G3L1-7,48,+,chr15:91425880-91425900:+,False,"            5'- GGGTGGGTGGTGGGGAGGGGCGCTGGCCCA -3'
       rG4seq-K -------------------*----------",FURIN|ENSG00000140564.11_3,ENST00000268171.7_1;ENST00000610579.4_1;ENST00000618099.4_1,3UTR
chr15,91463515,91463516,bulges,49,+,chr15:91463483-91463517:+,False,"            5'- GGATCAGAGTGACTCTGGGAGGACAGGGGTGGGGACCCAGAGTT -3'
       rG4seq-K --------------------------------*-----------",MAN2A2|ENSG00000196547.14_3,ENST00000360468.7_1;ENST00000558161.5_1;ENST00000559704.1_3;ENST00000559717.5_1;ENST00000560451.5_1;ENST00000561448.5_1,3UTR
chr15,93426020,93426022,bulges,26,+,chr15:93425988-93426023:+,False,"            5'- GTGGTGTGTGGGGCGGGGGGAGGAGGAGGAGGGAGTAAAGCCTAG -3'
       rG4seq-K --------------------------------**-----------",LINC01578|ENSG00000272888.6_5,ENST00000553829.1_1;ENST00000557682.6_1,non_coding
chr15,93568446,93568449,longloop,40,+,chr15:93568416-93568448:+,False,"            5'- GGGGAGTGGCGAGTTGGGGCAAGCGGGTGGGGACAAGCATAG -3'
       rG4seq-K ------------------------------***---------",CHD2|ENSG00000173575.20_3,ENST00000394196.8_1;ENST00000625662.2_2,3UTR
chr15,93568555,93568556,bulges,71,+,chr15:93568538-93568557:+,False,"            5'- GGGTGGGGTTGGGGTGGAGAAGTAGAGAG -3'
       rG4seq-K -----------------*-----------",CHD2|ENSG00000173575.20_3,ENST00000394196.8_1;ENST00000625662.2_2,3UTR
chr15,93568797,93568800,canonical/G3L1-7,30,+,chr15:93568776-93568799:+,False,"            5'- GGGGTAGGGTGGGGTAGGTGGGGAGTAGTGTGG -3'
       rG4seq-K ---------------------***---------",CHD2|ENSG00000173575.20_3,ENST00000394196.8_1;ENST00000625662.2_2,3UTR
chr15,99671503,99671506,canonical/G3L1-7,15,+,chr15:99671486-99671505:+,False,"            5'- GGGGCAGGGTGGGCCGGGGAGCGTTTCCG -3'
       rG4seq-K -----------------***---------",SYNM|ENSG00000182253.14_2,ENST00000328642.11_1;ENST00000336292.10_1;ENST00000560674.5_1;ENST00000594047.2_1,CDS
chr15,25683687,25683689,bulges,106,-,chr15:25683686-25683721:-,False,"            5'- GAGGCGGTGGCGGGCGGAGGCGGCGGGCGAGGGCGACTACGACCA -3'
       rG4seq-K --------------------------------**-----------",UBE3A|ENSG00000114062.19_5,ENST00000232165.7_3;ENST00000438097.6_2;ENST00000566215.5_1;ENST00000614096.5_3;ENST00000625681.2_1;ENST00000625778.2_1;ENST00000626793.2_2;ENST00000628267.2_2;ENST00000629252.2_1;ENST00000630424.2_1;ENST00000635914.1_1;ENST00000637886.1_2;ENST00000638011.1_2;ENST00000638155.1_2;ENST00000648336.1_1;ENST00000649550.1_1;ENST00000650110.1_1,5UTR
chr15,25683693,25683695,bulges,66,-,chr15:25683695-25683721:-,False,"            5'- GAGGCGGTGGCGGGCGGAGGCGGCGGGCGAGGGCGA -3'
       rG4seq-K --------------------------**--------",UBE3A|ENSG00000114062.19_5,ENST00000232165.7_3;ENST00000438097.6_2;ENST00000614096.5_3;ENST00000625681.2_1;ENST00000625778.2_1;ENST00000626793.2_2;ENST00000628267.2_2;ENST00000629252.2_1;ENST00000630424.2_1;ENST00000635914.1_1;ENST00000637886.1_2;ENST00000638011.1_2;ENST00000638155.1_2;ENST00000648336.1_1;ENST00000649550.1_1;ENST00000650110.1_1,5UTR
chr15,28420790,28420792,two-quartet,18,-,"chr15:28421573-28421590:-,chr15:28420791-28420802:-",True,"            5'- GGAGTGGTGTGGACATGGGGAAAGGGGGATTACTTCAG -3'
       rG4seq-K ---------------------------**---------",HERC2|ENSG00000128731.16_4,ENST00000261609.11_1;ENST00000650509.1_1,CDS
chr15,34393892,34393894,potential G-quadruplex & G>=40%,1866,-,chr15:34393892-34393952:-,False,"            5'- CTGCTGAGGGATCGGGAGGGAGTGGGGTCGGCATAGGAGATCGCTTCAAGATTGAGGGGCGTGCAGTTGT -3'
       rG4seq-K ----------------------------------------------------------**----------",EMC7|ENSG00000134153.9_5,ENST00000256545.8_1;ENST00000527822.5_1;ENST00000528949.1_3;ENST00000532113.1_1,CDS
chr15,34393924,34393927,canonical/G3L1-7,793,-,chr15:34393925-34393945:-,False,"            5'- GGGATCGGGAGGGAGTGGGGTCGGCATAGG -3'
       rG4seq-K ------------------***---------",EMC7|ENSG00000134153.9_5,ENST00000256545.8_1;ENST00000527822.5_1;ENST00000528949.1_3;ENST00000532113.1_1,CDS
chr15,34393931,34393933,longloop,396,-,chr15:34393932-34393959:-,False,"            5'- GGGGCTGCTGCTGAGGGATCGGGAGGGAGTGGGGTCG -3'
       rG4seq-K --------------------------**---------",EMC7|ENSG00000134153.9_5,ENST00000256545.8_1;ENST00000527822.5_1;ENST00000528949.1_3;ENST00000532113.1_1,CDS
chr15,34635359,34635360,potential G-quadruplex & G>=40%,212,-,chr15:34635359-34635419:-,False,"            5'- AAAAATTGACTACATTTTCCGGAGTGCCAGGAGAGAGAGACTTCCGGTTATGCAGGAAGGAAATTGACGA -3'
       rG4seq-K -----------------------------------------------------------*----------",NOP10|ENSG00000182117.5_2,ENST00000328848.5_1,5UTR
chr15,34652283,34652287,bulges,34,-,chr15:34652282-34652314:-,False,"            5'- GAGGTAATGGGGGGTGGCGGTGGTGGGGGGTGCTTAGTGGCT -3'
       rG4seq-K ---------------------------**-*-----------",LPCAT4|ENSG00000176454.13_3,ENST00000314891.10_1;ENST00000563748.5_1;ENST00000567507.1_2;ENST00000617710.4_1,3UTR;CDS
chr15,35271843,35271845,longloop,96,-,chr15:35271843-35271874:-,False,"            5'- GGGGGGAGGCGGGAGGGATAGTAGGTGGGGGTGATCTGCTT -3'
       rG4seq-K -----------------------------**----------",ZNF770|ENSG00000198146.4_3,ENST00000356321.4_1,3UTR
chr15,35271856,35271860,bulges,58,-,chr15:35271857-35271874:-,False,"            5'- GGGGGGAGGCGGGAGGGATAGTAGGTG -3'
       rG4seq-K --------------****---------",ZNF770|ENSG00000198146.4_3,ENST00000356321.4_1,3UTR
chr15,41028678,41028679,two-quartet,237,-,chr15:41028679-41028697:-,False,"            5'- GGTGGGGGGGCGGGGAGGCTTTTTTCCT -3'
       rG4seq-K ------------------*---------",RMDN3|ENSG00000137824.15_5,ENST00000260385.10_1;ENST00000338376.7_1;ENST00000557831.1_1;ENST00000558232.5_1;ENST00000558777.5_1;ENST00000560588.5_1,3UTR
chr15,41044234,41044235,bulges,48,-,chr15:41044233-41044260:-,False,"            5'- GTGGCGCTGCGGCGGGAGGTGGAGGAGCTGAGAAGCA -3'
       rG4seq-K -------------------------*-----------",RMDN3|ENSG00000137824.15_5,ENST00000260385.10_1;ENST00000338376.7_1;ENST00000558560.1_3;ENST00000558777.5_1;ENST00000560460.5_5;ENST00000560905.1_1,CDS
chr15,41164626,41164627,longloop,140,-,chr15:41164627-41164651:-,False,"            5'- GGGAGGGCGGGGCTGGCCCCTGGGAAGAACTGGG -3'
       rG4seq-K ------------------------*---------",RHOV|ENSG00000104140.6_2,ENST00000220507.4_1,3UTR
chr15,42192807,42192809,longloop,28,-,chr15:42192808-42192837:-,False,"            5'- GGGCTGCAGAACGGGGTGGGAACTGGGGGACCTGGGCCT -3'
       rG4seq-K ----------------------------**---------",EHD4|ENSG00000103966.10_3,ENST00000220325.8_1,3UTR
chr15,42192815,42192818,longloop,15,-,chr15:42192817-42192842:-,False,"            5'- GGGGTGGGCTGCAGAACGGGGTGGGAACTGGGGGA -3'
       rG4seq-K ------------------------***--------",EHD4|ENSG00000103966.10_3,ENST00000220325.8_1,3UTR
chr15,43651234,43651236,bulges,16,-,chr15:43651235-43651254:-,False,"            5'- GGGTGGGTTGAGGAATGGGAAAAAGGGGG -3'
       rG4seq-K ------------------**---------",ZSCAN29|ENSG00000140265.12_2,ENST00000396976.6_1,3UTR
chr15,43825737,43825739,canonical/G3L1-7,24,-,chr15:43825738-43825762:-,False,"            5'- GGGAATGGGAGTGGGTAGGAGGGGTAATGCGGTC -3'
       rG4seq-K -----------------------**---------",PPIP5K1|ENSG00000168781.22_4,ENST00000334933.8_1;ENST00000348806.10_1;ENST00000360135.8_1;ENST00000360301.8_1;ENST00000381879.8_1;ENST00000381885.5_1;ENST00000396923.7_1;ENST00000420765.5_1,3UTR
chr15,49281473,49281475,canonical/G3L1-7,94,-,chr15:49281474-49281495:-,False,"            5'- GGGGGAGGAGGGAGGGGTGGGAATTGAAATG -3'
       rG4seq-K --------------------**---------",SECISBP2L|ENSG00000138593.8_2,ENST00000261847.7_1;ENST00000559471.5_1;ENST00000561428.1_1,3UTR
chr15,55497048,55497050,canonical/G3L1-7,30,-,chr15:55497048-55497069:-,False,"            5'- GGGAAGGGGATTGGGGTGGGGCAGGCTGGCT -3'
       rG4seq-K -------------------**----------",RAB27A|ENSG00000069974.15_3,ENST00000336787.5_1;ENST00000396307.6_1,3UTR
chr15,59041933,59041935,two-quartet,50,-,chr15:59041931-59041943:-,False,"            5'- GGGGGAGGGAGGTCCCTGTTTT -3'
       rG4seq-K --------**------------",ADAM10|ENSG00000137845.14_3,ENST00000260408.7_1;ENST00000439637.5_3;ENST00000558004.1_1;ENST00000558733.5_1;ENST00000560608.5_1,5UTR
chr15,59428948,59428950,canonical/G3L1-7,103,-,chr15:59428949-59428972:-,False,"            5'- GGGGCTGGGGGCTGGGGGCTGGGCTGCTGGCTT -3'
       rG4seq-K ----------------------**---------",MYO1E|ENSG00000157483.8_3,ENST00000288235.8_1;ENST00000559412.1_1,3UTR;CDS
chr15,59428953,59428956,longloop,38,-,chr15:59428954-59429000:-,False,"            5'- GGGACCATCAGGGCCGCCAAGCAGGTCAGGGGCTGGGGGCTGGGGGCTGGGCTGCT -3'
       rG4seq-K --------------------------------------------***---------",MYO1E|ENSG00000157483.8_3,ENST00000288235.8_1;ENST00000559412.1_1,3UTR;CDS
chr15,64979819,64979820,canonical/G3L1-7,138,-,chr15:64979820-64979846:-,False,"            5'- GGGTGAGGGGGACGGGGATGTCAGGGAGGCAAGTGT -3'
       rG4seq-K --------------------------*---------",OAZ2|ENSG00000180304.14_3,ENST00000326005.10_1;ENST00000558194.5_1;ENST00000560258.6_1,3UTR
chr15,64979828,64979831,longloop,95,-,chr15:64979829-64979874:-,False,"            5'- GGGAGAGCAAGGGGGAGAGATCTAGATTGGGTGAGGGGGACGGGGATGTCAGGGA -3'
       rG4seq-K -------------------------------------------***---------",OAZ2|ENSG00000180304.14_3,ENST00000326005.10_1;ENST00000558194.5_1;ENST00000560258.6_1,3UTR
chr15,64979835,64979837,longloop,40,-,chr15:64979835-64979874:-,False,"            5'- GGGAGAGCAAGGGGGAGAGATCTAGATTGGGTGAGGGGGACGGGGATGT -3'
       rG4seq-K -------------------------------------**----------",OAZ2|ENSG00000180304.14_3,ENST00000326005.10_1;ENST00000558194.5_1;ENST00000560258.6_1,3UTR
chr15,64980570,64980571,canonical/G3L1-7,112,-,chr15:64980570-64980597:-,False,"            5'- GGGGGAGGGACTGTCTGGGTTCAGGGGCATGGCCTGG -3'
       rG4seq-K --------------------------*----------",OAZ2|ENSG00000180304.14_3,ENST00000326005.10_1;ENST00000558194.5_1;ENST00000560258.6_1,3UTR
chr15,64980587,64980589,bulges,80,-,chr15:64980588-64980616:-,False,"            5'- GGGGAGGACATTGCCTAGAGGGGGAGGGACTGTCTGGG -3'
       rG4seq-K ---------------------------**---------",OAZ2|ENSG00000180304.14_3,ENST00000326005.10_1;ENST00000558194.5_1;ENST00000560258.6_1,3UTR
chr15,65738262,65738265,canonical/G3L1-7,38,-,chr15:65738263-65738288:-,False,"            5'- GGGGTGGGGAGACCTGGGTTTGGGGAATGACAGAG -3'
       rG4seq-K -----------------------***---------",DPP8|ENSG00000074603.18_4,ENST00000341861.9_2,3UTR
chr15,66791833,66791834,potential G-quadruplex & G>=40%,7710,-,chr15:66791833-66791893:-,False,"            5'- GTAAGAAAGGAAAGAAGGCTGCTGTTGGTGTTAAGAAGCAGAAGAAGCCTCTGGTGGGAAAAAAGGCAGC -3'
       rG4seq-K -----------------------------------------------------------*----------",RPL4|ENSG00000174444.14_3,ENST00000307961.10_1;ENST00000561775.5_1;ENST00000565723.1_1;ENST00000567229.5_1;ENST00000568588.5_1,CDS
chr15,67494231,67494234,longloop,246,-,chr15:67494232-67494256:-,False,"            5'- GGGAGCACTAAGGGGTGGGTGGGGAAGTGAAATG -3'
       rG4seq-K ----------------------***---------",AAGAB|ENSG00000103591.12_3,ENST00000261880.9_2;ENST00000538028.1_1;ENST00000561452.5_2,3UTR
chr15,68500080,68500081,longloop,37,-,chr15:68500080-68500108:-,False,"            5'- GGGCTGGGTGGGGCAGAGGCCAGGAGGGGACCTGGTGT -3'
       rG4seq-K ---------------------------*----------",AC107871.1|ENSG00000260007.3_6;CLN6|ENSG00000128973.12_3,ENST00000249806.10_2;ENST00000562767.2_3;ENST00000565471.6_2;ENST00000636964.1_1;ENST00000637054.1_2;ENST00000637888.1_2;ENST00000638076.1_1;ENST00000646164.1_1,3UTR;non_coding
chr15,68500390,68500392,longloop,69,-,chr15:68500391-68500435:-,False,"            5'- GGGCCATGGAGGGCATCTGAATACAGGAGTAGGGGGGGTGTGGGTGTGTAACCA -3'
       rG4seq-K -------------------------------------------**---------",AC107871.1|ENSG00000260007.3_6;CLN6|ENSG00000128973.12_3,ENST00000249806.10_2;ENST00000538696.5_1;ENST00000562767.2_3;ENST00000565471.6_2;ENST00000566347.5_1;ENST00000567060.5_1;ENST00000636964.1_1;ENST00000637054.1_2;ENST00000637329.1_1;ENST00000637888.1_2;ENST00000638076.1_1;ENST00000646164.1_1,3UTR;non_coding
chr15,68500431,68500433,canonical/G3L1-7,16,-,chr15:68500432-68500447:-,False,"            5'- GGGTGGGAGGGTGGGCCATGGAGGG -3'
       rG4seq-K --------------**---------",AC107871.1|ENSG00000260007.3_6;CLN6|ENSG00000128973.12_3,ENST00000249806.10_2;ENST00000538696.5_1;ENST00000562767.2_3;ENST00000565471.6_2;ENST00000566347.5_1;ENST00000567060.5_1;ENST00000636964.1_1;ENST00000637054.1_2;ENST00000637329.1_1;ENST00000637888.1_2;ENST00000638076.1_1;ENST00000646164.1_1,3UTR;non_coding
chr15,69072237,69072241,canonical/G3L1-7,110,-,chr15:69072238-69072262:-,False,"            5'- GGGGGGAGGGATGGCGGGTGGGGGTGGAATAAAA -3'
       rG4seq-K ---------------------****---------",ANP32A|ENSG00000140350.15_3,ENST00000267918.9_1;ENST00000409628.6_1;ENST00000465139.6_2;ENST00000486054.1_1,3UTR
chr15,69072243,69072244,bulges,40,-,chr15:69072245-69072271:-,False,"            5'- GGGGGTTGCGGGGGGAGGGATGGCGGGTGGGGGTGG -3'
       rG4seq-K ---------------------------*--------",ANP32A|ENSG00000140350.15_3,ENST00000267918.9_1;ENST00000409628.6_1;ENST00000465139.6_2;ENST00000486054.1_1,3UTR
chr15,69072251,69072256,longloop,23,-,chr15:69072252-69072286:-,False,"            5'- GGGGAAGAGTGTACTGGGGGTTGCGGGGGGAGGGATGGCGGGTG -3'
       rG4seq-K ------------------------------*****---------",ANP32A|ENSG00000140350.15_3,ENST00000267918.9_1;ENST00000409628.6_1;ENST00000465139.6_2;ENST00000486054.1_1,3UTR
chr15,69072807,69072808,bulges,3086,-,"chr15:69075294-69075327:-,chr15:69072808-69072812:-",True,"            5'- GGTGAAGAGGAGGACGTGAGTGGAGAGGAGGAGGAGGATGAAGAAGG -3'
       rG4seq-K -------------------------------------*---------",ANP32A|ENSG00000140350.15_3,ENST00000267918.9_1;ENST00000409628.6_1;ENST00000465139.6_2;ENST00000480858.2_1;ENST00000483551.6_1;ENST00000486054.1_1;ENST00000560303.1_2,3UTR;CDS
chr15,69072810,69072811,bulges,1058,-,chr15:69075294-69075334:-,False,"            5'- GGAGGAAGGTGAAGAGGAGGACGTGAGTGGAGAGGAGGAGGAGGATGAAG -3'
       rG4seq-K -----------------------------------------*--------",ANP32A|ENSG00000140350.15_3,ENST00000267918.9_1;ENST00000409628.6_1;ENST00000465139.6_2;ENST00000480858.2_1;ENST00000483551.6_1;ENST00000560303.1_2,3UTR;CDS
chr15,69075313,69075314,bulges,720,-,chr15:69075314-69075352:-,False,"            5'- GGAGGACGAGGATGAGGAGGAGGAAGGTGAAGAGGAGGACGTGAGTGG -3'
       rG4seq-K --------------------------------------*---------",ANP32A|ENSG00000140350.15_3,ENST00000267918.9_1;ENST00000409628.6_1;ENST00000465139.6_2;ENST00000480858.2_1;ENST00000483551.6_1;ENST00000560303.1_2,3UTR;CDS
chr15,69075324,69075325,bulges,594,-,chr15:69075323-69075363:-,False,"            5'- GTGGAAGACGAGGAGGACGAGGATGAGGAGGAGGAAGGTGAAGAGGAGGA -3'
       rG4seq-K --------------------------------------*-----------",ANP32A|ENSG00000140350.15_3,ENST00000267918.9_1;ENST00000409628.6_1;ENST00000465139.6_2;ENST00000480858.2_1;ENST00000483551.6_1;ENST00000560303.1_2,3UTR;CDS
chr15,69075328,69075329,bulges,551,-,chr15:69075329-69075363:-,False,"            5'- GTGGAAGACGAGGAGGACGAGGATGAGGAGGAGGAAGGTGAAGA -3'
       rG4seq-K ----------------------------------*---------",ANP32A|ENSG00000140350.15_3,ENST00000267918.9_1;ENST00000409628.6_1;ENST00000465139.6_2;ENST00000480858.2_1;ENST00000483551.6_1;ENST00000560303.1_2,3UTR;CDS
chr15,69113211,69113214,potential G-quadruplex & G>=40%,230,-,chr15:69113211-69113271:-,False,"            5'- ATGGGGCCGCAGATCCCGCCTCCACGGCGATCAGGTTAGTGTGCGCCGCGGGTGCTGGGGGCTCGAGAAC -3'
       rG4seq-K ---------------------------------------------------------*-*----------",ANP32A|ENSG00000140350.15_3,ENST00000465139.6_2;ENST00000495420.5_1;ENST00000560303.1_2,5UTR
chr15,70341149,70341151,canonical/G3L1-7,52,-,chr15:70341150-70341175:-,False,"            5'- GGGGGTTGGGGGGTGGGAGAGGGGGACACAGATCC -3'
       rG4seq-K ------------------------**---------",TLE3|ENSG00000140332.15_3,ENST00000317509.12_1;ENST00000558939.5_1;ENST00000627388.2_2,3UTR
chr15,71457154,71457155,bulges,446,-,chr15:71457155-71457186:-,False,"            5'- GAGGAAGATGAAGAGGATGAGGAGGAGGAGGAAGATGAAGA -3'
       rG4seq-K -------------------------------*---------",HMGB1P6|ENSG00000259781.1_4;THSD4-AS1|ENSG00000259964.6_6,ENST00000561571.5_1;ENST00000569046.1_1,non_coding
chr15,72493487,72493489,canonical/G3L1-7,17,-,chr15:72493488-72493513:-,False,"            5'- GGGGCCATGTGGGGCAGGGAGAGGGCACAAAAGTA -3'
       rG4seq-K ------------------------**---------",PKM|ENSG00000067225.17_4,ENST00000319622.10_4;ENST00000335181.9_4;ENST00000389093.7_1;ENST00000449901.6_1;ENST00000561609.5_1;ENST00000564440.5_1;ENST00000565143.1_1;ENST00000565154.5_3;ENST00000565184.5_3;ENST00000567118.5_1;ENST00000568459.5_3;ENST00000568883.5_1,non_coding
chr15,72523582,72523585,canonical/G3L1-7,65,-,chr15:72523582-72523607:-,False,"            5'- GGGCAGAGGGCGGGGCGGCGGAGGGATTGCGGCGG -3'
       rG4seq-K ----------------------***----------",PKM|ENSG00000067225.17_4,ENST00000319622.10_4;ENST00000389093.7_1;ENST00000449901.6_1;ENST00000566809.1_1;ENST00000567087.5_1;ENST00000568883.5_1;ENST00000569050.1_1,5UTR
chr15,75249489,75249490,longloop,24,-,chr15:75249489-75249520:-,False,"            5'- GGGGGTGTTCCCCGGGGCGGGGGAGGAGGGGCAAGGCCCCA -3'
       rG4seq-K ------------------------------*----------",RPP25|ENSG00000178718.6_2,ENST00000322177.5_1,5UTR
chr15,75651551,75651553,canonical/G3L1-7,40,-,chr15:75651552-75651572:-,False,"            5'- GGGGCTGGGGTTGGGGTGGGAAGACTTTTG -3'
       rG4seq-K -------------------**---------",MAN2C1|ENSG00000140400.16_4,ENST00000267978.9_2;ENST00000563368.5_1;ENST00000563441.5_1;ENST00000563622.5_1;ENST00000563794.1_1;ENST00000564785.5_1;ENST00000565683.5_2;ENST00000566013.5_1;ENST00000567163.5_1;ENST00000569176.1_1;ENST00000569482.5_2;ENST00000618257.1_1,non_coding
chr15,77363406,77363409,longloop,144,-,chr15:77363407-77363444:-,False,"            5'- GGGGTCGGGGCTGCGCGACGGCGCAGGGGCTGCGGGGAGCGCCGCGC -3'
       rG4seq-K -----------------------------------***---------",TSPAN3|ENSG00000140391.14_3,ENST00000267970.8_1;ENST00000346495.6_1;ENST00000424443.7_1;ENST00000558394.5_1;ENST00000558745.5_1;ENST00000559373.1_1;ENST00000560514.1_1;ENST00000561277.5_1,5UTR
chr15,78290329,78290331,bulges,29,-,chr15:78290330-78290348:-,False,"            5'- GCGGGGGGCAGGGGTGGGAGGTCTAATC -3'
       rG4seq-K -----------------**---------",TBC1D2B|ENSG00000167202.11_3,ENST00000300584.7_1;ENST00000409931.7_1;ENST00000418039.2_1;ENST00000465531.1_2,3UTR
chr15,83876627,83876629,canonical/G3L1-7,22,-,chr15:83876627-83876655:-,False,"            5'- GGGAAGCGGGAAGCGGGGCGGGGGGGGGATGCTGAGCG -3'
       rG4seq-K --------------------------**----------",HDGFL3|ENSG00000166503.8_6,ENST00000299633.6_1,5UTR
chr15,85213050,85213052,potential G-triplex & G>=40%,1116,-,chr15:85213050-85213110:-,False,"            5'- TTTCCATGCCAGAGTTTGTGTGGGCGGGCGCATGTGCACCACAGAGTGCACTCGAGGGGACTTTCAGTCA -3'
       rG4seq-K ----------------------------------------------------------**----------",SEC11A|ENSG00000140612.13_2,ENST00000268220.11_1;ENST00000455959.7_1;ENST00000558134.5_1;ENST00000558217.5_1;ENST00000558924.1_1;ENST00000559376.1_1;ENST00000559729.5_1;ENST00000560266.5_1;ENST00000560409.5_1,3UTR
chr15,89441992,89441993,canonical/G3L1-7,34,-,chr15:89441993-89442015:-,False,"            5'- GGGCATGGGTTGGCAGGGTGGGCGTTTGGGGC -3'
       rG4seq-K ----------------------*---------",MFGE8|ENSG00000140545.14_3,ENST00000268150.12_2;ENST00000268151.11_1;ENST00000558018.5_1;ENST00000566497.5_2,3UTR
chr15,89442037,89442039,canonical/G3L1-7,19,-,chr15:89442038-89442061:-,False,"            5'- GGGGGTGGGGCGGGTCTATGGGGAGAAAGGGAG -3'
       rG4seq-K ----------------------**---------",MFGE8|ENSG00000140545.14_3,ENST00000268150.12_2;ENST00000268151.11_1;ENST00000558018.5_1;ENST00000566497.5_2,3UTR
chr15,89442517,89442518,canonical/G3L1-7,31,-,chr15:89442518-89442544:-,False,"            5'- GGGCTGGGGACTGGGGAAGGGGAGGGTGTTCAGAGG -3'
       rG4seq-K --------------------------*---------",MFGE8|ENSG00000140545.14_3,ENST00000268150.12_2;ENST00000268151.11_1;ENST00000558018.5_1;ENST00000560937.1_1;ENST00000566497.5_2,3UTR
chr15,89878046,89878047,longloop,64,-,chr15:89878046-89878080:-,False,"            5'- GGGTAGCCGCGGGACCTAGCTGGGTGCAGACGGGAAGTTGCGGC -3'
       rG4seq-K ---------------------------------*----------",POLG|ENSG00000140521.13_5,ENST00000268124.9_1;ENST00000442287.6_1;ENST00000631044.2_1;ENST00000636774.1_1,5UTR
chr15,90380907,90380908,two-quartet,98,-,chr15:90380908-90380937:-,False,"            5'- GGAGGTGGTGATGGGTGGGATGGTGTTGGAAACAAACAT -3'
       rG4seq-K -----------------------------*---------",AP3S2|ENSG00000157823.16_3;C15orf38-AP3S2|ENSG00000250021.7_5,ENST00000336418.8_1;ENST00000398333.7_3;ENST00000423566.6_1;ENST00000557999.5_1;ENST00000558011.5_1;ENST00000558186.1_1;ENST00000558648.5_3;ENST00000558806.5_1;ENST00000558926.1_1;ENST00000558999.5_1;ENST00000559162.5_1;ENST00000559629.1_5;ENST00000560771.5_1;ENST00000560940.5_1;ENST00000561410.5_1,3UTR;CDS
chr15,90380918,90380919,two-quartet,71,-,chr15:90380918-90380937:-,False,"            5'- GGAGGTGGTGATGGGTGGGATGGTGTTGG -3'
       rG4seq-K ------------------*----------",AP3S2|ENSG00000157823.16_3;C15orf38-AP3S2|ENSG00000250021.7_5,ENST00000336418.8_1;ENST00000398333.7_3;ENST00000423566.6_1;ENST00000557999.5_1;ENST00000558011.5_1;ENST00000558186.1_1;ENST00000558648.5_3;ENST00000558806.5_1;ENST00000558926.1_1;ENST00000558999.5_1;ENST00000559162.5_1;ENST00000559629.1_5;ENST00000560771.5_1;ENST00000560940.5_1;ENST00000561410.5_1,3UTR;CDS
chr15,90445033,90445035,bulges,38,-,"chr15:90446447-90446475:-,chr15:90445034-90445035:-",True,"            5'- GGGGGATGGGGCAGAGGACGAGGAGTGGGATGACTGAGG -3'
       rG4seq-K ----------------------------**---------",ARPIN|ENSG00000242498.7_3;C15orf38-AP3S2|ENSG00000250021.7_5,ENST00000357484.9_1;ENST00000398333.7_3;ENST00000460685.1_1;ENST00000558648.5_3;ENST00000559629.1_5;ENST00000560096.1_1;ENST00000560224.1_1,CDS
chr15,90777102,90777103,bulges,178,-,chr15:90777103-90777123:-,False,"            5'- GGGGCGATGGGGGGCTCGGGCAGTCGCCTG -3'
       rG4seq-K --------------------*---------",CIB1|ENSG00000185043.11_3,ENST00000328649.10_1;ENST00000612800.1_1;ENST00000650306.1_1,5UTR;CDS
chr15,91550231,91550232,bulges,46,-,chr15:91550230-91550262:-,False,"            5'- GTGGAGGAACCTGGAGGAGGAGGAGGATGGCGAAACCAAGGG -3'
       rG4seq-K ------------------------------*-----------",AC068831.7|ENSG00000284946.1_2;VPS33B|ENSG00000184056.14_3,ENST00000333371.7_1;ENST00000535906.1_1;ENST00000556096.6_1;ENST00000574755.5_1;ENST00000643536.1_1;ENST00000647331.1_1,3UTR;CDS
chr15,91565711,91565713,longloop,20,-,chr15:91565712-91565738:-,False,"            5'- GGGCAGAGTGGATCAGGGAGGGAGGGTCGAGACACG -3'
       rG4seq-K -------------------------**---------",AC068831.7|ENSG00000284946.1_2;VPS33B|ENSG00000184056.14_3,ENST00000333371.7_1;ENST00000535906.1_1;ENST00000556096.6_1;ENST00000557358.1_1;ENST00000574755.5_1;ENST00000643536.1_1,5UTR
chr15,98173547,98173549,longloop,9,-,chr15:98173548-98173576:-,False,"            5'- GGGGCCTGTTGTGGGGATGGAGGGAGGGAGAGCATCAG -3'
       rG4seq-K ---------------------------**---------",LINC00923|ENSG00000251209.8_3,ENST00000615399.1_2;ENST00000647870.1_1,non_coding
chr15,101811582,101811583,bulges,26,-,chr15:101811582-101811606:-,False,"            5'- GGGTGGGCCTTGTGAGGTGTGGGGAAGCCCTGGG -3'
       rG4seq-K -----------------------*----------",SELENOS|ENSG00000131871.14_4,ENST00000398226.7_1,3UTR
chr16,720979,720980,bulges,32,+,chr16:720947-720982:+,False,"            5'- GGTGTGCAGGAACGTGGCGGGCGGCGTGCGGGAGGACCGGCTGAC -3'
       rG4seq-K --------------------------------*------------",RHOT2|ENSG00000140983.13_3,ENST00000315082.8_1;ENST00000561983.5_1;ENST00000562333.5_1;ENST00000563134.5_1;ENST00000563637.5_1;ENST00000563776.6_1;ENST00000566965.5_1;ENST00000567017.5_1;ENST00000567589.1_1;ENST00000568636.5_1;ENST00000568950.5_1;ENST00000569358.5_1;ENST00000569675.5_1;ENST00000569943.6_1;ENST00000570280.5_1;ENST00000602564.5_1,3UTR;CDS
chr16,720982,720983,bulges,48,+,chr16:720947-720982:+,False,"            5'- GGTGTGCAGGAACGTGGCGGGCGGCGTGCGGGAGGACCGGCTGAC -3'
       rG4seq-K -----------------------------------*---------",RHOT2|ENSG00000140983.13_3,ENST00000315082.8_1;ENST00000561983.5_1;ENST00000562333.5_1;ENST00000563134.5_1;ENST00000563637.5_1;ENST00000563776.6_1;ENST00000566965.5_1;ENST00000567017.5_1;ENST00000567589.1_1;ENST00000568636.5_1;ENST00000568950.5_1;ENST00000569358.5_1;ENST00000569675.5_1;ENST00000569943.6_1;ENST00000570280.5_1;ENST00000602564.5_1,3UTR;CDS
chr16,732697,732699,bulges,189,+,chr16:732672-732698:+,False,"            5'- GGAAAAGCAGGTGAGGGTGGGCTGGGCTGAGGCCAT -3'
       rG4seq-K -------------------------**---------",STUB1|ENSG00000103266.10_2,ENST00000219548.8_1;ENST00000564316.1_1;ENST00000565677.5_1;ENST00000565813.1_1;ENST00000569248.5_1,3UTR
chr16,767425,767426,bulges,21,+,chr16:767394-767424:+,False,"            5'- GGTGCTGGGGAGGGGCTGGTAGGAGGGAGGGTGGGCCCAC -3'
       rG4seq-K -------------------------------*--------",METRN|ENSG00000103260.8_5,ENST00000564661.1_1;ENST00000567076.5_4;ENST00000568223.6_1;ENST00000568415.1_1,3UTR;CDS
chr16,767428,767431,longloop,63,+,chr16:767405-767429:+,False,"            5'- GGGGCTGGTAGGAGGGAGGGTGGGCCCACTGCTT -3'
       rG4seq-K -----------------------***--------",METRN|ENSG00000103260.8_5,ENST00000564661.1_1;ENST00000567076.5_4;ENST00000568223.6_1;ENST00000568415.1_1,3UTR;CDS
chr16,815120,815122,two-quartet,68,+,"chr16:815020-815036:+,chr16:815109-815121:+",True,"            5'- GGCTCTGGCCTGCTGGGGTGTGCGGGGGTCTCTGCTGA -3'
       rG4seq-K ---------------------------**---------",MSLN|ENSG00000102854.15_3,ENST00000382862.7_2;ENST00000545450.6_2;ENST00000563651.5_1;ENST00000563941.5_2;ENST00000566549.5_2;ENST00000569566.2_1,CDS
chr16,1374914,1374916,canonical/G3L1-7,192,+,chr16:1374899-1374915:+,False,"            5'- GGGGGGGTTGGGCGGGCGCCATCTTC -3'
       rG4seq-K ---------------**---------",UBE2I|ENSG00000103275.19_3,ENST00000325437.9_1;ENST00000355803.8_1;ENST00000397514.7_1;ENST00000397515.6_1;ENST00000403747.6_1;ENST00000406620.5_1;ENST00000566587.5_1,3UTR
chr16,1560414,1560415,canonical/G3L1-7,19,+,chr16:1560393-1560414:+,False,"            5'- GGGCTCGTGGGGCGGGATGGGACAGGGCACG -3'
       rG4seq-K ---------------------*---------",TELO2|ENSG00000100726.14_2,ENST00000262319.10_1;ENST00000568240.1_1,3UTR
chr16,1749274,1749276,bulges,20,+,chr16:1749259-1749276:+,False,"            5'- GGGGGGTGAGGGTGGGGAGGTGGGGCA -3'
       rG4seq-K ---------------**----------",JPT2|ENSG00000206053.12_6,ENST00000248098.7_2;ENST00000382710.8_2;ENST00000561516.5_2;ENST00000562569.1_1;ENST00000562684.5_2;ENST00000566742.5_1;ENST00000569256.5_1;ENST00000569765.5_2,3UTR
chr16,1749282,1749284,canonical/G3L1-7,60,+,chr16:1749259-1749284:+,False,"            5'- GGGGGGTGAGGGTGGGGAGGTGGGGCAGGGCATGG -3'
       rG4seq-K -----------------------**----------",JPT2|ENSG00000206053.12_6,ENST00000248098.7_2;ENST00000382710.8_2;ENST00000561516.5_2;ENST00000562569.1_1;ENST00000562684.5_2;ENST00000566742.5_1;ENST00000569256.5_1;ENST00000569765.5_2,3UTR
chr16,1749288,1749290,canonical/G3L1-7,143,+,chr16:1749262-1749289:+,False,"            5'- GGGTGAGGGTGGGGAGGTGGGGCAGGGCATGGTCCTT -3'
       rG4seq-K --------------------------**---------",JPT2|ENSG00000206053.12_6,ENST00000248098.7_2;ENST00000382710.8_2;ENST00000561516.5_2;ENST00000562569.1_1;ENST00000562684.5_2;ENST00000566742.5_1;ENST00000569256.5_1;ENST00000569765.5_2,3UTR
chr16,1751811,1751812,canonical/G3L1-7,41,+,chr16:1751787-1751811:+,False,"            5'- GGGTCTTTGGGAGGCCAGGGTGGGAGGATCACTT -3'
       rG4seq-K ------------------------*---------",JPT2|ENSG00000206053.12_6,ENST00000248098.7_2;ENST00000562569.1_1,3UTR
chr16,1820237,1820239,longloop,15,+,chr16:1820208-1820239:+,False,"            5'- GGGCTGAGCAGTGGGGCGGCTGGGGGAGGGGTGACGATTCT -3'
       rG4seq-K -----------------------------**----------",MAPK8IP3|ENSG00000138834.12_5,ENST00000250894.8_2;ENST00000610761.1_3,3UTR
chr16,2098590,2098592,bulges,20,+,"chr16:2098035-2098066:+,chr16:2098587-2098590:+",True,"            5'- GGCGGCCCGGAGCGCGGTGGCGCGGCGCGGGAGGGGTTTTCTGG -3'
       rG4seq-K ----------------------------------**--------",TSC2|ENSG00000103197.17_4,ENST00000219476.8_2;ENST00000350773.9_2;ENST00000382538.10_2;ENST00000401874.7_2;ENST00000439117.6_1;ENST00000439673.6_3;ENST00000461648.3_2;ENST00000568454.6_3;ENST00000642206.1_1;ENST00000642561.1_1;ENST00000642797.1_1;ENST00000642812.1_1;ENST00000642936.1_1;ENST00000643088.1_1;ENST00000643149.1_1;ENST00000643298.1_1;ENST00000643745.1_1;ENST00000643946.1_1;ENST00000644043.1_1;ENST00000644135.1_1;ENST00000644222.1_1;ENST00000644329.1_1;ENST00000644335.1_1;ENST00000644665.1_1;ENST00000645591.1_1;ENST00000646388.1_1,5UTR;CDS
chr16,2227537,2227539,bulges,81,+,chr16:2227505-2227540:+,False,"            5'- GGAGGGGGCAGGAGGAGAGAGGAAAAGGGAGGGCGAGAATGACCA -3'
       rG4seq-K --------------------------------**-----------",TRAF7|ENSG00000131653.12_3,ENST00000326181.10_1,3UTR
chr16,2507080,2507082,bulges,20,+,chr16:2507043-2507083:+,False,"            5'- GTGGATGTGTACTGAGGGGGCTGGAGGCGAAGGGTGGGAGCATAGCATAG -3'
       rG4seq-K -------------------------------------**-----------",CCNF|ENSG00000162063.12_3,ENST00000293968.11_1;ENST00000397066.8_1,3UTR
chr16,2648450,2648451,bulges,23,+,chr16:2648415-2648452:+,False,"            5'- GTGGTGAGGAGCGGGAGGGGTTGGAGTGGTGCGGGAGCAGGCTGCCG -3'
       rG4seq-K -----------------------------------*-----------",PDPK1|ENSG00000140992.18_4,ENST00000268673.11_1;ENST00000342085.8_2;ENST00000569721.1_1,3UTR
chr16,2809696,2809698,bulges,96,+,chr16:2809672-2809697:+,False,"            5'- GTCCAGGAGGAAGGGAGGGAGAGGGAATGATGGGT -3'
       rG4seq-K ------------------------**---------",SRRM2|ENSG00000167978.16_4,ENST00000301740.12_2;ENST00000570655.1_1;ENST00000570971.2_1;ENST00000571378.5_2;ENST00000573451.5_1;ENST00000573498.5_1;ENST00000575009.5_1;ENST00000575870.5_1;ENST00000576894.5_1;ENST00000576924.5_2;ENST00000630499.2_1,non_coding
chr16,2809705,2809707,canonical/G3L1-7,166,+,chr16:2809684-2809706:+,False,"            5'- GGGAGGGAGAGGGAATGATGGGTTAATTAATT -3'
       rG4seq-K ---------------------**---------",SRRM2|ENSG00000167978.16_4,ENST00000301740.12_2;ENST00000570655.1_1;ENST00000570971.2_1;ENST00000571378.5_2;ENST00000573451.5_1;ENST00000573498.5_1;ENST00000575009.5_1;ENST00000575870.5_1;ENST00000576894.5_1;ENST00000576924.5_2;ENST00000630499.2_1,non_coding
chr16,2810092,2810094,longloop,108,+,chr16:2810056-2810093:+,False,"            5'- GGGGATGTTTGGGGGAGGTGAGTAAAGGGGTAGAGGGAGAACGCTCT -3'
       rG4seq-K ------------------------------------**---------",SRRM2|ENSG00000167978.16_4,ENST00000301740.12_2;ENST00000570971.2_1;ENST00000571378.5_2;ENST00000572278.1_1;ENST00000572952.1_1;ENST00000573498.5_1;ENST00000575009.5_1;ENST00000576076.1_1;ENST00000576894.5_1;ENST00000576924.5_2;ENST00000630499.2_1,non_coding
chr16,2810237,2810240,bulges,67,+,chr16:2810210-2810239:+,False,"            5'- GGAAAGGTGGATGGGAGTTGGGGAGGGGGTTTTCTGTTC -3'
       rG4seq-K ---------------------------***---------",SRRM2|ENSG00000167978.16_4,ENST00000301740.12_2;ENST00000570971.2_1;ENST00000571378.5_2;ENST00000572278.1_1;ENST00000572952.1_1;ENST00000573498.5_1;ENST00000575009.5_1;ENST00000576076.1_1;ENST00000576894.5_1;ENST00000576924.5_2;ENST00000630499.2_1,non_coding
chr16,2819353,2819354,longloop,38,+,chr16:2819315-2819354:+,False,"            5'- GGGTGGGGGAGTGACTTGTCCAGAGAAGGGGCCCTGGGGTGTGAGCTCC -3'
       rG4seq-K --------------------------------------*----------",SRRM2|ENSG00000167978.16_4,ENST00000301740.12_2;ENST00000570705.1_1;ENST00000571041.1_1;ENST00000573311.1_1;ENST00000574593.1_1;ENST00000576878.1_1;ENST00000630499.2_1,non_coding
chr16,2821097,2821099,canonical/G3L1-7,16,+,chr16:2821077-2821098:+,False,"            5'- GGGGGGTTTGGGGTGGGAGGGAATGCAGATG -3'
       rG4seq-K --------------------**---------",SRRM2|ENSG00000167978.16_4,ENST00000301740.12_2;ENST00000570539.1_1;ENST00000573692.1_1;ENST00000574331.5_1;ENST00000630499.2_1,3UTR
chr16,2821117,2821120,longloop,47,+,chr16:2821077-2821118:+,False,"            5'- GGGGGGTTTGGGGTGGGAGGGAATGCAGATGGGAGTTGGGGGAGGGGAGGA -3'
       rG4seq-K ----------------------------------------***--------",SRRM2|ENSG00000167978.16_4,ENST00000301740.12_2;ENST00000570539.1_1;ENST00000573692.1_1;ENST00000574331.5_1;ENST00000630499.2_1,3UTR
chr16,2821122,2821125,longloop,99,+,chr16:2821095-2821124:+,False,"            5'- GGGAATGCAGATGGGAGTTGGGGGAGGGGAGGATACAGT -3'
       rG4seq-K ---------------------------***---------",SRRM2|ENSG00000167978.16_4,ENST00000301740.12_2;ENST00000570539.1_1;ENST00000573692.1_1;ENST00000574331.5_1;ENST00000630499.2_1,3UTR
chr16,2821127,2821128,bulges,184,+,chr16:2821095-2821127:+,False,"            5'- GGGAATGCAGATGGGAGTTGGGGGAGGGGAGGATACAGTTCA -3'
       rG4seq-K --------------------------------*---------",SRRM2|ENSG00000167978.16_4,ENST00000301740.12_2;ENST00000570539.1_1;ENST00000573692.1_1;ENST00000574331.5_1;ENST00000630499.2_1,3UTR
chr16,2867536,2867538,bulges,18,+,chr16:2867510-2867537:+,False,"            5'- GGGGGGCGGTGAGGGGGTAGAGGGGGGCCTTTACTGC -3'
       rG4seq-K --------------------------**---------",PRSS21|ENSG00000007038.10_2,ENST00000005995.7_1;ENST00000450020.7_1;ENST00000570594.5_1;ENST00000570629.5_1;ENST00000571141.1_1;ENST00000574813.5_1,non_coding
chr16,3535843,3535845,canonical/G3L1-7,29,+,chr16:3535815-3535843:+,False,"            5'- GGGCTGATGAGGGGTGGGCAGCCTGGGGGAGGCTTTCC -3'
       rG4seq-K ----------------------------**--------",AC004224.2|ENSG00000263212.2_6;NAA60|ENSG00000122390.18_4,ENST00000360862.9_2;ENST00000407558.8_2;ENST00000414063.6_1;ENST00000572169.6_3;ENST00000572584.2_2;ENST00000574423.2_1;ENST00000575076.5_1;ENST00000576916.5_2;ENST00000648681.1_1;ENST00000649205.1_1;ENST00000649360.1_1,3UTR;non_coding
chr16,4475989,4475990,longloop,61,+,chr16:4475958-4475990:+,False,"            5'- GGGCCCGGCCGCCCAGGGAGGGCGTGGTGGGGGCATGGCTGA -3'
       rG4seq-K -------------------------------*----------",DNAJA3|ENSG00000103423.13_3,ENST00000262375.10_1;ENST00000355296.8_1;ENST00000431375.6_1;ENST00000570857.5_1;ENST00000572974.1_1;ENST00000574895.1_1;ENST00000575106.5_1;ENST00000576911.5_1,5UTR;CDS
chr16,4560203,4560207,canonical/G3L1-7,15,+,chr16:4560182-4560203:+,False,"            5'- GGGAGTGAGGGTGGGTGTGGGTGGAAGCCTC -3'
       rG4seq-K ---------------------**-*------",HMOX2|ENSG00000103415.11_2,ENST00000219700.10_1;ENST00000406590.6_1;ENST00000414777.5_1;ENST00000458134.7_1;ENST00000570646.5_1;ENST00000613539.1_1;ENST00000619528.4_1;ENST00000619913.4_1,3UTR
chr16,4932183,4932185,longloop,25,+,chr16:4932153-4932185:+,False,"            5'- GGGTGGGGCAGAGCAGCCTCGGGGTCTGGGGGCTGCAGGGGT -3'
       rG4seq-K ------------------------------**----------",UBN1|ENSG00000118900.14_4,ENST00000262376.10_2;ENST00000396658.8_2,3UTR
chr16,8941702,8941704,canonical/G3L1-7,57,+,chr16:8941685-8941704:+,False,"            5'- GGGAGCGGGAGGGGCGGGGTCCCGGCTGA -3'
       rG4seq-K -----------------**----------",PMM2|ENSG00000140650.11_3,ENST00000268261.8_1;ENST00000562025.1_1;ENST00000562318.5_1;ENST00000565221.5_1;ENST00000566540.5_1;ENST00000566604.5_1;ENST00000566983.5_1;ENST00000567697.1_1;ENST00000569958.5_1;ENST00000570076.5_1,3UTR
chr16,9185923,9185924,bulges,33,+,chr16:9185884-9185923:+,False,"            5'- GCGGGAGGCCGCGGAGGATGGAGGAGCGGAAGGAGGAGGGCGAGGCCGA -3'
       rG4seq-K ---------------------------------------*---------",C16orf72|ENSG00000182831.11_5,ENST00000327827.11_1,5UTR;CDS
chr16,9211657,9211658,bulges,78,+,chr16:9211635-9211659:+,False,"            5'- GGGAGAGGGAGATGGATGGTGGGGTAGGTTTTCT -3'
       rG4seq-K ----------------------*-----------",C16orf72|ENSG00000182831.11_5,ENST00000327827.11_1,3UTR
chr16,9211663,9211664,two-quartet,108,+,chr16:9211635-9211663:+,False,"            5'- GGGAGAGGGAGATGGATGGTGGGGTAGGTTTTCTAGTC -3'
       rG4seq-K ----------------------------*---------",C16orf72|ENSG00000182831.11_5,ENST00000327827.11_1,3UTR
chr16,11410866,11410867,canonical/G3L1-7,8,+,chr16:11410845-11410868:+,False,"            5'- GGGATGGAGTGGGGCGGGTGGGGTACAGCAAGA -3'
       rG4seq-K ---------------------*-----------",RMI2|ENSG00000175643.9_3,ENST00000572173.1_1;ENST00000572992.1_1;ENST00000649869.1_1,non_coding
chr16,11772055,11772057,bulges,17,+,chr16:11772032-11772057:+,False,"            5'- GGGTGGGCAGGACACGTGGTGGGGGCCACTGAAAC -3'
       rG4seq-K -----------------------**----------",SNN|ENSG00000184602.5_2,ENST00000329565.5_1,3UTR
chr16,19130718,19130722,canonical/G3L1-7,23,+,chr16:19130702-19130721:+,False,"            5'- GGGGTGGGAGGTGGGGGGGAAGCTGTGCC -3'
       rG4seq-K ----------------****---------",AC099518.3|ENSG00000261427.6_6;ITPRIPL2|ENSG00000205730.6_4,ENST00000381440.4_1;ENST00000564808.6_2;ENST00000568526.1_2,3UTR;non_coding
chr16,19131508,19131509,G>=40%,57,+,chr16:19131449-19131509:+,False,"            5'- CTGGAGTGCAGTGGCAAGATTGCAGCTCATTGCAGCCTTGACCTCCTGGGCTCAAGCGATCCTCCTGCCT -3'
       rG4seq-K -----------------------------------------------------------*----------",AC099518.3|ENSG00000261427.6_6;ITPRIPL2|ENSG00000205730.6_4,ENST00000381440.4_1;ENST00000564808.6_2;ENST00000568526.1_2,3UTR;non_coding
chr16,19132468,19132469,potential G-quadruplex & G>=40%,125,+,chr16:19132409-19132469:+,False,"            5'- TTTTTTATACCTACATAGCACATGACTGGGGGGATAAAGCATGTATAAGTTGGGAGAGGGTAAAGAATGT -3'
       rG4seq-K -----------------------------------------------------------*----------",AC099518.3|ENSG00000261427.6_6;ITPRIPL2|ENSG00000205730.6_4,ENST00000381440.4_1;ENST00000564808.6_2;ENST00000568526.1_2,3UTR;non_coding
chr16,20911801,20911803,canonical/G3L1-7,16,+,chr16:20911775-20911802:+,False,"            5'- GGGAGAATGGGAGAGGGGCAAGGAGGGAACGAGTGGA -3'
       rG4seq-K --------------------------**---------",LYRM1|ENSG00000102897.9_2,ENST00000412082.6_1;ENST00000439021.5_1;ENST00000564457.1_1;ENST00000567165.5_1;ENST00000568663.5_1;ENST00000569023.5_1,5UTR
chr16,21667402,21667404,bulges,38,+,chr16:21667368-21667403:+,False,"            5'- GGGGGGAAGGAAGGCTTCAGACTTGGGGGAAGGGGAGATTATTGC -3'
       rG4seq-K ----------------------------------**---------",METTL9|ENSG00000197006.13_3,ENST00000358154.7_1;ENST00000396014.8_1;ENST00000564733.1_1;ENST00000615720.4_1,3UTR
chr16,22092867,22092869,canonical/G3L1-7,28,+,chr16:22092852-22092869:+,False,"            5'- GGGTGGGTGGGTGGGGGAAATCTTCCT -3'
       rG4seq-K ---------------**----------",MOSMO|ENSG00000185716.11_3,ENST00000331057.8_1;ENST00000542527.6_1;ENST00000569656.5_1,3UTR
chr16,23569494,23569496,bulges,66,+,chr16:23569464-23569497:+,False,"            5'- GGCGAAGACGCGGGCGGCGGCGCGGGCAGGGAGCTGGTGGACT -3'
       rG4seq-K ------------------------------**-----------",UBFD1|ENSG00000103353.15_4,ENST00000395878.7_2;ENST00000566669.1_1;ENST00000567212.5_2;ENST00000567264.1_2;ENST00000571064.5_1,CDS
chr16,23683844,23683845,bulges,14,+,chr16:23683830-23683847:+,False,"            5'- GGGAGGGAGGGAGGAAGCAAGCAAGTG -3'
       rG4seq-K --------------*------------",AC008870.1|ENSG00000260482.3_6;DCTN5|ENSG00000166847.9_3,ENST00000300087.6_1;ENST00000565266.1_1;ENST00000566996.2_1,3UTR;non_coding
chr16,24802376,24802377,potential G-quadruplex & G>=40%,40,+,chr16:24802317-24802377:+,False,"            5'- TCCCAAACCTGCTCTGAGGTGGGGAGATTCCAAAGGCTCAAACTGCCAGGGGGGGTGGGAAGATGATTCT -3'
       rG4seq-K -----------------------------------------------------------*----------",TNRC6A|ENSG00000090905.18_3,ENST00000315183.11_2;ENST00000395799.7_2;ENST00000491718.5_1,3UTR;CDS
chr16,27373802,27373803,bulges,36,+,chr16:27373768-27373802:+,False,"            5'- GAGGCCCCGGTGGAGTGTGAGGAGGAGGAGGAGGTAGAGGAAGA -3'
       rG4seq-K ----------------------------------*---------",IL4R|ENSG00000077238.13_3,ENST00000170630.6_1;ENST00000395762.6_1;ENST00000543915.6_1;ENST00000565352.1_1;ENST00000565915.5_1;ENST00000568746.5_1,3UTR;CDS
chr16,27373808,27373809,bulges,62,+,chr16:27373768-27373808:+,False,"            5'- GAGGCCCCGGTGGAGTGTGAGGAGGAGGAGGAGGTAGAGGAAGAAAAAGG -3'
       rG4seq-K ----------------------------------------*---------",IL4R|ENSG00000077238.13_3,ENST00000170630.6_1;ENST00000395762.6_1;ENST00000543915.6_1;ENST00000565352.1_1;ENST00000565915.5_1;ENST00000568746.5_1,3UTR;CDS
chr16,27374562,27374564,longloop,71,+,chr16:27374533-27374563:+,False,"            5'- GGGTTTGGGGCTAGCAGTGGGGAAGAGGGGTATAAGCCTT -3'
       rG4seq-K -----------------------------**---------",IL4R|ENSG00000077238.13_3,ENST00000170630.6_1;ENST00000395762.6_1;ENST00000543915.6_1;ENST00000565352.1_1;ENST00000568746.5_1,3UTR;CDS
chr16,27720116,27720118,bulges,13,+,chr16:27720095-27720117:+,False,"            5'- GGGGCAACTCGTGGTGGGTGGGTCTCACAGAA -3'
       rG4seq-K ---------------------**---------",KIAA0556|ENSG00000047578.12_6,ENST00000261588.8_4;ENST00000567894.5_1;ENST00000573850.1_1,CDS
chr16,28847579,28847581,longloop,26,+,chr16:28847552-28847581:+,False,"            5'- GGGGCAGGATGCACGGGTTCTGGGTGGGGAGTGAGGGGT -3'
       rG4seq-K ---------------------------**----------",ATXN2L|ENSG00000168488.18_4,ENST00000325215.10_1;ENST00000336783.8_1;ENST00000340394.12_1;ENST00000382686.8_1;ENST00000395547.6_1;ENST00000562583.5_1;ENST00000563314.5_1;ENST00000564162.1_1;ENST00000564304.5_1;ENST00000565971.5_1;ENST00000566007.5_1;ENST00000566946.5_1;ENST00000570200.5_1,3UTR;CDS
chr16,28847589,28847590,canonical/G3L1-7,59,+,chr16:28847566-28847590:+,False,"            5'- GGGTTCTGGGTGGGGAGTGAGGGGTCTTGGAGGC -3'
       rG4seq-K -----------------------*----------",ATXN2L|ENSG00000168488.18_4,ENST00000325215.10_1;ENST00000336783.8_1;ENST00000340394.12_1;ENST00000382686.8_1;ENST00000395547.6_1;ENST00000562583.5_1;ENST00000563314.5_1;ENST00000564162.1_1;ENST00000564304.5_1;ENST00000565971.5_1;ENST00000566007.5_1;ENST00000566946.5_1;ENST00000570200.5_1,3UTR;CDS
chr16,28848289,28848291,canonical/G3L1-7,138,+,chr16:28848265-28848292:+,False,"            5'- GGGCCAGGGTCCAGCAGGGGTGGGGGGTTCCTGCTCT -3'
       rG4seq-K ------------------------**-----------",ATXN2L|ENSG00000168488.18_4,ENST00000325215.10_1;ENST00000336783.8_1;ENST00000340394.12_1;ENST00000382686.8_1;ENST00000395547.6_1;ENST00000562583.5_1;ENST00000563314.5_1;ENST00000564162.1_1;ENST00000565971.5_1;ENST00000566946.5_1;ENST00000567024.1_1;ENST00000570200.5_1,3UTR
chr16,28962418,28962419,canonical/G3L1-7,12,+,chr16:28962389-28962418:+,False,"            5'- GGGGGTCGGGGCGGCTGGGGCGGTCGGGGCCGGCGTCCT -3'
       rG4seq-K -----------------------------*---------",NFATC2IP|ENSG00000176953.12_4,ENST00000320805.8_3;ENST00000562977.1_1;ENST00000564978.5_3;ENST00000565752.5_1;ENST00000565919.1_1,CDS
chr16,28995794,28995797,longloop,57,+,chr16:28995758-28995794:+,False,"            5'- GGGTAGCTCAGGGGAGGAGGTGGGGGTCCAGGAGGGGGATCCCTCT -3'
       rG4seq-K ------------------------------------***-------",AC109460.3|ENSG00000261067.7_6;SPNS1|ENSG00000169682.17_4,ENST00000311008.15_1;ENST00000323081.12_1;ENST00000334536.12_1;ENST00000352260.11_1;ENST00000565975.5_1;ENST00000566059.5_1;ENST00000568829.1_2;ENST00000569969.5_2,3UTR;CDS;non_coding
chr16,29709354,29709358,two-quartet,26,+,chr16:29709342-29709356:+,False,"            5'- GGGAGGGAGGGAGGGAGGGAAAGG -3'
       rG4seq-K ------------****--------",QPRT|ENSG00000103485.17_3,ENST00000395384.8_1,3UTR
chr16,29709360,29709362,canonical/G3L1-7,80,+,chr16:29709342-29709361:+,False,"            5'- GGGAGGGAGGGAGGGAGGGAAAGGAAGGA -3'
       rG4seq-K ------------------**---------",QPRT|ENSG00000103485.17_3,ENST00000395384.8_1,3UTR
chr16,29709374,29709375,bulges,200,+,chr16:29709342-29709374:+,False,"            5'- GGGAGGGAGGGAGGGAGGGAAAGGAAGGATGGAAAGAAAGGA -3'
       rG4seq-K --------------------------------*---------",QPRT|ENSG00000103485.17_3,ENST00000395384.8_1,3UTR
chr16,29822025,29822028,bulges,181,+,chr16:29822000-29822027:+,False,"            5'- GGGGGAGGGAGGAGAGGAAGGAGGGGGATCAGAGCTG -3'
       rG4seq-K -------------------------*-*---------",AC009133.5|ENSG00000280607.1_6;MAZ|ENSG00000103495.13_4,ENST00000219782.10_3;ENST00000322945.10_3;ENST00000545521.5_1;ENST00000562337.5_1;ENST00000562594.2_1;ENST00000563402.1_1;ENST00000565777.1_1;ENST00000566906.6_1;ENST00000568282.1_1;ENST00000568411.5_3;ENST00000568544.5_1,3UTR;non_coding
chr16,29822126,29822129,two-quartet,526,+,chr16:29822108-29822128:+,False,"            5'- GGTGGTATGGGGGGTTGGGGTCAGGCCCTG -3'
       rG4seq-K ------------------***---------",AC009133.5|ENSG00000280607.1_6;MAZ|ENSG00000103495.13_4,ENST00000219782.10_3;ENST00000322945.10_3;ENST00000545521.5_1;ENST00000562337.5_1;ENST00000562594.2_1;ENST00000563402.1_1;ENST00000565777.1_1;ENST00000566906.6_1;ENST00000568282.1_1;ENST00000568411.5_3;ENST00000568544.5_1,3UTR;non_coding
chr16,29822287,29822289,longloop,211,+,chr16:29822251-29822289:+,False,"            5'- GGGGTCCAGGGCCTAGAGGTGCTTCCTGGGGGCGGGGGAATGCAGCCA -3'
       rG4seq-K ------------------------------------**----------",AC009133.5|ENSG00000280607.1_6;MAZ|ENSG00000103495.13_4,ENST00000219782.10_3;ENST00000322945.10_3;ENST00000545521.5_1;ENST00000562337.5_1;ENST00000562594.2_1;ENST00000563402.1_1;ENST00000565777.1_1;ENST00000566906.6_1;ENST00000568282.1_1;ENST00000568411.5_3;ENST00000568544.5_1,3UTR;non_coding
chr16,29912139,29912143,bulges,18,+,chr16:29912119-29912144:+,False,"            5'- GCGGGGGTGGGGAGGAAAGGGGGAGATTGAGGTGG -3'
       rG4seq-K --------------------****-----------",ASPHD1|ENSG00000174939.10_5,ENST00000308748.9_3;ENST00000483405.5_3;ENST00000563177.5_4,5UTR
chr16,29912154,29912156,longloop,35,+,chr16:29912121-29912155:+,False,"            5'- GGGGGTGGGGAGGAAAGGGGGAGATTGAGGTGGGAGAGAGAAGC -3'
       rG4seq-K ---------------------------------**---------",ASPHD1|ENSG00000174939.10_5,ENST00000308748.9_3;ENST00000483405.5_3;ENST00000563177.5_4,5UTR
chr16,29912442,29912443,canonical/G3L1-7,14,+,chr16:29912412-29912442:+,False,"            5'- GGGACAGGTGGGGAGCTGGGGGGACAGGGGAACTGGGGTC -3'
       rG4seq-K ------------------------------*---------",ASPHD1|ENSG00000174939.10_5,ENST00000308748.9_3;ENST00000414952.6_1;ENST00000483405.5_3;ENST00000563177.5_4;ENST00000566693.1_1,CDS
chr16,29917330,29917332,longloop,65,+,chr16:29917305-29917331:+,False,"            5'- GGGGGTGGGCGGGGGCGGAGGATGGGAACTGGCTAG -3'
       rG4seq-K -------------------------**---------",ASPHD1|ENSG00000174939.10_5,ENST00000308748.9_3;ENST00000414952.6_1;ENST00000483405.5_3;ENST00000566693.1_1,3UTR
chr16,29985221,29985222,bulges,30,+,chr16:29985203-29985222:+,False,"            5'- GGGAGGAAGAGGGAGAGGGAGACCGGGAC -3'
       rG4seq-K ------------------*----------",TAOK2|ENSG00000149930.17_3,ENST00000308893.8_2,5UTR
chr16,29994558,29994559,bulges,39,+,chr16:29994524-29994560:+,False,"            5'- GAGGAAGAGGAGGAGGAGGAGGAGGAAGAGGAGGAGGAGGAAGAAG -3'
       rG4seq-K ----------------------------------*-----------",TAOK2|ENSG00000149930.17_3,ENST00000279394.7_2;ENST00000308893.8_2;ENST00000416441.2_1;ENST00000543033.5_2,CDS
chr16,29994561,29994562,bulges,70,+,chr16:29994530-29994564:+,False,"            5'- GAGGAGGAGGAGGAGGAGGAAGAGGAGGAGGAGGAAGAAGGCCC -3'
       rG4seq-K -------------------------------*------------",TAOK2|ENSG00000149930.17_3,ENST00000279394.7_2;ENST00000308893.8_2;ENST00000416441.2_1;ENST00000543033.5_2,CDS
chr16,29994564,29994565,bulges,174,+,chr16:29994530-29994564:+,False,"            5'- GAGGAGGAGGAGGAGGAGGAAGAGGAGGAGGAGGAAGAAGGCCC -3'
       rG4seq-K ----------------------------------*---------",TAOK2|ENSG00000149930.17_3,ENST00000279394.7_2;ENST00000308893.8_2;ENST00000416441.2_1;ENST00000543033.5_2,CDS
chr16,29998593,29998594,bulges,16,+,chr16:29998562-29998594:+,False,"            5'- GGCCCTTGAGGTGGGGCTGGTGGGTCTGGGGGCCTCCTACCT -3'
       rG4seq-K -------------------------------*----------",TAOK2|ENSG00000149930.17_3,ENST00000279394.7_2;ENST00000308893.8_2;ENST00000416441.2_1;ENST00000543033.5_2;ENST00000566552.1_1,CDS
chr16,29999596,29999598,canonical/G3L1-7,28,+,chr16:29999572-29999597:+,False,"            5'- GGGGCCAGGGGTGGTGGAGGGTGGGAAGAGTCATG -3'
       rG4seq-K ------------------------**---------",TAOK2|ENSG00000149930.17_3,ENST00000279394.7_2;ENST00000308893.8_2;ENST00000416441.2_1,3UTR
chr16,30002933,30002935,canonical/G3L1-7,8,+,chr16:30002916-30002934:+,False,"            5'- GGGCAGGGCAGGGGTGGGTGGAGCCTGA -3'
       rG4seq-K -----------------**---------",TAOK2|ENSG00000149930.17_3,ENST00000279394.7_2;ENST00000570844.1_1,3UTR
chr16,30003205,30003206,canonical/G3L1-7,24,+,chr16:30003186-30003205:+,False,"            5'- GGGGGAGGGGAAGGGTGGGTCTAGACATA -3'
       rG4seq-K -------------------*---------",TAOK2|ENSG00000149930.17_3,ENST00000279394.7_2,3UTR
chr16,30003452,30003453,canonical/G3L1-7,11,+,chr16:30003432-30003453:+,False,"            5'- GGGATCAGGGCTGGGGCGGGGAAACAAGGGA -3'
       rG4seq-K --------------------*----------",TAOK2|ENSG00000149930.17_3,ENST00000279394.7_2,3UTR
chr16,30087352,30087353,bulges,94,+,chr16:30087324-30087352:+,False,"            5'- GGAGCGGCGGCGGCGGCGGCGGCGGCGGTCGAAAGCGG -3'
       rG4seq-K ----------------------------*---------",PPP4C|ENSG00000149923.13_2,ENST00000279387.11_1;ENST00000562664.5_1;ENST00000563200.5_1;ENST00000563597.5_1;ENST00000563732.5_1;ENST00000564966.5_1;ENST00000566749.5_1;ENST00000567040.5_1;ENST00000567642.1_1;ENST00000567828.1_1;ENST00000568810.5_1;ENST00000627746.2_1,5UTR
chr16,30410519,30410520,canonical/G3L1-7,16,+,chr16:30410496-30410519:+,False,"            5'- GGGCCTGGGAGGTGGTGGGAGGGAGAAGGAAGG -3'
       rG4seq-K -----------------------*---------",ZNF48|ENSG00000180035.12_4,ENST00000320159.2_2;ENST00000613509.1_2;ENST00000622647.3_2,3UTR
chr16,30410529,30410532,longloop,28,+,chr16:30410496-30410530:+,False,"            5'- GGGCCTGGGAGGTGGTGGGAGGGAGAAGGAAGGGAAGAAAGGGG -3'
       rG4seq-K ---------------------------------***--------",ZNF48|ENSG00000180035.12_4,ENST00000320159.2_2;ENST00000613509.1_2;ENST00000622647.3_2,3UTR
chr16,30751500,30751501,bulges,25,+,chr16:30751469-30751500:+,False,"            5'- GATTTTCTGGTCTGGTGGAGGGTTGGGTGGGAACTTGGGCA -3'
       rG4seq-K -------------------------------*---------",AC106886.5|ENSG00000282034.1_6;SRCAP|ENSG00000080603.16_4,ENST00000262518.8_2;ENST00000380361.7_1,3UTR
chr16,30787349,30787350,bulges,10,+,chr16:30787327-30787349:+,False,"            5'- GGGGCAGCGGTGCGAGGGTGGGAAAAACGCAG -3'
       rG4seq-K ----------------------*---------",RNF40|ENSG00000103549.21_3,ENST00000324685.10_1;ENST00000493683.5_1,3UTR
chr16,30906421,30906424,canonical/G3L1-7,8,+,chr16:30906402-30906423:+,False,"            5'- GGGTTGGGAGGGGACGAGGGGAGAGCTTCTG -3'
       rG4seq-K -------------------*-*---------",MIR762HG|ENSG00000260083.1_5,ENST00000565573.1_1,non_coding
chr16,31045036,31045042,canonical/G3L1-7,17,+,chr16:31045008-31045041:+,False,"            5'- GGGGGTGTTGGGGTCCGCAGGGGGAGGGAGGGGAGTGTCAGAG -3'
       rG4seq-K ----------------------------******---------",STX4|ENSG00000103496.14_4,ENST00000313843.7_1;ENST00000394998.5_1;ENST00000457779.6_2;ENST00000460668.5_1;ENST00000461455.5_1;ENST00000487411.5_1;ENST00000493902.5_1;ENST00000496977.5_1;ENST00000565483.1_1;ENST00000566353.5_1,5UTR
chr16,31094466,31094467,longloop,13,+,chr16:31094440-31094467:+,False,"            5'- GGGGGAGGGAGCGCGTGCAGGGAGGGGCTTGATCTCC -3'
       rG4seq-K --------------------------*----------",ZNF646|ENSG00000167395.10_4,ENST00000300850.5_1;ENST00000394979.2_1,3UTR
chr16,31129064,31129065,canonical/G3L1-7,32,+,chr16:31129037-31129064:+,False,"            5'- GGGGACTTCAGGGGTCGCGGGGGAGGGCGAGCCCGGG -3'
       rG4seq-K ---------------------------*---------",KAT8|ENSG00000103510.19_4,ENST00000219797.8_1;ENST00000448516.6_1;ENST00000539683.2_1;ENST00000543774.6_1,CDS
chr16,31194961,31194964,longloop,22,+,chr16:31194919-31194963:+,False,"            5'- GGGTTTAGAGGGTGGTGCTGGAGATGGTGTTGGGATTGGCGGGGTGAAATTGGA -3'
       rG4seq-K ------------------------------------------***---------",FUS|ENSG00000089280.18_2,ENST00000254108.11_1;ENST00000380244.7_1;ENST00000487509.6_1;ENST00000487974.1_1;ENST00000566605.5_1;ENST00000568685.1_1,non_coding
chr16,31195709,31195713,bulges,102,+,chr16:31195687-31195714:+,False,"            5'- GTGGTGGTGGAGGTGGAGGTGGAGGTGGAGGTAACTA -3'
       rG4seq-K ----------------------*-**-----------",FUS|ENSG00000089280.18_2,ENST00000254108.11_1;ENST00000380244.7_1;ENST00000487509.6_1;ENST00000487974.1_1;ENST00000566605.5_1;ENST00000568685.1_1,CDS
chr16,31196259,31196261,bulges,528,+,"chr16:31195687-31195717:+,chr16:31196259-31196260:+",True,"            5'- GTGGTGGTGGAGGTGGAGGTGGAGGTGGAGGTAACTATGGC -3'
       rG4seq-K ------------------------------**---------",FUS|ENSG00000089280.18_2,ENST00000254108.11_1;ENST00000380244.7_1;ENST00000487509.6_1;ENST00000487974.1_1;ENST00000566605.5_1;ENST00000568685.1_1,CDS
chr16,31196422,31196429,bulges,212,+,chr16:31196390-31196428:+,False,"            5'- GGTGGCAGTGGTGGCGGCGGCGGCGGCGGCGGTGGTGGTTACAACCGC -3'
       rG4seq-K --------------------------------**-*-**---------",FUS|ENSG00000089280.18_2,ENST00000254108.11_1;ENST00000380244.7_1;ENST00000487509.6_1;ENST00000566605.5_1;ENST00000568685.1_1;ENST00000570090.1_1,CDS
chr16,31198125,31198126,bulges,515,+,"chr16:31196466-31196500:+,chr16:31198122-31198125:+",True,"            5'- GTGGAGGTGGCCGTGGAGGCAGAGGTGGCATGGGCGGAAGTGACCGT -3'
       rG4seq-K -------------------------------------*---------",FUS|ENSG00000089280.18_2,ENST00000254108.11_1;ENST00000380244.7_1;ENST00000474990.5_1;ENST00000487509.6_1;ENST00000566605.5_1;ENST00000568685.1_1;ENST00000570090.1_1,CDS
chr16,31201644,31201645,bulges,122,+,chr16:31201607-31201644:+,False,"            5'- GTGGAGGCTATGGAGGTGGTGGCAGTGGTGGTGGTGGCCGAGGAGGA -3'
       rG4seq-K -------------------------------------*---------",FUS|ENSG00000089280.18_2,ENST00000254108.11_1;ENST00000380244.7_1;ENST00000474990.5_1;ENST00000487509.6_1;ENST00000566605.5_1;ENST00000568685.1_1;ENST00000569760.5_1,3UTR;CDS
chr16,31201653,31201654,bulges,240,+,chr16:31201618-31201653:+,False,"            5'- GGAGGTGGTGGCAGTGGTGGTGGTGGCCGAGGAGGATTTCCCAGT -3'
       rG4seq-K -----------------------------------*---------",FUS|ENSG00000089280.18_2,ENST00000254108.11_1;ENST00000380244.7_1;ENST00000474990.5_1;ENST00000487509.6_1;ENST00000566605.5_1;ENST00000568685.1_1;ENST00000569760.5_1,3UTR;CDS
chr16,31201680,31201681,bulges,471,+,chr16:31201648-31201683:+,False,"            5'- GGAGGATTTCCCAGTGGAGGTGGTGGCGGTGGAGGACAGCAGCGA -3'
       rG4seq-K --------------------------------*------------",FUS|ENSG00000089280.18_2,ENST00000254108.11_1;ENST00000380244.7_1;ENST00000474990.5_1;ENST00000487509.6_1;ENST00000566605.5_1;ENST00000568685.1_1;ENST00000569760.5_1,3UTR;CDS
chr16,31201683,31201684,bulges,448,+,chr16:31201648-31201683:+,False,"            5'- GGAGGATTTCCCAGTGGAGGTGGTGGCGGTGGAGGACAGCAGCGA -3'
       rG4seq-K -----------------------------------*---------",FUS|ENSG00000089280.18_2,ENST00000254108.11_1;ENST00000380244.7_1;ENST00000474990.5_1;ENST00000487509.6_1;ENST00000566605.5_1;ENST00000568685.1_1;ENST00000569760.5_1,3UTR;CDS
chr16,31202386,31202387,longloop,108,+,chr16:31202344-31202386:+,False,"            5'- GGGCCGCGGCGGGGACCGTGGAGGCTTCCGAGGGGGCCGGGGTGGTGGGGAC -3'
       rG4seq-K ------------------------------------------*---------",FUS|ENSG00000089280.18_2,ENST00000254108.11_1;ENST00000380244.7_1;ENST00000474990.5_1;ENST00000483853.1_1;ENST00000487509.6_1;ENST00000566605.5_1;ENST00000568685.1_1;ENST00000569760.5_1,3UTR;CDS
chr16,31202392,31202395,bulges,378,+,chr16:31202363-31202394:+,False,"            5'- GGAGGCTTCCGAGGGGGCCGGGGTGGTGGGGACAGAGGTGG -3'
       rG4seq-K -----------------------------***---------",FUS|ENSG00000089280.18_2,ENST00000254108.11_1;ENST00000380244.7_1;ENST00000474990.5_1;ENST00000483853.1_1;ENST00000487509.6_1;ENST00000566605.5_1;ENST00000568685.1_1;ENST00000569760.5_1,3UTR;CDS
chr16,31770911,31770912,canonical/G3L1-7,15,+,chr16:31770891-31770911:+,False,"            5'- GGGTGGGGGTAGGGAAAGGGTTGAAGTATA -3'
       rG4seq-K --------------------*---------",ZNF720|ENSG00000197302.10_4,ENST00000316491.13_2;ENST00000531864.6_1;ENST00000534277.5_1;ENST00000534369.1_1;ENST00000539915.5_1;ENST00000544044.1_1,3UTR
chr16,31771092,31771093,potential G-quadruplex & G>=40%,28,+,chr16:31771033-31771093:+,False,"            5'- TTAGCTCAGGATCTTGTTTACCTTTGGACAGGGAGGGAGGGAGAAATTTATTTTCTGGGTAGGAGTAAAG -3'
       rG4seq-K -----------------------------------------------------------*----------",ZNF720|ENSG00000197302.10_4,ENST00000316491.13_2;ENST00000531864.6_1;ENST00000534277.5_1;ENST00000534369.1_1;ENST00000539915.5_1;ENST00000544044.1_1,3UTR
chr16,48388024,48388027,canonical/G3L1-7,29,+,chr16:48387999-48388026:+,False,"            5'- GGGGGGTTAGGGGTGGGGCGGGTGGGGAAGAGCCAAA -3'
       rG4seq-K -------------------------***---------",LONP2|ENSG00000102910.13_3,ENST00000285737.8_1;ENST00000564259.1_1;ENST00000565867.2_1,3UTR
chr16,50263674,50263676,potential G-quadruplex & G>=40%,43,+,chr16:50263616-50263676:+,False,"            5'- AGGATGAGGTGGGGAAGGAAAACAAAGGTATCTGATAGGAAGTCCAGATTCCAAAGGGGAAAGTGATCTG -3'
       rG4seq-K ----------------------------------------------------------**----------",TENT4B|ENSG00000121274.12_3,ENST00000357464.4_1;ENST00000436909.7_1;ENST00000561678.5_1;ENST00000562717.1_1,3UTR
chr16,50350982,50350983,two-quartet,24,+,chr16:50350964-50350982:+,False,"            5'- GGGGGTGGCGGTGGAGGGAACGAAAATT -3'
       rG4seq-K ------------------*---------",ADCY7|ENSG00000121281.12_3,ENST00000254235.7_1;ENST00000394697.6_1,3UTR
chr16,51680363,51680365,bulges,11,+,chr16:51680334-51680363:+,False,"            5'- GGTGGTGGTCGTGGAGGTGGTTTCGGTGGGAATGACAAC -3'
       rG4seq-K -----------------------------**--------",HNRNPA1P48|ENSG00000224578.5_4,ENST00000562726.1_2;ENST00000565308.2_2,CDS
chr16,57505671,57505673,canonical/G3L1-7,27,+,chr16:57505650-57505673:+,False,"            5'- GGGGGTGGGGGTGGGGGTGGGGGTGGAAGCAGC -3'
       rG4seq-K ---------------------**----------",POLR2C|ENSG00000102978.12_3,ENST00000219252.9_1,3UTR
chr16,58079137,58079138,canonical/G3L1-7,8,+,chr16:58079112-58079138:+,False,"            5'- GGGCGACGTGGGGGATGGGGATGGGGACTTTGGGGC -3'
       rG4seq-K -------------------------*----------",MMP15|ENSG00000102996.4_2,ENST00000219271.3_1,CDS
chr16,58079151,58079154,canonical/G3L1-7,18,+,chr16:58079128-58079153:+,False,"            5'- GGGGATGGGGACTTTGGGGCCGGGGTCAACAAGGA -3'
       rG4seq-K -----------------------***---------",MMP15|ENSG00000102996.4_2,ENST00000219271.3_1,CDS
chr16,58552405,58552407,longloop,54,+,chr16:58552375-58552406:+,False,"            5'- GGGGAAGAGGGAGCCTTTGTGATAGGGAGGGAGGAGGTGCT -3'
       rG4seq-K ------------------------------**---------",SETD6|ENSG00000103037.11_3,ENST00000219315.8_2;ENST00000310682.6_2;ENST00000394266.8_1;ENST00000422445.5_1;ENST00000427443.5_1;ENST00000447443.1_1;ENST00000463954.1_1;ENST00000491587.1_1,3UTR;CDS
chr16,58552409,58552410,two-quartet,52,+,chr16:58552399-58552412:+,False,"            5'- GGGAGGGAGGAGGTGCTGACTGA -3'
       rG4seq-K ----------*------------",SETD6|ENSG00000103037.11_3,ENST00000219315.8_2;ENST00000310682.6_2;ENST00000394266.8_1;ENST00000422445.5_1;ENST00000427443.5_1;ENST00000447443.1_1;ENST00000463954.1_1;ENST00000491587.1_1,3UTR;CDS
chr16,58554161,58554163,canonical/G3L1-7,26,+,chr16:58554139-58554162:+,False,"            5'- GGGGGGGTGAGGGTAGGGGTGGGCTTTAGGCCT -3'
       rG4seq-K ----------------------**---------",SETD6|ENSG00000103037.11_3,ENST00000394266.8_1,3UTR
chr16,66586477,66586479,G>=40%,32,+,chr16:66586419-66586479:+,False,"            5'- GATCCCGTTGGGGCGCATGCGCGAGAGCGAACGCGGCGCCGTGCGCATGCGCGCAAGAGAGCGGGAAGCC -3'
       rG4seq-K ----------------------------------------------------------**----------",CKLF|ENSG00000217555.12_4,ENST00000264001.8_4;ENST00000345436.8_4;ENST00000351137.8_4;ENST00000362093.4_4;ENST00000526149.1_1;ENST00000534692.1_1,5UTR
chr16,66586482,66586483,potential G-triplex & G>=40%,77,+,chr16:66586423-66586483:+,False,"            5'- CCGTTGGGGCGCATGCGCGAGAGCGAACGCGGCGCCGTGCGCATGCGCGCAAGAGAGCGGGAAGCCGAGC -3'
       rG4seq-K -----------------------------------------------------------*----------",CKLF|ENSG00000217555.12_4,ENST00000264001.8_4;ENST00000345436.8_4;ENST00000351137.8_4;ENST00000362093.4_4;ENST00000526149.1_1;ENST00000534692.1_1,5UTR
chr16,66977955,66977956,bulges,20,+,chr16:66977939-66977956:+,False,"            5'- GGGGAGGAGGGGGTGGGTTCGCTGACA -3'
       rG4seq-K ----------------*----------",AC009084.1|ENSG00000265408.1_6;CES2|ENSG00000172831.11_3,ENST00000317091.8_1;ENST00000417689.5_1;ENST00000566869.1_1;ENST00000568470.5_1,3UTR;non_coding
chr16,67209422,67209423,longloop,114,+,chr16:67209390-67209422:+,False,"            5'- GGGGAGGGTGACTTCTCTCCACATAGGGAGGGCTTAGAGCTC -3'
       rG4seq-K --------------------------------*---------",NOL3|ENSG00000140939.14_3,ENST00000268605.11_1;ENST00000568146.1_1;ENST00000568503.1_1,3UTR
chr16,67226125,67226127,bulges,25,+,chr16:67226106-67226128:+,False,"            5'- GAGGGGAGGCGGCGGGCGGGCGCGATGGCGGA -3'
       rG4seq-K -------------------**-----------",E2F4|ENSG00000205250.8_3,ENST00000379378.7_1;ENST00000561904.5_1;ENST00000563238.5_1;ENST00000565849.5_1;ENST00000567007.5_1;ENST00000568485.1_1;ENST00000568839.5_1;ENST00000569573.1_1,5UTR
chr16,67943067,67943068,bulges,22,+,chr16:67943052-67943069:+,False,"            5'- GGGAGGGGCGGGAGGTGTGTGAGTCGG -3'
       rG4seq-K ---------------*-----------",PSKH1|ENSG00000159792.9_2,ENST00000291041.5_1;ENST00000570631.5_1,CDS
chr16,68331441,68331444,bulges,11,+,chr16:68331420-68331445:+,False,"            5'- GGGGGCTTCAGAGGGTGGGGGGAAGATTGGGGAAC -3'
       rG4seq-K ---------------------***-----------",SLC7A6|ENSG00000103064.14_4,ENST00000219343.10_1;ENST00000379152.7_1;ENST00000566454.5_1;ENST00000618043.4_1;ENST00000648130.1_1,3UTR
chr16,68331458,68331462,canonical/G3L1-7,112,+,chr16:68331432-68331461:+,False,"            5'- GGGTGGGGGGAAGATTGGGGAACGGGGGGAATGGTCATT -3'
       rG4seq-K --------------------------****---------",SLC7A6|ENSG00000103064.14_4,ENST00000219343.10_1;ENST00000379152.7_1;ENST00000566454.5_1;ENST00000618043.4_1;ENST00000648130.1_1,3UTR
chr16,69166584,69166586,bulges,88,+,chr16:69166556-69166586:+,False,"            5'- GAGGCGAGCACCGGGAAGGGGAGCGTGGGGCCGCTGTTTT -3'
       rG4seq-K ----------------------------**----------",UTP4|ENSG00000141076.17_5,ENST00000314423.11_1;ENST00000352319.8_1;ENST00000562237.5_1;ENST00000563094.5_1;ENST00000563299.5_2;ENST00000566227.5_1;ENST00000567460.5_1;ENST00000569800.5_1,5UTR;CDS
chr16,69167367,69167368,canonical/G3L1-7,112,+,"chr16:69166899-69166915:+,chr16:69167360-69167367:+",True,"            5'- GGGGGGACGGGGTAGGGAATGGGTGAATTTAAG -3'
       rG4seq-K -----------------------*---------",UTP4|ENSG00000141076.17_5,ENST00000314423.11_1;ENST00000352319.8_1;ENST00000562237.5_1;ENST00000563094.5_1;ENST00000563299.5_2;ENST00000566227.5_1;ENST00000567235.6_1;ENST00000567460.5_1;ENST00000568448.1_1;ENST00000569800.5_1,5UTR;CDS
chr16,69358583,69358586,bulges,61,+,chr16:69358562-69358587:+,False,"            5'- GGAGTGGGGCGGGGTGGCGGGGGAGAAGCAGCCGT -3'
       rG4seq-K ---------------------***-----------",VPS4A|ENSG00000132612.15_3,ENST00000254950.12_1;ENST00000566354.1_1,3UTR
chr16,69497251,69497253,two-quartet,530,+,chr16:69497234-69497252:+,False,"            5'- GGGGGTGGAAAGGTAGGGATGAATTGGG -3'
       rG4seq-K -----------------**---------",CYB5B|ENSG00000103018.16_4,ENST00000307892.12_2;ENST00000512062.5_2;ENST00000515314.5_2,3UTR
chr16,69497262,69497264,bulges,654,+,chr16:69497234-69497263:+,False,"            5'- GGGGGTGGAAAGGTAGGGATGAATTGGGGTGATAGAACC -3'
       rG4seq-K ----------------------------**---------",CYB5B|ENSG00000103018.16_4,ENST00000307892.12_2;ENST00000512062.5_2;ENST00000515314.5_2,3UTR
chr16,70601377,70601379,bulges,274,+,chr16:70601354-70601379:+,False,"            5'- GGGGAGGGTGTTGATTGGTGTGGGGAAGCTGTTGC -3'
       rG4seq-K -----------------------**----------",SF3B3|ENSG00000189091.12_3,ENST00000302516.9_1;ENST00000563739.5_1,CDS
chr16,70606131,70606133,bulges,191,+,chr16:70606105-70606132:+,False,"            5'- GGCAGGCTGTGGTGGGACTGGGTAGGGTATAGTATCA -3'
       rG4seq-K --------------------------**---------",SF3B3|ENSG00000189091.12_3,ENST00000302516.9_1;ENST00000565990.2_1,3UTR
chr16,71879934,71879936,canonical/G3L1-7,7,+,chr16:71879908-71879935:+,False,"            5'- GGGTGTGGGGCGGCTCCGGGGCCGGGGATGGCGGCGG -3'
       rG4seq-K --------------------------**---------",ATXN1L|ENSG00000224470.7_3;IST1|ENSG00000182149.20_4,ENST00000427980.6_1;ENST00000568581.5_2,5UTR
chr16,72130818,72130819,bulges,107,+,chr16:72130782-72130818:+,False,"            5'- GGGAACGCAGTCGGCAGAGAGAGCGGGAGCGGCGGGAACATGGTGT -3'
       rG4seq-K ------------------------------------*---------",DHX38|ENSG00000140829.11_4,ENST00000268482.7_1;ENST00000566794.5_3;ENST00000579387.5_1,CDS
chr16,77246318,77246319,potential G-quadruplex & G>=40%,9,+,chr16:77246259-77246319:+,False,"            5'- ATGACGGGTGAGAGGGGAAGGGAGGAGTGGGCGAGGAGGGCAGGGGCAGGGCGGAGGGGAACCCGCCCAG -3'
       rG4seq-K -----------------------------------------------------------*----------",SYCE1L|ENSG00000205078.5_5,ENST00000378644.4_4;ENST00000568925.1_1,CDS
chr16,81737473,81737476,two-quartet,67,+,chr16:81737461-81737476:+,False,"            5'- GGAGGAGGATAGGGGATAGGAGGGC -3'
       rG4seq-K ------------***----------",CMIP|ENSG00000153815.16_4,ENST00000398040.8_2;ENST00000537098.7_2;ENST00000539778.6_1;ENST00000561605.1_1;ENST00000566513.5_1;ENST00000621537.4_1,non_coding
chr16,81737499,81737500,canonical/G3L1-7,144,+,chr16:81737472-81737499:+,False,"            5'- GGGGATAGGAGGGCTCAGGGTCTCGGGAACTCCCAGC -3'
       rG4seq-K ---------------------------*---------",CMIP|ENSG00000153815.16_4,ENST00000398040.8_2;ENST00000537098.7_2;ENST00000539778.6_1;ENST00000561605.1_1;ENST00000566513.5_1;ENST00000621537.4_1,non_coding
chr16,81743562,81743566,canonical/G3L1-7,118,+,chr16:81743535-81743565:+,False,"            5'- GGGCGGAGGGGGGAGGGGGTGGGGAGGGGGCCCACAAGCA -3'
       rG4seq-K ---------------------------****---------",CMIP|ENSG00000153815.16_4,ENST00000398040.8_2;ENST00000537098.7_2;ENST00000539778.6_1;ENST00000566513.5_1;ENST00000621537.4_1,3UTR
chr16,81743698,81743700,canonical/G3L1-7,29,+,chr16:81743676-81743699:+,False,"            5'- GGGGTTTGGGGGTGGGCTGGGGGGTGGGGGACC -3'
       rG4seq-K ----------------------**---------",CMIP|ENSG00000153815.16_4,ENST00000398040.8_2;ENST00000537098.7_2;ENST00000539778.6_1;ENST00000621537.4_1,3UTR
chr16,81743703,81743707,canonical/G3L1-7,191,+,chr16:81743676-81743706:+,False,"            5'- GGGGTTTGGGGGTGGGCTGGGGGGTGGGGGACCCTTTGTG -3'
       rG4seq-K ---------------------------****---------",CMIP|ENSG00000153815.16_4,ENST00000398040.8_2;ENST00000537098.7_2;ENST00000539778.6_1;ENST00000621537.4_1,3UTR
chr16,85589755,85589758,two-quartet,18,+,chr16:85589744-85589758:+,False,"            5'- GGGGCGGGGGGGGGAAAGACTGAT -3'
       rG4seq-K -----------***----------",GSE1|ENSG00000131149.18_3,ENST00000635906.1_1;ENST00000637419.1_1,5UTR
chr16,85701964,85701965,potential G-quadruplex & G>=40%,78,+,chr16:85701905-85701965:+,False,"            5'- GGACCGGGACTCGGAGGAGGAGGAAGAGGAGGATGATGAAGATGGAGAAGATGAGGAGGAAGTCCCCAAG -3'
       rG4seq-K -----------------------------------------------------------*----------",GSE1|ENSG00000131149.18_3,ENST00000253458.11_1;ENST00000393243.5_1;ENST00000405402.6_1;ENST00000412692.5_2;ENST00000438180.1_1;ENST00000469381.1_1,CDS
chr16,85707404,85707405,potential G-quadruplex & G>=40%,50,+,chr16:85707345-85707405:+,False,"            5'- GGGAGGAGGGGGTAGTCTGTAGAACCCATGTGTGACAGTCATGTGCACACATGGGCGGGGGCTTTTAAAA -3'
       rG4seq-K -----------------------------------------------------------*----------",GSE1|ENSG00000131149.18_3,ENST00000253458.11_1;ENST00000393243.5_1;ENST00000412692.5_2;ENST00000469381.1_1,3UTR
chr16,85833346,85833347,longloop,673,+,chr16:85833313-85833346:+,False,"            5'- GGGACACCGGGTGTAGAGGGCGGTCGCGGCGGGCAGTGGCGGC -3'
       rG4seq-K ---------------------------------*---------",COX4I1|ENSG00000131143.8_3,ENST00000253452.6_1;ENST00000561569.5_1;ENST00000562336.5_1;ENST00000563774.1_1;ENST00000564544.1_1;ENST00000565078.5_3;ENST00000566115.5_1;ENST00000566405.5_2;ENST00000567241.5_1;ENST00000567266.5_1;ENST00000568339.5_1;ENST00000568794.5_2;ENST00000570123.5_1,5UTR
chr16,88875003,88875005,longloop,9,+,chr16:88874969-88875005:+,False,"            5'- GGGGGCCATCGGGAGTGTGGCTGGGGGTGAAGGGGGCTCTGTGGCA -3'
       rG4seq-K ----------------------------------**----------",CDT1|ENSG00000167513.8_4,ENST00000301019.8_1,3UTR
chr16,89627084,89627085,G>=40%,378,+,chr16:89627025-89627085:+,False,"            5'- AGCGCCCGGCGCTTCTGGTTGGCCGGCCCTGCTATCATCCCAGAGTGCATTGCGGGGCCGCTTCCTTTCC -3'
       rG4seq-K -----------------------------------------------------------*----------",RPL13|ENSG00000167526.13_3,ENST00000311528.9_1;ENST00000491523.5_1;ENST00000563749.1_1,5UTR
chr16,89627460,89627462,G>=40%,967,+,chr16:89627402-89627462:+,False,"            5'- CCACTTCCACAAGGACTGGCAGCGGCGCGTGGCCACGTGGTTCAACCAGCCGGCCCGTAAGATCCGCAGG -3'
       rG4seq-K ----------------------------------------------------------**----------",RPL13|ENSG00000167526.13_3,ENST00000311528.9_1;ENST00000393099.3_1;ENST00000399461.8_1;ENST00000452368.7_1;ENST00000467736.5_1;ENST00000484610.5_1;ENST00000487034.5_1;ENST00000491523.5_1;ENST00000562879.5_1;ENST00000563270.5_1;ENST00000563749.1_1;ENST00000565571.5_1;ENST00000567815.5_2,CDS
chr16,89629537,89629538,canonical/G3L1-7,2243,+,chr16:89629513-89629538:+,False,"            5'- GGGAACAACTGGGCCTGGGATGGGGCTTCACTGCT -3'
       rG4seq-K ------------------------*----------",RPL13|ENSG00000167526.13_3,ENST00000311528.9_1;ENST00000393099.3_1;ENST00000452368.7_1;ENST00000472354.1_1;ENST00000562879.5_1,3UTR
chr16,89663274,89663276,bulges,23,+,chr16:89663254-89663275:+,False,"            5'- GCCAGGTGGGTGGAGGGAGGGAGATCATGAG -3'
       rG4seq-K --------------------**---------",CPNE7|ENSG00000178773.14_5,ENST00000268720.9_2;ENST00000319518.12_2;ENST00000526232.1_2;ENST00000566398.1_1,3UTR
chr16,89936921,89936924,bulges,19,+,chr16:89936894-89936923:+,False,"            5'- GGATTCCTTGCCAGGGAGGAAGGGGAGGGAACAGGGTGG -3'
       rG4seq-K ---------------------------*-*---------",SPIRE2|ENSG00000204991.10_4,ENST00000378247.7_3,3UTR
chr16,89977640,89977642,bulges,62,+,chr16:89977612-89977641:+,False,"            5'- GGACGACGCTGAGGGGGAGGGGGAGTGGGACTGAGCGTC -3'
       rG4seq-K ----------------------------**---------",AC092143.3|ENSG00000267048.1_6;TCF25|ENSG00000141002.19_3,ENST00000263346.12_1;ENST00000263347.11_1;ENST00000562256.5_1;ENST00000564957.5_1;ENST00000565860.1_1;ENST00000566283.1_1;ENST00000567171.1_1;ENST00000570116.6_1;ENST00000570217.1_1;ENST00000640279.1_1,3UTR;CDS;non_coding
chr16,103535,103536,bulges,444,-,chr16:103536-103562:-,False,"            5'- GGGAACGGGCTGATCGTGGAGGAGGGACAACGCTGC -3'
       rG4seq-K --------------------------*---------",POLR3K|ENSG00000161980.5_2,ENST00000293860.5_1,CDS
chr16,242943,242944,bulges,148,-,chr16:242942-242970:-,False,"            5'- GAGGAGGAGAGAGGAGAGGGAACGGGAGGAGCGTCTGA -3'
       rG4seq-K --------------------------*-----------",LUC7L|ENSG00000007392.16_3,ENST00000293872.12_1;ENST00000337351.8_1;ENST00000397780.5_3;ENST00000397783.5_1;ENST00000418978.5_1;ENST00000419516.5_1;ENST00000426094.5_1;ENST00000429378.5_3;ENST00000430864.5_1;ENST00000464711.5_1;ENST00000490762.5_1;ENST00000495349.5_1;ENST00000629543.2_1,3UTR;CDS
chr16,396326,396327,canonical/G3L1-7,31,-,chr16:396327-396347:-,False,"            5'- GGGTCAGGGACAGGGAAGGGCATATCTGGA -3'
       rG4seq-K --------------------*---------",AXIN1|ENSG00000103126.14_2,ENST00000262320.7_1;ENST00000354866.7_1;ENST00000481769.1_1,CDS
chr16,685682,685684,canonical/G3L1-7,60,-,chr16:685683-685706:-,False,"            5'- GGGGCTGGGAGCACTGGGGCGGGATCCTGCCAC -3'
       rG4seq-K ----------------------**---------",METTL26|ENSG00000130731.15_5,ENST00000301686.12_1;ENST00000338401.8_1;ENST00000397664.8_1;ENST00000397665.6_1;ENST00000397666.6_1;ENST00000448973.6_1;ENST00000456420.6_2;ENST00000564039.1_2;ENST00000565163.5_2;ENST00000565799.1_1;ENST00000568077.5_1;ENST00000568773.1_2;ENST00000568830.1_2;ENST00000614890.4_1,CDS
chr16,1413869,1413873,longloop,49,-,chr16:1413870-1413906:-,False,"            5'- GGGGTGGTAGAGCTGGGGAGCCCCAGGGGTGGGGGGACAGCTGGGA -3'
       rG4seq-K ---------------------------------****---------",UNKL|ENSG00000059145.18_4,ENST00000248104.11_1;ENST00000389221.8_3;ENST00000403703.5_1,3UTR
chr16,1414446,1414448,longloop,70,-,chr16:1414447-1414480:-,False,"            5'- GGGCCACGTGGGTGGTGAGGGCACACGAGTGGGAAGCGGCACC -3'
       rG4seq-K --------------------------------**---------",UNKL|ENSG00000059145.18_4,ENST00000248104.11_1;ENST00000389221.8_3;ENST00000403703.5_1;ENST00000562537.1_1,3UTR
chr16,1822058,1822060,longloop,347,-,chr16:1822059-1822089:-,False,"            5'- GGGTCTGCATCTTAGGGGGGAGGGCTGGGGCAAATCGCCA -3'
       rG4seq-K -----------------------------**---------",MRPS34|ENSG00000074071.14_3,ENST00000177742.7_1;ENST00000397375.6_1;ENST00000569585.1_1,3UTR
chr16,2014491,2014493,longloop,1096,-,chr16:2014492-2014526:-,False,"            5'- GGGGCCGGGGTCGCGGCCGTGGACGGGGCCGGGGCCGAGGCCGC -3'
       rG4seq-K ---------------------------------**---------",RPS2|ENSG00000140988.15_3,ENST00000343262.8_1;ENST00000526522.5_1;ENST00000526908.1_1;ENST00000527109.5_1;ENST00000527302.1_1;ENST00000527826.1_1;ENST00000527871.5_1;ENST00000529806.5_1;ENST00000530225.5_1;ENST00000531065.5_1;ENST00000533161.5_1;ENST00000533872.5_1;ENST00000563194.1_2,CDS
chr16,2047969,2047970,canonical/G3L1-7,114,-,chr16:2047970-2047996:-,False,"            5'- GGGGAGGGAAGGGCTGGGATGCTGGGACCTGTTGTT -3'
       rG4seq-K --------------------------*---------",ZNF598|ENSG00000167962.13_3,ENST00000562988.5_1;ENST00000563630.5_2;ENST00000565396.5_1,3UTR
chr16,2047977,2047979,canonical/G3L1-7,85,-,chr16:2047978-2047996:-,False,"            5'- GGGGAGGGAAGGGCTGGGATGCTGGGAC -3'
       rG4seq-K -----------------**---------",ZNF598|ENSG00000167962.13_3,ENST00000562988.5_1;ENST00000563630.5_2;ENST00000565396.5_1,3UTR
chr16,2263476,2263477,canonical/G3L1-7,13,-,chr16:2263475-2263497:-,False,"            5'- GGGTTCTGGGCCTTGGGTGGGGTTGGCAGGGG -3'
       rG4seq-K --------------------*-----------",PGP|ENSG00000184207.8_3,ENST00000333503.7_1;ENST00000562001.1_1,3UTR
chr16,2318059,2318061,bulges,154,-,chr16:2318061-2318098:-,False,"            5'- GGCGGCTGAGGAAAGCAGGAGGAGGTGGCGGCGGCGGGAAGATGGCT -3'
       rG4seq-K -------------------------------------**--------",RNPS1|ENSG00000205937.11_4,ENST00000301730.12_4;ENST00000320225.9_3;ENST00000561718.5_1;ENST00000562690.5_1;ENST00000564311.5_1;ENST00000564822.1_1;ENST00000566458.5_2;ENST00000567147.5_1;ENST00000569598.6_1;ENST00000570051.5_1,5UTR
chr16,3072687,3072688,canonical/G3L1-7,224,-,chr16:3072688-3072705:-,False,"            5'- GGGATGGGAGGGGTGGGAGCATGGGAA -3'
       rG4seq-K -----------------*---------",HCFC1R1|ENSG00000103145.10_3,ENST00000248089.7_2;ENST00000572355.5_1;ENST00000573095.1_1;ENST00000574151.5_2;ENST00000574980.5_2;ENST00000575214.1_1;ENST00000576921.1_1,3UTR
chr16,3777446,3777448,two-quartet,13,-,chr16:3777447-3777460:-,False,"            5'- GGGGGGAGGGGGGTTTTGTTTGG -3'
       rG4seq-K ------------**---------",CREBBP|ENSG00000005339.14_4,ENST00000262367.9_2,3UTR
chr16,4014832,4014834,canonical/G3L1-7,14,-,chr16:4014831-4014858:-,False,"            5'- GGGGTGCTGGGTCCTCAGGGTGGGGGGTCATAGCCAC -3'
       rG4seq-K ------------------------**-----------",ADCY9|ENSG00000162104.9_2,ENST00000294016.7_1;ENST00000576936.5_1,3UTR
chr16,4664825,4664827,bulges,30,-,chr16:4664823-4664863:-,False,"            5'- GGTGGACGCGTGAGGCGGAGGCGCGGGCGGAGGAGGGAGGCCGGAGCGGG -3'
       rG4seq-K ------------------------------------**------------",UBALD1|ENSG00000153443.12_2,ENST00000283474.11_1;ENST00000587615.1_2;ENST00000587649.1_1;ENST00000588691.1_1;ENST00000590965.1_1;ENST00000591401.5_1;ENST00000591897.5_1,5UTR
chr16,4853559,4853560,bulges,65,-,chr16:4853560-4853586:-,False,"            5'- GGGGGTGGGGGCGGGGGAAGATGCGGTAATGAAACC -3'
       rG4seq-K --------------------------*---------",AC020663.1|ENSG00000256599.1;GLYR1|ENSG00000140632.16_3,ENST00000321919.13_2;ENST00000436648.9_1;ENST00000541129.1;ENST00000587936.5_1;ENST00000588732.5_1;ENST00000589389.5_1,3UTR;non_coding
chr16,4853683,4853685,bulges,59,-,chr16:4853684-4853701:-,False,"            5'- GTGGGGGGAGGGCAGGGAAGATGCCTG -3'
       rG4seq-K ----------------**---------",AC020663.1|ENSG00000256599.1;GLYR1|ENSG00000140632.16_3,ENST00000321919.13_2;ENST00000436648.9_1;ENST00000541129.1;ENST00000587936.5_1;ENST00000588732.5_1;ENST00000589389.5_1,3UTR;non_coding
chr16,8946900,8946902,bulges,31,-,chr16:8946901-8946924:-,False,"            5'- GAGGCTCTGGGAGGGACGGAGGGTTTTGGTGAC -3'
       rG4seq-K ----------------------**---------",CARHSP1|ENSG00000153048.10_3,ENST00000396593.6_2;ENST00000610831.4_2;ENST00000611932.4_2;ENST00000614449.4_2;ENST00000618335.4_2;ENST00000619881.4_2,3UTR
chr16,8948201,8948203,longloop,48,-,chr16:8948202-8948232:-,False,"            5'- GGGGGGCTGGGGTGGTGGTGGTGGGAAGGGCTTGTGGAGA -3'
       rG4seq-K -----------------------------**---------",CARHSP1|ENSG00000153048.10_3,ENST00000396593.6_2;ENST00000610831.4_2;ENST00000611932.4_2;ENST00000614449.4_2;ENST00000618335.4_2;ENST00000619881.4_2,3UTR
chr16,8948206,8948208,bulges,19,-,chr16:8948207-8948232:-,False,"            5'- GGGGGGCTGGGGTGGTGGTGGTGGGAAGGGCTTGT -3'
       rG4seq-K ------------------------**---------",CARHSP1|ENSG00000153048.10_3,ENST00000396593.6_2;ENST00000610831.4_2;ENST00000611932.4_2;ENST00000614449.4_2;ENST00000618335.4_2;ENST00000619881.4_2,3UTR
chr16,8948849,8948852,canonical/G3L1-7,150,-,chr16:8948850-8948881:-,False,"            5'- GGGGTATGGGGGGCAGGTGTGGGGTGTGGGGTGTTCCCGGC -3'
       rG4seq-K -----------------------------***---------",CARHSP1|ENSG00000153048.10_3,ENST00000311052.9_2;ENST00000396593.6_2;ENST00000561530.5_2;ENST00000610831.4_2;ENST00000611932.4_2;ENST00000614449.4_2;ENST00000618335.4_2;ENST00000619881.4_2,3UTR
chr16,8948856,8948859,bulges,46,-,chr16:8948857-8948881:-,False,"            5'- GGGGTATGGGGGGCAGGTGTGGGGTGTGGGGTGT -3'
       rG4seq-K ----------------------***---------",CARHSP1|ENSG00000153048.10_3,ENST00000311052.9_2;ENST00000396593.6_2;ENST00000561530.5_2;ENST00000610831.4_2;ENST00000611932.4_2;ENST00000614449.4_2;ENST00000618335.4_2;ENST00000619881.4_2,3UTR
chr16,10624344,10624346,canonical/G3L1-7,65,-,chr16:10624345-10624370:-,False,"            5'- GGGCTGTCCTGGGATGGGGTGTGGGACCTCGTGCT -3'
       rG4seq-K ------------------------**---------",EMP2|ENSG00000213853.9_3,ENST00000359543.7_1,3UTR
chr16,10626305,10626308,bulges,84,-,chr16:10626306-10626329:-,False,"            5'- GGGTGGAAGAGGGTGAGGTGGGGTATAGGAGAA -3'
       rG4seq-K ---------------------***---------",EMP2|ENSG00000213853.9_3,ENST00000359543.7_1,3UTR
chr16,10626316,10626317,two-quartet,33,-,chr16:10626316-10626332:-,False,"            5'- GGTGGGTGGAAGAGGGTGAGGTGGGG -3'
       rG4seq-K ---------------*----------",EMP2|ENSG00000213853.9_3,ENST00000359543.7_1,3UTR
chr16,11022951,11022953,bulges,73,-,chr16:11022952-11022969:-,False,"            5'- GGGGGGCTGAGGGTGGGATTCTCGCTC -3'
       rG4seq-K ----------------**---------",DEXI|ENSG00000182108.10_5,ENST00000331808.4_1;ENST00000469379.5_3;ENST00000570992.1_1,3UTR
chr16,12009528,12009530,bulges,53,-,chr16:12009527-12009564:-,False,"            5'- GTGGCGGCGGCGGCGGCGGCGGCGGCGGCGGCGGGAGCAGCAGCGGC -3'
       rG4seq-K ----------------------------------**-----------",AC007216.1|ENSG00000266163.1;GSPT1|ENSG00000103342.12_4,ENST00000420576.6_3;ENST00000434724.6_2;ENST00000439887.6_2;ENST00000583357.1,CDS;non_coding
chr16,14530434,14530436,longloop,69,-,chr16:14530435-14530471:-,False,"            5'- GGGAGGGGTTGGAAACCAAGTTGTCTCCTGGGGGGGAGAAAACAGG -3'
       rG4seq-K -----------------------------------**---------",PARN|ENSG00000140694.16_2,ENST00000341484.11_1;ENST00000420015.6_1;ENST00000437198.6_1,3UTR
chr16,18812849,18812850,bulges,207,-,chr16:18812850-18812883:-,False,"            5'- GGGCGTTCCCTCGGGTTGTGGTTGGTGTGCGGGTTTCGGTTGG -3'
       rG4seq-K ---------------------------------*---------",ARL6IP1|ENSG00000170540.14_3,ENST00000304414.11_1;ENST00000562234.2_1;ENST00000562819.5_1;ENST00000563861.5_1;ENST00000566391.1_1;ENST00000567969.1_1;ENST00000569976.5_1,5UTR
chr16,20870832,20870834,longloop,13,-,chr16:20870831-20870858:-,False,"            5'- GGGGAGGGCATAGAGCAGGGCGGGGGGATGGGACTGT -3'
       rG4seq-K ------------------------**-----------",DCUN1D3|ENSG00000188215.9_3;ERI2|ENSG00000196678.13_3,ENST00000324344.8_1;ENST00000563934.1_1;ENST00000564349.5_1,3UTR;non_coding
chr16,23478676,23478677,longloop,58,-,chr16:23478677-23478706:-,False,"            5'- GGGGAGAGGGTGGTAGCACAGGGCTTGGGATATCGGCAG -3'
       rG4seq-K -----------------------------*---------",GGA2|ENSG00000103365.15_3,ENST00000309859.8_1;ENST00000566685.1_1;ENST00000567339.1_1;ENST00000567468.5_1;ENST00000568922.1_1,3UTR
chr16,28222787,28222791,longloop,106,-,chr16:28222788-28222829:-,False,"            5'- GGGGCCCGGTGGGGAAGGGGTTGTCTTTGCATGGGTGGGGGACTTCCCGAG -3'
       rG4seq-K --------------------------------------****---------",XPO6|ENSG00000169180.11_5,ENST00000304658.9_1;ENST00000565698.5_2;ENST00000566073.1_3;ENST00000569951.1_4,5UTR
chr16,28222900,28222902,canonical/G3L1-7,37,-,chr16:28222901-28222918:-,False,"            5'- GGGGAGGGGCGGGTGGGTCTGGATGAA -3'
       rG4seq-K ----------------**---------",XPO6|ENSG00000169180.11_5,ENST00000304658.9_1;ENST00000566073.1_3,5UTR
chr16,28503284,28503285,longloop,7,-,chr16:28503283-28503311:-,False,"            5'- GGGGCGGGGGAGAGTACGATGGGTGGGGCGTGGTGGGT -3'
       rG4seq-K --------------------------*-----------",AC138894.1|ENSG00000261832.6_6;CLN3|ENSG00000188603.19_5,ENST00000357806.11_2;ENST00000357857.14_4;ENST00000359984.12_4;ENST00000360019.8_4;ENST00000395653.9_3;ENST00000561689.6_2;ENST00000563874.5_2;ENST00000564574.5_2;ENST00000565236.1_1;ENST00000565688.5_3;ENST00000566083.6_2;ENST00000567495.6_3;ENST00000567804.1_2;ENST00000567963.6_4;ENST00000568076.6_2;ENST00000568224.4_2;ENST00000568443.2_3;ENST00000568452.6_2;ENST00000568472.6_2;ENST00000568497.6_3;ENST00000568558.6_3;ENST00000569430.6_5;ENST00000628023.3_2;ENST00000631023.2_2;ENST00000635861.1_1;ENST00000635887.1_1;ENST00000635958.1_1;ENST00000635973.1_2;ENST00000636017.1_1;ENST00000636147.1_3;ENST00000636172.1_1;ENST00000636355.1_1;ENST00000636766.1_1;ENST00000636839.1_1;ENST00000636866.1_1;ENST00000636977.1_1;ENST00000637100.1_2;ENST00000637107.1_1;ENST00000637110.1_1;ENST00000637184.1_2;ENST00000637299.1_1;ENST00000637376.1_1;ENST00000637578.1_1;ENST00000637871.1_1,5UTR
chr16,29870181,29870182,two-quartet,68,-,chr16:29870182-29870199:-,False,"            5'- GGGAGGTGGTGTGAGGGCCAGGTTTCC -3'
       rG4seq-K -----------------*---------",CDIPT|ENSG00000103502.13_2,ENST00000219789.10_1;ENST00000561555.5_1;ENST00000563415.1_1;ENST00000563893.5_1;ENST00000566113.5_1;ENST00000567459.1_1;ENST00000569956.5_1;ENST00000570016.5_1,3UTR
chr16,29874294,29874295,longloop,23,-,chr16:29874294-29874331:-,False,"            5'- GGGCTTCAGCATCTGGGGCCAGGTTGGGGCGGCGGGGTCCAGGGCGC -3'
       rG4seq-K ------------------------------------*----------",CDIPT|ENSG00000103502.13_2,ENST00000219789.10_1;ENST00000562041.1_1;ENST00000563893.5_1;ENST00000564296.5_1;ENST00000566113.5_1;ENST00000569956.5_1;ENST00000570016.5_1,5UTR
chr16,30005957,30005959,two-quartet,57,-,chr16:30005958-30005983:-,False,"            5'- GGAGGAGGAAAAGGGGTACAAGGGGAAGACTAGGA -3'
       rG4seq-K ------------------------**---------",HIRIP3|ENSG00000149929.15_2,ENST00000279392.7_1;ENST00000563053.1_1;ENST00000563680.1_1;ENST00000564026.1_1,CDS
chr16,30005966,30005967,two-quartet,40,-,chr16:30005967-30005983:-,False,"            5'- GGAGGAGGAAAAGGGGTACAAGGGGA -3'
       rG4seq-K ----------------*---------",HIRIP3|ENSG00000149929.15_2,ENST00000279392.7_1;ENST00000563053.1_1;ENST00000563680.1_1;ENST00000564026.1_1,CDS
chr16,30441259,30441263,bulges,159,-,chr16:30441260-30441295:-,False,"            5'- GTGGCCGGTGGGGAGATTCGTGGGGACACGGGGGGAGAGGACACT -3'
       rG4seq-K --------------------------------****---------",DCTPP1|ENSG00000179958.8_2,ENST00000319285.4_1;ENST00000565758.1_1;ENST00000567983.1_1,5UTR;CDS
chr16,30535416,30535419,canonical/G3L1-7,17,-,chr16:30535417-30535441:-,False,"            5'- GGGGAGTGGGGCCCCGGGGTGGGGCCTGGGCCTC -3'
       rG4seq-K ----------------------***---------",ZNF768|ENSG00000169957.9_3,ENST00000380412.6_1,3UTR
chr16,30535525,30535526,canonical/G3L1-7,36,-,chr16:30535525-30535545:-,False,"            5'- GGGAGGGGGGAGGGCAGGGGATTACCTAAT -3'
       rG4seq-K -------------------*----------",ZNF768|ENSG00000169957.9_3,ENST00000380412.6_1;ENST00000562803.1_1,3UTR
chr16,30535804,30535806,longloop,42,-,chr16:30535805-30535834:-,False,"            5'- GGGGCCCCAGCAGGGGTGGGAGGTGTGGGCAGAAGATAA -3'
       rG4seq-K ----------------------------**---------",ZNF768|ENSG00000169957.9_3,ENST00000380412.6_1;ENST00000562803.1_1,3UTR
chr16,30790475,30790476,canonical/G3L1-7,17,-,chr16:30790475-30790497:-,False,"            5'- GGGATGGGTGAGGGCTAAGGGGCTTGGCTCTT -3'
       rG4seq-K ---------------------*----------",ZNF629|ENSG00000102870.5_2,ENST00000262525.5_1,3UTR
chr16,31501392,31501393,bulges,144,-,chr16:31501391-31501420:-,False,"            5'- GGAGGGTGGGAGCACGAACGAGGTGGGAGTTCTGTCCCC -3'
       rG4seq-K ---------------------------*-----------",C16orf58|ENSG00000140688.16_3,ENST00000327237.6_1;ENST00000430477.6_1;ENST00000568491.1_1;ENST00000570164.5_2,3UTR
chr16,31501409,31501410,bulges,58,-,chr16:31501408-31501434:-,False,"            5'- GGCGGTGGAGCTGGGGAGGGTGGGAGCACGAACGAG -3'
       rG4seq-K ------------------------*-----------",C16orf58|ENSG00000140688.16_3,ENST00000327237.6_1;ENST00000430477.6_1;ENST00000568491.1_1;ENST00000570164.5_2,3UTR
chr16,46692136,46692138,longloop,48,-,chr16:46692137-46692168:-,False,"            5'- GGGATTGGGGATGGGGAAGTTCTGCAGAGGGTTGTATGAAT -3'
       rG4seq-K ------------------------------**---------",VPS35|ENSG00000069329.17_4,ENST00000299138.11_1;ENST00000647959.1_1,3UTR
chr16,46692151,46692152,potential G-quadruplex & G>=40%,32,-,chr16:46692151-46692211:-,False,"            5'- ATGGTAAGGGTTTGTGCAGGAGAGCAGTGAAGAAGAGCTTTGAGGGATTGGGGATGGGGAAGTTCTGCAG -3'
       rG4seq-K -----------------------------------------------------------*----------",VPS35|ENSG00000069329.17_4,ENST00000299138.11_1;ENST00000647959.1_1,3UTR
chr16,56464932,56464933,two-quartet,267,-,chr16:56464933-56464949:-,False,"            5'- GGAGGGTGGAGAGAGGTAGACTTTTG -3'
       rG4seq-K ----------------*---------",NUDT21|ENSG00000167005.13_4,ENST00000300291.9_1,3UTR
chr16,57505966,57505967,longloop,18,-,chr16:57505967-57506000:-,False,"            5'- GGGGAACTGGGGTCCAAAGGTCTTTGGGGAGGGAGGCAGAGCT -3'
       rG4seq-K ---------------------------------*---------",DOK4|ENSG00000125170.10_3,ENST00000340099.8_1;ENST00000566936.5_2,3UTR
chr16,57792515,57792517,longloop,102,-,chr16:57792516-57792541:-,False,"            5'- GGGCGGGAGTGTGGAGGAGGGTGGGCCTCTCACCC -3'
       rG4seq-K ------------------------**---------",KIFC3|ENSG00000140859.15_4,ENST00000379655.8_1;ENST00000421376.6_3;ENST00000445690.6_1;ENST00000465878.6_3;ENST00000540079.6_3;ENST00000541240.5_3;ENST00000543930.5_3;ENST00000565397.1_1,3UTR;CDS
chr16,66650676,66650678,bulges,23,-,chr16:66650675-66650698:-,False,"            5'- GGTGAGGAGGGGAGAGGAGGGAGACCTGCTGGT -3'
       rG4seq-K --------------------**-----------",CMTM4|ENSG00000183723.12_3,ENST00000330687.8_1;ENST00000561680.5_3;ENST00000581487.1_1,3UTR
chr16,66755431,66755433,longloop,172,-,chr16:66755432-66755461:-,False,"            5'- GGGTTCTTTTTGGGAGGTGGGAGGAAGGGAGATGAGTTT -3'
       rG4seq-K ----------------------------**---------",DYNC1LI2|ENSG00000135720.12_3,ENST00000258198.6_1,3UTR
chr16,66755439,66755440,longloop,111,-,chr16:66755440-66755471:-,False,"            5'- GGGAGCTGCAGGGTTCTTTTTGGGAGGTGGGAGGAAGGGAG -3'
       rG4seq-K -------------------------------*---------",DYNC1LI2|ENSG00000135720.12_3,ENST00000258198.6_1,3UTR
chr16,66756833,66756834,potential G-quadruplex & G>=40%,158,-,chr16:66756833-66756893:-,False,"            5'- CCTCGTGAGAGGTACTGGGGTCCACGGATATGTGTTGTGGGGCAGACAGTCACTGTGGGATGTCTTCAAA -3'
       rG4seq-K -----------------------------------------------------------*----------",DYNC1LI2|ENSG00000135720.12_3,ENST00000258198.6_1,3UTR
chr16,66757121,66757122,two-quartet,205,-,chr16:66757122-66757141:-,False,"            5'- GGGAGGTGGAGGAAGGAGGAGATGAGCAG -3'
       rG4seq-K -------------------*---------",DYNC1LI2|ENSG00000135720.12_3,ENST00000258198.6_1,3UTR
chr16,66968075,66968078,longloop,22,-,chr16:66968074-66968110:-,False,"            5'- GGGCGCGGGCGGGTTCCGGGGGCTTGCGGTGGGGGGAGCAGTGATA -3'
       rG4seq-K --------------------------------***-----------",CIAO2B|ENSG00000166595.11_4,ENST00000422424.6_1;ENST00000562362.5_1;ENST00000563490.1_1;ENST00000567511.1_3;ENST00000568572.5_1;ENST00000569299.1_1,non_coding
chr16,67182357,67182358,bulges,109,-,chr16:67182357-67182387:-,False,"            5'- GCTTTATTGGAGAGGGGATGTGGGCAGGGGATAAGGAAGG -3'
       rG4seq-K -----------------------------*----------",B3GNT9|ENSG00000237172.3_2,ENST00000449549.3_1,3UTR
chr16,67210398,67210400,bulges,16,-,chr16:67210399-67210419:-,False,"            5'- GGGGATGGGGGTGGTTTGGGAATAGAAACT -3'
       rG4seq-K -------------------**---------",KIAA0895L|ENSG00000196123.12_2,ENST00000290881.11_1;ENST00000561621.5_1;ENST00000561679.5_1;ENST00000568563.5_1,3UTR
chr16,67977150,67977152,canonical/G3L1-7,11,-,chr16:67977150-67977179:-,False,"            5'- GGGGTGACGGGGGTAAGGGTCACGGGGGGAATCCAGAGT -3'
       rG4seq-K ---------------------------**----------",LCAT|ENSG00000213398.7_4,ENST00000264005.9_1;ENST00000570980.1_2;ENST00000575467.5_1,5UTR
chr16,67978360,67978361,canonical/G3L1-7,68,-,chr16:67978361-67978382:-,False,"            5'- GGGAAGGGTAGCCAGGGAGGGAGTCCAGCCC -3'
       rG4seq-K ---------------------*---------",SLC12A4|ENSG00000124067.16_4,ENST00000316341.7_2;ENST00000422611.6_1;ENST00000572037.5_1,3UTR
chr16,69152015,69152016,canonical/G3L1-7,267,-,chr16:69152016-69152047:-,False,"            5'- GGGAATTAGGGTGGGGGTGGGGGATGAAGGGAAGAAATCAC -3'
       rG4seq-K -------------------------------*---------",CHTF8|ENSG00000168802.12_5,ENST00000306585.8_1;ENST00000448552.6_1;ENST00000518041.5_1;ENST00000523421.5_1,3UTR
chr16,69152023,69152027,canonical/G3L1-7,89,-,chr16:69152024-69152047:-,False,"            5'- GGGAATTAGGGTGGGGGTGGGGGATGAAGGGAA -3'
       rG4seq-K --------------------****---------",CHTF8|ENSG00000168802.12_5,ENST00000306585.8_1;ENST00000448552.6_1;ENST00000518041.5_1;ENST00000523421.5_1,3UTR
chr16,69152031,69152033,canonical/G3L1-7,17,-,chr16:69152031-69152055:-,False,"            5'- GGGAATATGGGAATTAGGGTGGGGGTGGGGGATG -3'
       rG4seq-K ----------------------**----------",CHTF8|ENSG00000168802.12_5,ENST00000306585.8_1;ENST00000448552.6_1;ENST00000518041.5_1;ENST00000523421.5_1,3UTR
chr16,70298974,70298975,bulges,850,-,chr16:70298974-70298994:-,False,"            5'- GGGCAAGGGAGCTGGTGGGGAAGACCTCAT -3'
       rG4seq-K -------------------*----------",AARS|ENSG00000090861.15_3,ENST00000261772.12_1;ENST00000566969.1_1;ENST00000569790.2_2,CDS
chr16,70323340,70323343,longloop,835,-,chr16:70323342-70323378:-,False,"            5'- GGGCCCTTGGCGGGGGACTCTGAGGGAGGAGCTGGGGACGGCGACC -3'
       rG4seq-K -----------------------------------***--------",AARS|ENSG00000090861.15_3,ENST00000261772.12_1,5UTR
chr16,70414142,70414144,canonical/G3L1-7,17,-,chr16:70414143-70414161:-,False,"            5'- GGGGAGGGTTGGGATGGGCAGTGGGCCC -3'
       rG4seq-K -----------------**---------",ST3GAL2|ENSG00000157350.12_2,ENST00000342907.2_1;ENST00000393640.8_1,3UTR
chr16,70695709,70695711,longloop,23,-,chr16:70695710-70695738:-,False,"            5'- GGGAATAGAGTGAGGGGCAGTGGGTGGGCAGACCTGGG -3'
       rG4seq-K ---------------------------**---------",MTSS1L|ENSG00000132613.14_2,ENST00000338779.10_1,3UTR
chr16,70696610,70696611,bulges,49,-,chr16:70696613-70696642:-,False,"            5'- GTGGACGAGGACTAAGTGTGGGGGAGAGGGGACGATACA -3'
       rG4seq-K -------------------------------*-------",MTSS1L|ENSG00000132613.14_2,ENST00000338779.10_1,3UTR
chr16,74486086,74486088,longloop,56,-,chr16:74486086-74486115:-,False,"            5'- GGGAGGGGTCCTTGAAGATGGGTGTGGGGAGCAGTGGGT -3'
       rG4seq-K ---------------------------**----------",GLG1|ENSG00000090863.11_3,ENST00000205061.9_2;ENST00000422840.6_1;ENST00000447066.6_3,3UTR
chr16,74486305,74486306,canonical/G3L1-7,73,-,chr16:74486306-74486328:-,False,"            5'- GGGCAGCTGGGGAGGGGAAGGGACCGGAAGTT -3'
       rG4seq-K ----------------------*---------",GLG1|ENSG00000090863.11_3,ENST00000205061.9_2;ENST00000422840.6_1;ENST00000447066.6_3,3UTR
chr16,74640665,74640668,bulges,34,-,chr16:74640666-74640691:-,False,"            5'- GGGGAGGAGCGGGGGCTGGTGGGGGCTGGAAGCTG -3'
       rG4seq-K -----------------------***---------",GLG1|ENSG00000090863.11_3,ENST00000205061.9_2;ENST00000422840.6_1;ENST00000447066.6_3;ENST00000562090.5_1;ENST00000565260.1_1;ENST00000567951.5_1;ENST00000627032.2_1,CDS
chr16,75263374,75263376,bulges,28,-,chr16:75263372-75263407:-,False,"            5'- GGTGGTGACCCCAGGAGGGAGGCAGGGGAGGGGTGCGGCGGTCCC -3'
       rG4seq-K -------------------------------**------------",BCAR1|ENSG00000050820.16_6,ENST00000162330.9_1;ENST00000393422.6_2;ENST00000418647.7_2;ENST00000420641.7_2;ENST00000535626.6_3;ENST00000538440.6_2;ENST00000542031.6_2;ENST00000562556.5_1;ENST00000563038.5_1;ENST00000566982.1_1,3UTR
chr16,84599579,84599580,longloop,52,-,chr16:84599580-84599608:-,False,"            5'- GGGAGAGAGGCCCAGGGTGGGGACTGGGAATTTAAGGA -3'
       rG4seq-K ----------------------------*---------",COTL1|ENSG00000103187.7_2,ENST00000262428.4_1;ENST00000564057.1_1;ENST00000567278.1_1,3UTR
chr16,85008890,85008893,canonical/G3L1-7,42,-,chr16:85008891-85008915:-,False,"            5'- GGGCACCTCTGGGAAGGGGAGGGGACCATGAGGC -3'
       rG4seq-K ----------------------***---------",ZDHHC7|ENSG00000153786.12_3,ENST00000313732.8_1;ENST00000344861.9_1,3UTR
chr16,87863681,87863683,canonical/G3L1-7,1755,-,chr16:87863682-87863700:-,False,"            5'- GGGCTGGGTTGGGTAGGGTGTTCTGGCT -3'
       rG4seq-K -----------------**---------",SLC7A5|ENSG00000103257.8_2,ENST00000261622.4_1;ENST00000565644.5_1,3UTR
chr16,87863688,87863689,bulges,327,-,chr16:87863687-87863717:-,False,"            5'- GGCTAACCTGTTACACTGGGCTGGGTTGGGTAGGGTGTTC -3'
       rG4seq-K ----------------------------*-----------",SLC7A5|ENSG00000103257.8_2,ENST00000261622.4_1;ENST00000565644.5_1,3UTR
chr16,87865976,87865978,canonical/G3L1-7,1432,-,chr16:87865977-87866008:-,False,"            5'- GGGAGGGGGTGGGGGATCTGGGCAAGGTGGGTGATTCCTCC -3'
       rG4seq-K ------------------------------**---------",SLC7A5|ENSG00000103257.8_2,ENST00000261622.4_1;ENST00000565644.5_1,3UTR
chr16,87865985,87865987,canonical/G3L1-7,718,-,chr16:87865986-87866018:-,False,"            5'- GGGTGGCACTGGGAGGGGGTGGGGGATCTGGGCAAGGTGGGT -3'
       rG4seq-K -------------------------------**---------",SLC7A5|ENSG00000103257.8_2,ENST00000261622.4_1;ENST00000565644.5_1,3UTR
chr16,87865992,87865996,canonical/G3L1-7,415,-,chr16:87865993-87866018:-,False,"            5'- GGGTGGCACTGGGAGGGGGTGGGGGATCTGGGCAA -3'
       rG4seq-K ----------------------****---------",SLC7A5|ENSG00000103257.8_2,ENST00000261622.4_1;ENST00000565644.5_1,3UTR
chr16,88800372,88800373,bulges,34,-,chr16:88800373-88800396:-,False,"            5'- GGAGGAGGAGGAGGAGGAGGAGGACTCCAGGGA -3'
       rG4seq-K -----------------------*---------",PIEZO1|ENSG00000103335.22_4,ENST00000301015.14_3,CDS
chr16,88878136,88878138,canonical/G3L1-7,25,-,chr16:88878137-88878153:-,False,"            5'- GGGCGGGCGGGGCGGGAACCCTCGTC -3'
       rG4seq-K ---------------**---------",APRT|ENSG00000198931.10_2,ENST00000378364.7_1;ENST00000426324.6_1;ENST00000562464.1_1;ENST00000563655.5_1;ENST00000564858.1_1;ENST00000567391.5_1;ENST00000567713.5_1;ENST00000568319.5_1;ENST00000569616.1_1,non_coding
chr16,89353937,89353938,bulges,20,-,chr16:89353937-89353958:-,False,"            5'- GGGGAGGGCAGGTGTGAGGGGAATGGCCCTG -3'
       rG4seq-K --------------------*----------",ANKRD11|ENSG00000167522.15_5,ENST00000301030.9_2;ENST00000330736.10_3;ENST00000378330.7_2;ENST00000378332.7_2;ENST00000562194.1_2;ENST00000562275.6_2;ENST00000567699.2_2;ENST00000568100.2_2;ENST00000613312.4_2;ENST00000642443.1_1;ENST00000642600.1_1;ENST00000642695.1_1;ENST00000643964.1_1;ENST00000644285.1_1;ENST00000644784.1_1;ENST00000645212.1_1;ENST00000646345.1_1;ENST00000646838.1_1,3UTR
chr16,89354146,89354147,two-quartet,46,-,chr16:89354147-89354174:-,False,"            5'- GGCTTGTTCCGGTGGGGTGGGGGGTGGATTGAAGACT -3'
       rG4seq-K ---------------------------*---------",ANKRD11|ENSG00000167522.15_5,ENST00000301030.9_2;ENST00000330736.10_3;ENST00000378330.7_2;ENST00000378332.7_2;ENST00000562194.1_2;ENST00000562275.6_2;ENST00000567699.2_2;ENST00000568100.2_2;ENST00000613312.4_2;ENST00000642333.1_1;ENST00000642443.1_1;ENST00000642600.1_1;ENST00000642695.1_1;ENST00000643964.1_1;ENST00000644285.1_1;ENST00000644784.1_1;ENST00000645212.1_1;ENST00000646345.1_1;ENST00000646838.1_1,3UTR
chr16,89864950,89864951,longloop,84,-,chr16:89864951-89864990:-,False,"            5'- GGGGCTCTGGGGTTTGCTTCCCTCTAGTGTGGGCAGGGGACCTTGAAGT -3'
       rG4seq-K ---------------------------------------*---------",FANCA|ENSG00000187741.14_4,ENST00000389301.7_1;ENST00000389302.7_1;ENST00000563673.5_1;ENST00000566409.1_1;ENST00000566889.5_1;ENST00000567621.5_1;ENST00000568369.5_1,3UTR
chr16,89864977,89864979,bulges,48,-,chr16:89864978-89865006:-,False,"            5'- GGGGTTTGGTGGAAATGGGGCTCTGGGGTTTGCTTCCC -3'
       rG4seq-K ---------------------------**---------",FANCA|ENSG00000187741.14_4,ENST00000389301.7_1;ENST00000389302.7_1;ENST00000563673.5_1;ENST00000566409.1_1;ENST00000566889.5_1;ENST00000567621.5_1;ENST00000568369.5_1,3UTR
chr16,90036595,90036597,bulges,16,-,chr16:90036597-90036625:-,False,"            5'- GGAGCTGGCAGTGGGGGAGGAGGAGAGGGAAGATGGTC -3'
       rG4seq-K ----------------------------**--------",CENPBD1|ENSG00000177946.4,ENST00000314994.3;ENST00000567035.1,3UTR
chr17,645115,645116,bulges,38,+,chr17:645093-645116:+,False,"            5'- GGGAGGTGGAAGCATGGGGTGGGATCGGTGGAC -3'
       rG4seq-K ----------------------*----------",FAM57A|ENSG00000167695.14_2,ENST00000301324.8_2;ENST00000308278.12_1;ENST00000570699.1_1;ENST00000570892.1_1;ENST00000577008.1_2,3UTR
chr17,645131,645132,bulges,50,+,chr17:645097-645134:+,False,"            5'- GGTGGAAGCATGGGGTGGGATCGGTGGACCAGGGTGGTAAGTGTCTG -3'
       rG4seq-K ----------------------------------*------------",FAM57A|ENSG00000167695.14_2,ENST00000301324.8_2;ENST00000308278.12_1;ENST00000570699.1_1;ENST00000570892.1_1;ENST00000577008.1_2,3UTR
chr17,645436,645438,bulges,31,+,chr17:645409-645437:+,False,"            5'- GGGGCTGGGGGTGGGGGCAGGCAGGAGGCATGGATGGG -3'
       rG4seq-K ---------------------------**---------",FAM57A|ENSG00000167695.14_2,ENST00000301324.8_2;ENST00000308278.12_1;ENST00000570699.1_1;ENST00000570892.1_1,3UTR
chr17,645446,645447,bulges,60,+,chr17:645409-645447:+,False,"            5'- GGGGCTGGGGGTGGGGGCAGGCAGGAGGCATGGATGGGAACCTGAGTA -3'
       rG4seq-K -------------------------------------*----------",FAM57A|ENSG00000167695.14_2,ENST00000301324.8_2;ENST00000308278.12_1;ENST00000570699.1_1;ENST00000570892.1_1,3UTR
chr17,1733367,1733368,longloop,117,+,chr17:1733324-1733368:+,False,"            5'- GGGACCCGGGTGGGGAAGCTGGAGCTGTTGCGGGGTCCGCGGGGAAGTCTTGGC -3'
       rG4seq-K -------------------------------------------*----------",RPA1|ENSG00000132383.11_2,ENST00000254719.9_1;ENST00000570451.5_2;ENST00000571058.5_2,5UTR
chr17,2283025,2283027,canonical/G3L1-7,17,+,chr17:2283009-2283027:+,False,"            5'- GGGCCGGGATGGGAGGGGTCAGCCTCAG -3'
       rG4seq-K ----------------**----------",SGSM2|ENSG00000141258.12_3,ENST00000268989.7_1;ENST00000426855.6_1;ENST00000572841.1_1;ENST00000572925.1_2;ENST00000574563.5_1,3UTR
chr17,2588475,2588477,two-quartet,40,+,chr17:2588461-2588476:+,False,"            5'- GGGGTGGGGGGAGGGCAAGCTGGAT -3'
       rG4seq-K --------------**---------",PAFAH1B1|ENSG00000007168.12_3,ENST00000397195.9_1,3UTR
chr17,2937463,2937464,canonical/G3L1-7,36,+,chr17:2937444-2937464:+,False,"            5'- GGGGTGAGGGGAGGGAGGGGCAGCCCCGAG -3'
       rG4seq-K -------------------*----------",RAP1GAP2|ENSG00000132359.14_4,ENST00000254695.12_2;ENST00000366401.8_2;ENST00000540393.6_3;ENST00000542807.1_2;ENST00000571555.1_1;ENST00000637138.1_2,3UTR
chr17,4624359,4624360,canonical/G3L1-7,11,+,chr17:4624339-4624360:+,False,"            5'- GGGGTGGGAAGAAGGGAGGGGATGGGGTTGG -3'
       rG4seq-K --------------------*----------",ARRB2|ENSG00000141480.17_2,ENST00000269260.6_1;ENST00000346341.6_1;ENST00000381488.10_1;ENST00000412477.7_1;ENST00000571206.1_2;ENST00000572457.5_2;ENST00000574954.5_2;ENST00000575877.5_1,3UTR
chr17,4624370,4624372,canonical/G3L1-7,34,+,chr17:4624344-4624371:+,False,"            5'- GGGAAGAAGGGAGGGGATGGGGTTGGGAGAGGTGAGG -3'
       rG4seq-K --------------------------**---------",ARRB2|ENSG00000141480.17_2,ENST00000269260.6_1;ENST00000346341.6_1;ENST00000381488.10_1;ENST00000412477.7_1;ENST00000571206.1_2;ENST00000572457.5_2;ENST00000574954.5_2;ENST00000575877.5_1,3UTR
chr17,4624382,4624383,longloop,55,+,chr17:4624352-4624382:+,False,"            5'- GGGAGGGGATGGGGTTGGGAGAGGTGAGGGCAGGATTAAG -3'
       rG4seq-K ------------------------------*---------",ARRB2|ENSG00000141480.17_2,ENST00000269260.6_1;ENST00000346341.6_1;ENST00000381488.10_1;ENST00000412477.7_1;ENST00000571206.1_2;ENST00000572457.5_2;ENST00000574954.5_2;ENST00000575877.5_1,3UTR
chr17,4848455,4848458,bulges,133,+,chr17:4848434-4848457:+,False,"            5'- GGGGCTTTGGGGTGGAGCTGGGGCAAGCAGAGG -3'
       rG4seq-K ---------------------***---------",RNF167|ENSG00000108523.15_3,ENST00000262482.10_2;ENST00000571816.5_2;ENST00000572382.5_1;ENST00000572430.5_2;ENST00000575111.5_2;ENST00000576229.5_2;ENST00000576965.1_1,3UTR
chr17,4848467,4848469,longloop,240,+,chr17:4848434-4848468:+,False,"            5'- GGGGCTTTGGGGTGGAGCTGGGGCAAGCAGAGGGACTGGGTCTT -3'
       rG4seq-K ---------------------------------**---------",RNF167|ENSG00000108523.15_3,ENST00000262482.10_2;ENST00000571816.5_2;ENST00000572382.5_1;ENST00000572430.5_2;ENST00000575111.5_2;ENST00000576229.5_2;ENST00000576965.1_1,3UTR
chr17,4910807,4910808,bulges,43,+,chr17:4910784-4910809:+,False,"            5'- GGGTGGCCGTCCGGGAGGATGGGGGAACTGTGGGC -3'
       rG4seq-K -----------------------*-----------",KIF1C|ENSG00000129250.11_2,ENST00000320785.9_1;ENST00000572959.1_1,CDS
chr17,4925846,4925847,bulges,26,+,chr17:4925815-4925849:+,False,"            5'- GGAGCTGGCAGTGGTGGTGGCAGTGAGGAGGGAGCCCGAGGGGC -3'
       rG4seq-K -------------------------------*------------",KIF1C|ENSG00000129250.11_2,ENST00000320785.9_1,CDS
chr17,4927735,4927739,two-quartet,14,+,chr17:4927723-4927738:+,False,"            5'- GGGTGGGGTGGGGGGCTGGGGTGCT -3'
       rG4seq-K ------------*-**---------",KIF1C|ENSG00000129250.11_2,ENST00000320785.9_1,3UTR
chr17,4927742,4927745,canonical/G3L1-7,37,+,chr17:4927723-4927744:+,False,"            5'- GGGTGGGGTGGGGGGCTGGGGTGCTGCGTAG -3'
       rG4seq-K -------------------***---------",KIF1C|ENSG00000129250.11_2,ENST00000320785.9_1,3UTR
chr17,5391649,5391651,potential G-quadruplex & G>=40%,281,+,chr17:5391591-5391651:+,False,"            5'- ATGAATAAGGAAAGAAGAGAAGTGGCAGAGGCTGAGAACAGAAAGAGAGGGTGGAGGGGCTGTAAATCTT -3'
       rG4seq-K ----------------------------------------------------------**----------",MIS12|ENSG00000167842.15_2,ENST00000381165.3_1;ENST00000573759.1_1;ENST00000576570.5_1;ENST00000576988.1_1;ENST00000611091.4_1,5UTR
chr17,5391671,5391673,potential G-quadruplex & G>=40%,576,+,chr17:5391613-5391673:+,False,"            5'- TGGCAGAGGCTGAGAACAGAAAGAGAGGGTGGAGGGGCTGTAAATCTTGAAGATTAGGGTATAATATGAG -3'
       rG4seq-K ----------------------------------------------------------**----------",MIS12|ENSG00000167842.15_2,ENST00000381165.3_1;ENST00000573759.1_1;ENST00000576570.5_1;ENST00000576988.1_1;ENST00000611091.4_1,5UTR
chr17,7127238,7127240,bulges,23,+,chr17:7127216-7127239:+,False,"            5'- GCCTCGGCTGGGCCAGGGGTGGGTAGGCACATC -3'
       rG4seq-K ----------------------**---------",ACADVL|ENSG00000072778.19_2,ENST00000322910.9_1;ENST00000350303.9_2;ENST00000356839.9_2;ENST00000542255.6_1;ENST00000543245.6_1;ENST00000578711.1_1;ENST00000579425.5_1;ENST00000579546.1_1;ENST00000583074.5_1;ENST00000583850.5_1;ENST00000583858.5_1;ENST00000585203.6_1,non_coding
chr17,7156107,7156108,bulges,122,+,"chr17:7155912-7155915:+,chr17:7156088-7156108:+",True,"            5'- GGGATTCCGTGGAGTGGGAGGGGCGCAGTCTCT -3'
       rG4seq-K ----------------------*----------",ELP5|ENSG00000170291.14_4,ENST00000354429.6_3;ENST00000356683.6_3;ENST00000396627.6_3;ENST00000396628.6_3;ENST00000570322.5_2;ENST00000570500.5_3;ENST00000571146.1_3;ENST00000573513.5_2;ENST00000573657.5_3;ENST00000573699.5_3;ENST00000574255.5_3;ENST00000574841.2_2;ENST00000574993.5_3;ENST00000576496.5_4,5UTR;CDS
chr17,7210875,7210876,two-quartet,105,+,chr17:7210860-7210875:+,False,"            5'- GGGGGTGGAGGGCGGAGGAGATAGA -3'
       rG4seq-K ---------------*---------",EIF5A|ENSG00000132507.17_2,ENST00000336452.11_1;ENST00000336458.12_2;ENST00000355068.4_1;ENST00000576930.5_2,5UTR
chr17,7215648,7215651,longloop,565,+,chr17:7215621-7215650:+,False,"            5'- GGGGAGGGAAGAGGAGGAGAGGGGAGGGGACCTGCCCCC -3'
       rG4seq-K ---------------------------***---------",EIF5A|ENSG00000132507.17_2,ENST00000336452.11_1;ENST00000336458.12_2;ENST00000416016.2_2;ENST00000419711.6_2;ENST00000571955.5_2;ENST00000576930.5_2,3UTR
chr17,7462136,7462138,bulges,19,+,chr17:7462115-7462137:+,False,"            5'- GAGGCTGAGGGAGGGTGGAGGGTCTCAAGGCA -3'
       rG4seq-K ---------------------**---------",TNFSF12-TNFSF13|ENSG00000248871.1_3;TNFSF13|ENSG00000161955.16_3,ENST00000293826.4_1;ENST00000338784.8_1;ENST00000349228.8_1;ENST00000380535.8_1;ENST00000396542.5_1;ENST00000396545.4_1;ENST00000436057.5_2;ENST00000438470.5_1;ENST00000483039.5_1;ENST00000625791.2_1,5UTR;non_coding
chr17,7465365,7465369,bulges,34,+,chr17:7465327-7465368:+,False,"            5'- GGCGCTGGTGGCGGCGGTGGCGGAGGTGGAGGTGGAGGTGGAAGCTGAAGC -3'
       rG4seq-K --------------------------------------*-**---------",SENP3|ENSG00000161956.12_3,ENST00000321337.11_1,5UTR
chr17,7475119,7475120,two-quartet,136,+,chr17:7475104-7475119:+,False,"            5'- GGGGGTGGTGGGCGGACAATAGGAT -3'
       rG4seq-K ---------------*---------",SENP3-EIF4A1|ENSG00000277957.1_3;SENP3|ENSG00000161956.12_3,ENST00000321337.11_1;ENST00000429205.6_1;ENST00000581010.1_1;ENST00000610454.4_1;ENST00000614237.1_1,3UTR;CDS;non_coding
chr17,7481881,7481883,bulges,610,+,chr17:7481853-7481884:+,False,"            5'- GAGGAGCAGCAGGAGGGGGGAGGGAAGGGAGCCAAGGGATG -3'
       rG4seq-K ----------------------------**-----------",AC016876.2|ENSG00000264772.6_6;EIF4A1|ENSG00000161960.14_3;SENP3-EIF4A1|ENSG00000277957.1_3,ENST00000293831.12_1;ENST00000577269.5_1;ENST00000578324.5_1;ENST00000581621.1_1;ENST00000582050.1_1;ENST00000582746.5_1;ENST00000583389.5_1;ENST00000614237.1_1,3UTR;non_coding
chr17,7481890,7481892,canonical/G3L1-7,736,+,chr17:7481867-7481891:+,False,"            5'- GGGGGGAGGGAAGGGAGCCAAGGGATGGACATCT -3'
       rG4seq-K -----------------------**---------",AC016876.2|ENSG00000264772.6_6;EIF4A1|ENSG00000161960.14_3;SENP3-EIF4A1|ENSG00000277957.1_3,ENST00000293831.12_1;ENST00000577269.5_1;ENST00000578324.5_1;ENST00000581621.1_1;ENST00000582050.1_1;ENST00000582746.5_1;ENST00000583389.5_1;ENST00000614237.1_1,3UTR;non_coding
chr17,7482228,7482229,bulges,1105,+,chr17:7482196-7482228:+,False,"            5'- GGGGGTTGTCCCCAGGTGGGGGGAAGCAGGGGAGAGAAAATG -3'
       rG4seq-K --------------------------------*---------",AC016876.2|ENSG00000264772.6_6;EIF4A1|ENSG00000161960.14_3,ENST00000293831.12_1;ENST00000581621.1_1;ENST00000582746.5_1,3UTR;non_coding
chr17,7484877,7484882,canonical/G3L1-7,131,+,chr17:7484857-7484881:+,False,"            5'- GGGGGTTGGGGTGTGGTGGGGGGGTACCCTTATT -3'
       rG4seq-K --------------------*****---------",AC016876.2|ENSG00000264772.6_6;CD68|ENSG00000129226.13_3,ENST00000250092.10_1;ENST00000380498.10_1;ENST00000581621.1_1;ENST00000584180.1_1,3UTR;non_coding
chr17,7491388,7491389,bulges,81,+,chr17:7491363-7491389:+,False,"            5'- GACTCAGGCAGGGCCCCAGGGTGGGGTGAGGAGGTT -3'
       rG4seq-K -------------------------*----------",MPDU1|ENSG00000129255.15_3,ENST00000250124.10_1;ENST00000423172.6_1;ENST00000572836.5_1;ENST00000577088.5_1;ENST00000584378.5_1;ENST00000585217.5_1,3UTR
chr17,7491432,7491433,two-quartet,146,+,chr17:7491407-7491432:+,False,"            5'- GGCAGGTCTAGGCGGAAGGGAGTGGAGATGGGGCT -3'
       rG4seq-K -------------------------*---------",MPDU1|ENSG00000129255.15_3,ENST00000250124.10_1;ENST00000423172.6_1;ENST00000572836.5_1;ENST00000577088.5_1;ENST00000584378.5_1;ENST00000585217.5_1,3UTR;CDS
chr17,7794051,7794054,bulges,12,+,chr17:7794034-7794053:+,False,"            5'- GGGGGAGGGAGATGGGGGGCAAAAGCAAG -3'
       rG4seq-K -----------------***---------",CHD3|ENSG00000170004.16_5,ENST00000330494.11_3;ENST00000358181.8_1;ENST00000380358.8_3;ENST00000452447.1_3,CDS
chr17,8192970,8192971,bulges,22,+,chr17:8192942-8192970:+,False,"            5'- GGTTCCCAGGAGAATCGGGCTGGGAGGGACAGAACAGG -3'
       rG4seq-K ----------------------------*---------",RANGRF|ENSG00000108961.13_2,ENST00000226105.10_1;ENST00000407006.8_1;ENST00000439238.3_1;ENST00000580434.5_2;ENST00000580777.1_1,3UTR
chr17,8339314,8339316,longloop,44,+,chr17:8339287-8339316:+,False,"            5'- GGGCGGGCCTGGCCGGGCCGGCGGAGGGGAGACGTCGGT -3'
       rG4seq-K ---------------------------**----------",NDEL1|ENSG00000166579.15_4,ENST00000334527.11_2;ENST00000380025.8_2;ENST00000402554.7_2;ENST00000579880.5_1;ENST00000580237.5_1;ENST00000580738.5_1;ENST00000582490.5_1;ENST00000582665.5_3;ENST00000582812.5_3;ENST00000584866.1_1;ENST00000585098.5_1,5UTR
chr17,15932023,15932025,bulges,144,+,chr17:15931990-15932024:+,False,"            5'- GTTGGTATGCCTGTGGGGGTGGGATGTGAGTGGGACTGATAAAC -3'
       rG4seq-K ---------------------------------**---------",TTC19|ENSG00000011295.15_5,ENST00000261647.9_4;ENST00000465567.1_1;ENST00000470649.1_4;ENST00000475723.5_1;ENST00000481107.1_1,3UTR
chr17,16284403,16284404,G>=40%,196,+,chr17:16284344-16284404:+,False,"            5'- TGAGGGGTGATAAGTGACGCAACACTCGTTGCATAAATTTGCGCTCCGCCAGCCCGGAGCATTTAGGGGC -3'
       rG4seq-K -----------------------------------------------------------*----------",UBB|ENSG00000170315.13_3,ENST00000302182.7_1;ENST00000577640.1_1;ENST00000577958.1_1,5UTR
chr17,16342350,16342351,G>=40%,879,+,chr17:16342291-16342351:+,False,"            5'- CTTTTGTGAGGATTGGGATATTCCGACTCCTTAAGGGCCTGGCGCACATAAGGTGTGACCTTTTCATTCC -3'
       rG4seq-K -----------------------------------------------------------*----------",LRRC75A-AS1|ENSG00000175061.17_2,ENST00000475947.6_1;ENST00000481898.5_1;ENST00000487066.5_1;ENST00000497774.5_1;ENST00000580180.5_1;ENST00000580770.5_1;ENST00000581361.5_1;ENST00000581718.5_1;ENST00000582911.5_1;ENST00000584141.5_1;ENST00000584177.5_1;ENST00000584926.5_1,non_coding
chr17,17089582,17089583,bulges,19,+,chr17:17089562-17089582:+,False,"            5'- GGGTGGGTGGATGCTTTGGGCGTTGAAATC -3'
       rG4seq-K --------------------*---------",MPRIP|ENSG00000133030.20_4,ENST00000395811.9_2;ENST00000578209.5_1,3UTR
chr17,17969722,17969723,canonical/G3L1-7,34,+,chr17:17969703-17969723:+,False,"            5'- GGGACAGGGGAAGGGGTGGGAAACATGAAC -3'
       rG4seq-K -------------------*----------",GID4|ENSG00000141034.9_3,ENST00000268719.8_1;ENST00000579871.1_1,3UTR
chr17,17971649,17971651,bulges,35,+,chr17:17971623-17971650:+,False,"            5'- GGAAGGAGTTTGAGGGTTTGGGATGGGAGAAGTATTT -3'
       rG4seq-K --------------------------**---------",GID4|ENSG00000141034.9_3,ENST00000268719.8_1,3UTR
chr17,18226440,18226442,canonical/G3L1-7,12,+,chr17:18226422-18226442:+,False,"            5'- GGGTATGGGGAGGGGAGGGGTTGGCATGAC -3'
       rG4seq-K ------------------**----------",SMCR8|ENSG00000176994.10_2,ENST00000406438.4_1,3UTR
chr17,18230590,18230591,canonical/G3L1-7,12,+,chr17:18230565-18230591:+,False,"            5'- GGGGTGGATGGGGGTGTGGGGAGGGGATGAGCACTC -3'
       rG4seq-K -------------------------*----------",SMCR8|ENSG00000176994.10_2,ENST00000406438.4_1,3UTR
chr17,18761569,18761570,canonical/G3L1-7,38,+,chr17:18761548-18761570:+,False,"            5'- GGGGCCGGGGCTGGGGTCGGGGCCAGAATTCA -3'
       rG4seq-K ---------------------*----------",PRPSAP2|ENSG00000141127.14_3,ENST00000268835.6_1;ENST00000395656.6_1;ENST00000412418.5_1;ENST00000414602.5_1;ENST00000419071.6_1;ENST00000419284.6_2;ENST00000432893.6_2;ENST00000441887.5_1;ENST00000455992.6_1;ENST00000478622.6_1;ENST00000487101.5_1;ENST00000492129.5_1;ENST00000536323.5_1;ENST00000570450.5_1;ENST00000571907.5_1;ENST00000573253.5_1;ENST00000573432.5_1;ENST00000574522.5_1;ENST00000575102.5_1;ENST00000575228.5_1;ENST00000610773.4_1,5UTR
chr17,18768785,18768786,bulges,65,+,"chr17:18761548-18761574:+,chr17:18768781-18768785:+",True,"            5'- GGGGCCGGGGCTGGGGTCGGGGCCAGGAGGAATTTTGTTG -3'
       rG4seq-K ------------------------------*---------",PRPSAP2|ENSG00000141127.14_3,ENST00000268835.6_1;ENST00000395656.6_1;ENST00000412418.5_1;ENST00000414602.5_1;ENST00000419071.6_1;ENST00000419284.6_2;ENST00000422237.5_2;ENST00000432893.6_2;ENST00000441887.5_1;ENST00000455992.6_1;ENST00000478622.6_1;ENST00000487101.5_1;ENST00000492129.5_1;ENST00000536323.5_1;ENST00000570450.5_1;ENST00000571907.5_1;ENST00000573253.5_1;ENST00000573432.5_1;ENST00000574522.5_1;ENST00000575102.5_1;ENST00000575228.5_1;ENST00000576355.5_2;ENST00000610773.4_1,5UTR
chr17,19575049,19575050,bulges,219,+,"chr17:19568350-19568360:+,chr17:19575033-19575051:+",True,"            5'- GGAGGAGTGGGTTCCAGTGGGATGGGAGCTTATCACGG -3'
       rG4seq-K --------------------------*-----------",ALDH3A2|ENSG00000072210.18_4,ENST00000176643.10_1;ENST00000339618.8_2;ENST00000395575.6_1;ENST00000472059.5_1;ENST00000476965.5_1;ENST00000571163.1_1;ENST00000573947.1_1;ENST00000579855.5_1;ENST00000581518.5_3;ENST00000582991.5_1;ENST00000630662.2_1;ENST00000631291.2_1,3UTR;CDS
chr17,21320704,21320705,canonical/G3L1-7,14,+,chr17:21320683-21320704:+,False,"            5'- GGGGTGGTGGGTGGGGCTGGGAAGAAACTGG -3'
       rG4seq-K ---------------------*---------",KCNJ12|ENSG00000184185.9_3,ENST00000583088.5_1,3UTR
chr17,21322451,21322452,two-quartet,10,+,chr17:21322437-21322452:+,False,"            5'- GGGAGGGCGGATGGGATGAGCCAGG -3'
       rG4seq-K --------------*----------",KCNJ12|ENSG00000184185.9_3,ENST00000583088.5_1,3UTR
chr17,25953141,25953142,two-quartet,48,+,chr17:25953123-25953141:+,False,"            5'- GGTGTGGGGGGAGGGTGGAGACGTAAAT -3'
       rG4seq-K ------------------*---------",AC015688.4|ENSG00000266728.5_6;KSR1|ENSG00000141068.14_5,ENST00000398988.7_4;ENST00000579290.1_1;ENST00000584605.5_1;ENST00000644418.1_1;ENST00000644974.1_1,3UTR;non_coding
chr17,26522194,26522196,canonical/G3L1-7,16,+,chr17:26522173-26522196:+,False,"            5'- GGGGGGAGGGTAGGGAGGAGGGGCATGCCACCT -3'
       rG4seq-K ---------------------**----------",NLK|ENSG00000087095.12_2,ENST00000407008.7_1;ENST00000496808.1_1,3UTR
chr17,26654352,26654353,potential G-quadruplex & G>=40%,62,+,chr17:26654293-26654353:+,False,"            5'- GCCCAAACCTTCACCTTCTAAGGGCACTGGGATGAACAGACCGATCGGCTTGAGGGTGGGCAAAGGGGTG -3'
       rG4seq-K -----------------------------------------------------------*----------",TMEM97|ENSG00000109084.13_2,ENST00000226230.7_1;ENST00000336687.6_1;ENST00000582384.1_1,3UTR
chr17,26654360,26654362,bulges,80,+,chr17:26654335-26654361:+,False,"            5'- GATCGGCTTGAGGGTGGGCAAAGGGGTGTGGGCTAG -3'
       rG4seq-K -------------------------**---------",TMEM97|ENSG00000109084.13_2,ENST00000226230.7_1;ENST00000336687.6_1;ENST00000582384.1_1,3UTR
chr17,26654366,26654368,canonical/G3L1-7,192,+,chr17:26654346-26654367:+,False,"            5'- GGGTGGGCAAAGGGGTGTGGGCTAGGTTATA -3'
       rG4seq-K --------------------**---------",TMEM97|ENSG00000109084.13_2,ENST00000226230.7_1;ENST00000336687.6_1;ENST00000582384.1_1,3UTR
chr17,26989268,26989270,bulges,21,+,chr17:26989234-26989269:+,False,"            5'- GCGGCGGCGGTGGCGGCGGAGGGGCCGTGCGGTGGGTCCGTACTA -3'
       rG4seq-K ----------------------------------**---------",SUPT6H|ENSG00000109111.14_3,ENST00000314616.10_1;ENST00000347486.8_1,5UTR
chr17,27001318,27001319,bulges,90,+,"chr17:27000517-27000528:+,chr17:27001300-27001320:+",True,"            5'- GGAGGATGATGATGAGGAGGAGGAGGAGGAGAACCTAGATG -3'
       rG4seq-K -----------------------------*-----------",SUPT6H|ENSG00000109111.14_3,ENST00000314616.10_1;ENST00000347486.8_1;ENST00000577713.1_3;ENST00000584312.1_1,3UTR;CDS
chr17,27001406,27001407,two-quartet,54,+,chr17:27001389-27001406:+,False,"            5'- GGGGAGGAGGATGAGGGCAGTGACTCT -3'
       rG4seq-K -----------------*---------",SUPT6H|ENSG00000109111.14_3,ENST00000314616.10_1;ENST00000347486.8_1;ENST00000584312.1_1,3UTR;CDS
chr17,27029089,27029091,bulges,47,+,chr17:27029069-27029090:+,False,"            5'- GGGGCAGGAGGGAGAGGAGGGAAAGTATTTC -3'
       rG4seq-K --------------------**---------",SUPT6H|ENSG00000109111.14_3,ENST00000314616.10_1,3UTR
chr17,27076948,27076950,canonical/G3L1-7,439,+,chr17:27076928-27076949:+,False,"            5'- GGGGGTGGGAATTGGGGAGGGAGAAAGGGTA -3'
       rG4seq-K --------------------**---------",TRAF4|ENSG00000076604.14_3,ENST00000262395.9_1;ENST00000444415.7_1,3UTR;CDS
chr17,27895766,27895767,canonical/G3L1-7,15,+,chr17:27895745-27895767:+,False,"            5'- GGGCGGCGGGCCGGGCCCGGGGCCGCTTGGAA -3'
       rG4seq-K ---------------------*----------",ABHD15-AS1|ENSG00000264031.1_6;TP53I13|ENSG00000167543.15_6,ENST00000301057.7_4;ENST00000577934.5_3;ENST00000578749.5_5;ENST00000580183.6_5;ENST00000581411.6_6;ENST00000581474.1_1;ENST00000582829.6_5;ENST00000583940.5_5,5UTR;non_coding
chr17,29701770,29701772,canonical/G3L1-7,39,+,chr17:29701755-29701771:+,False,"            5'- GGGGGGGAGGGCAGGGAAATTTCATA -3'
       rG4seq-K ---------------**---------",NF1|ENSG00000196712.17_5,ENST00000356175.7_2;ENST00000358273.8_3;ENST00000471572.6_1,3UTR
chr17,29702675,29702676,potential G-quadruplex & G>=40%,44,+,chr17:29702616-29702676:+,False,"            5'- CTTTATATGTTAAGATATAATGGCTTTGAGGGGGGAAAAAATAAACCTAGGGGAGAGGGGAGTTTCCTGT -3'
       rG4seq-K -----------------------------------------------------------*----------",NF1|ENSG00000196712.17_5,ENST00000356175.7_2;ENST00000358273.8_3;ENST00000471572.6_1,3UTR
chr17,30677239,30677241,bulges,393,+,chr17:30677209-30677240:+,False,"            5'- GGTGGTAGCCGTTGGGTTGGGAAAGTGAGGGATTTTTGGCC -3'
       rG4seq-K ------------------------------**---------",AC005899.4|ENSG00000265794.5_6;MIR632|ENSG00000207928.1;ZNF207|ENSG00000010244.18_4,ENST00000321233.10_3;ENST00000342555.10_1;ENST00000385193.1;ENST00000394670.8_1;ENST00000394673.6_3;ENST00000394679.9_2;ENST00000577324.1_1;ENST00000577908.5_1;ENST00000578389.1_1;ENST00000579634.5_1;ENST00000580759.5_1;ENST00000581915.5_1;ENST00000582165.1_2,5UTR;non_coding
chr17,30771563,30771564,bulges,132,+,chr17:30771533-30771565:+,False,"            5'- GCGGTAAGATGGCGGCGGCGGCGGTGGTGGAGTTCCAGAGAG -3'
       rG4seq-K ------------------------------*-----------",PSMD11|ENSG00000108671.10_4,ENST00000261712.7_1;ENST00000457654.6_1;ENST00000481992.1_1;ENST00000578213.5_1;ENST00000578397.5_1;ENST00000579451.1_1;ENST00000649012.1_1,5UTR;CDS
chr17,30809870,30809872,canonical/G3L1-7,19,+,chr17:30809842-30809871:+,False,"            5'- GGGGGCGGGGGGCTCTGGGACCACTGGGGGACCTGCTAA -3'
       rG4seq-K ----------------------------**---------",PSMD11|ENSG00000108671.10_4,ENST00000261712.7_1;ENST00000649012.1_1,3UTR
chr17,34053308,34053310,canonical/G3L1-7,62,+,chr17:34053292-34053310:+,False,"            5'- GGGGAGGGGGGGCAGGGGAAATGTTGCC -3'
       rG4seq-K ----------------**----------",AP2B1|ENSG00000006125.17_5;TAF15|ENSG00000270647.5_3,ENST00000603067.5_1;ENST00000621914.4_2,3UTR;non_coding
chr17,34053384,34053387,canonical/G3L1-7,58,+,chr17:34053366-34053386:+,False,"            5'- GGGAGGGTGGGGGTTGGGGGAAGCTTGACC -3'
       rG4seq-K ------------------***---------",AP2B1|ENSG00000006125.17_5;TAF15|ENSG00000270647.5_3,ENST00000603067.5_1;ENST00000621914.4_2,3UTR;non_coding
chr17,34069909,34069911,canonical/G3L1-7,23,+,chr17:34069889-34069911:+,False,"            5'- GGGGGAAGGGTCGTGGGTGGGGAATTTATCAC -3'
       rG4seq-K --------------------**----------",RASL10B|ENSG00000270885.1_2;TAF15|ENSG00000270647.5_3,ENST00000603017.1_1;ENST00000603067.5_1,3UTR;non_coding
chr17,34151160,34151164,longloop,211,+,chr17:34151131-34151163:+,False,"            5'- GGGTCACAGGGAGGAGGTAGAGGGCGTGGGGGATATGACAAG -3'
       rG4seq-K -----------------------------****---------",TAF15|ENSG00000270647.5_3,ENST00000603067.5_1;ENST00000603393.5_1;ENST00000603777.5_1;ENST00000604841.5_1;ENST00000604879.5_1;ENST00000605197.2_1;ENST00000605844.5_1,CDS
chr17,34163215,34163217,potential G-quadruplex & G>=40%,1443,+,chr17:34163157-34163217:+,False,"            5'- TAACAACACAATCTTTGTGCAAGGACTTGGGGAGGGTGTGTCTACAGATCAAGTTGGGGAGTTCTTTAAA -3'
       rG4seq-K ----------------------------------------------------------**----------",TAF15|ENSG00000270647.5_3,ENST00000603067.5_1;ENST00000603346.1_1;ENST00000603393.5_1;ENST00000603777.5_1;ENST00000604841.5_1;ENST00000604879.5_1;ENST00000605844.5_1,3UTR;CDS
chr17,34171081,34171082,bulges,186,+,"chr17:34169433-34169463:+,chr17:34171080-34171081:+",True,"            5'- GAGGAGGTGGAAGTGGAGGTGGGCGGCGAGGCCGTGGAGGA -3'
       rG4seq-K -------------------------------*---------",TAF15|ENSG00000270647.5_3,ENST00000603393.5_1;ENST00000603777.5_1;ENST00000604694.1_1;ENST00000604841.5_1;ENST00000605844.5_1,3UTR;CDS
chr17,34171087,34171088,bulges,198,+,"chr17:34169433-34169463:+,chr17:34171080-34171090:+",True,"            5'- GAGGAGGTGGAAGTGGAGGTGGGCGGCGAGGCCGTGGAGGATATAGAGGT -3'
       rG4seq-K -------------------------------------*------------",TAF15|ENSG00000270647.5_3,ENST00000603393.5_1;ENST00000603777.5_1;ENST00000604694.1_1;ENST00000604841.5_1;ENST00000605844.5_1,3UTR;CDS
chr17,34171090,34171091,bulges,248,+,"chr17:34169433-34169463:+,chr17:34171080-34171090:+",True,"            5'- GAGGAGGTGGAAGTGGAGGTGGGCGGCGAGGCCGTGGAGGATATAGAGGT -3'
       rG4seq-K ----------------------------------------*---------",TAF15|ENSG00000270647.5_3,ENST00000603393.5_1;ENST00000603777.5_1;ENST00000604694.1_1;ENST00000604841.5_1;ENST00000605844.5_1,3UTR;CDS
chr17,34171673,34171676,bulges,67,+,chr17:34171641-34171673:+,False,"            5'- GGTGGAGACAGAAGTGGGGGTGGCTATGGTGGGGACAGAGGC -3'
       rG4seq-K --------------------------------***-------",TAF15|ENSG00000270647.5_3,ENST00000603777.5_1;ENST00000604694.1_1;ENST00000604841.5_1;ENST00000605844.5_1,CDS
chr17,34171697,34171700,bulges,235,+,chr17:34171659-34171697:+,False,"            5'- GGTGGCTATGGTGGGGACAGAGGCGGCGGCTATGGTGGGGACAGAGGA -3'
       rG4seq-K --------------------------------------***-------",TAF15|ENSG00000270647.5_3,ENST00000603777.5_1;ENST00000604694.1_1;ENST00000604841.5_1;ENST00000605844.5_1,CDS
chr17,34171745,34171746,bulges,332,+,chr17:34171707-34171747:+,False,"            5'- GGCGGCTATGGAGGAGACCGAGGAGGTGGCTATGGAGGAGATCGAGGTGG -3'
       rG4seq-K --------------------------------------*-----------",TAF15|ENSG00000270647.5_3,ENST00000603777.5_1;ENST00000604694.1_1;ENST00000604841.5_1;ENST00000605844.5_1,CDS
chr17,34171766,34171767,bulges,695,+,chr17:34171728-34171768:+,False,"            5'- GGAGGTGGCTATGGAGGAGATCGAGGTGGCTATGGAGGAGACCGAGGTGG -3'
       rG4seq-K --------------------------------------*-----------",TAF15|ENSG00000270647.5_3,ENST00000603777.5_1;ENST00000604694.1_1;ENST00000604841.5_1;ENST00000605844.5_1,CDS
chr17,34171853,34171854,bulges,138,+,chr17:34171816-34171855:+,False,"            5'- GAGGAGGTTACGGAGGAGATCGAGGAGGTTATGGAGGAGATCGAGGAGG -3'
       rG4seq-K -------------------------------------*-----------",TAF15|ENSG00000270647.5_3,ENST00000603777.5_1;ENST00000604694.1_1;ENST00000604841.5_1;ENST00000605844.5_1,CDS
chr17,34171874,34171875,bulges,162,+,chr17:34171837-34171876:+,False,"            5'- GAGGAGGTTATGGAGGAGATCGAGGAGGCTATGGAGGAGACAGAAGCCG -3'
       rG4seq-K -------------------------------------*-----------",TAF15|ENSG00000270647.5_3,ENST00000603777.5_1;ENST00000604694.1_1;ENST00000604841.5_1;ENST00000605844.5_1,CDS
chr17,34174087,34174091,canonical/G3L1-7,203,+,chr17:34174074-34174090:+,False,"            5'- GGGTGGGAGGGCTGGGACAGTTTTTC -3'
       rG4seq-K -------------*-**---------",TAF15|ENSG00000270647.5_3,ENST00000603777.5_1;ENST00000603967.1_1;ENST00000604694.1_1;ENST00000604841.5_1;ENST00000605844.5_1,3UTR;CDS
chr17,34964989,34964993,two-quartet,23,+,chr17:34964977-34964992:+,False,"            5'- GGGGGGGGGAAGGGGACTGCGGTGG -3'
       rG4seq-K ------------****---------",MRM1|ENSG00000278619.4_2,ENST00000612760.1_1;ENST00000614766.4_1,3UTR
chr17,35837155,35837157,two-quartet,31,+,chr17:35837129-35837156:+,False,"            5'- GGTGGGTCAAAGGACAATATGGGTGGGCATTCTGGAG -3'
       rG4seq-K --------------------------**---------",TADA2A|ENSG00000276234.4_5,ENST00000612272.4_1;ENST00000615182.4_1;ENST00000620628.4_1,3UTR
chr17,35873131,35873132,potential G-quadruplex & G>=40%,68,+,chr17:35873072-35873132:+,False,"            5'- CCCTCAAGTGTTTTTTACACTGGGTGTTCAAATTTATTTTAAGAGATAGGGAGGGAGGGGACATAAAGGG -3'
       rG4seq-K -----------------------------------------------------------*----------",DUSP14|ENSG00000276023.4_2,ENST00000613659.1_1;ENST00000614411.1_1;ENST00000617516.4_1,3UTR
chr17,35873141,35873143,canonical/G3L1-7,304,+,chr17:35873120-35873142:+,False,"            5'- GGGAGGGAGGGGACATAAAGGGAATGCATACA -3'
       rG4seq-K ---------------------**---------",DUSP14|ENSG00000276023.4_2,ENST00000613659.1_1;ENST00000614411.1_1;ENST00000617516.4_1,3UTR
chr17,36558560,36558561,longloop,10,+,chr17:36558530-36558560:+,False,"            5'- GGGAAGATGAGGGGGAGGCATGGGGCTGGGCCAGCTCTCT -3'
       rG4seq-K ------------------------------*---------",SOCS7|ENSG00000274211.4_3,ENST00000612932.4_1,3UTR
chr17,36561502,36561504,canonical/G3L1-7,22,+,chr17:36561475-36561503:+,False,"            5'- GGGGTCTGAGGGTGGGATGGGGAAAGGGAAAGAGGTTT -3'
       rG4seq-K ---------------------------**---------",SOCS7|ENSG00000274211.4_3,ENST00000612932.4_1,3UTR
chr17,36561579,36561580,bulges,19,+,chr17:36561545-36561580:+,False,"            5'- GTTTTGGTATTTTTCTGGGGATAGAGGGGGTGGGGTTAGGGATGT -3'
       rG4seq-K ----------------------------------*----------",SOCS7|ENSG00000274211.4_3,ENST00000612932.4_1,3UTR
chr17,36561586,36561587,canonical/G3L1-7,36,+,chr17:36561561-36561586:+,False,"            5'- GGGGATAGAGGGGGTGGGGTTAGGGATGTCCCTGT -3'
       rG4seq-K -------------------------*---------",SOCS7|ENSG00000274211.4_3,ENST00000612932.4_1,3UTR
chr17,36883009,36883012,longloop,41,+,chr17:36882983-36883012:+,False,"            5'- GGGCTTGGGGGAGGGCGTAAGGTGGGGGGAAATGCCACT -3'
       rG4seq-K --------------------------***----------",MLLT6|ENSG00000275023.4_4,ENST00000615441.1_1;ENST00000615741.1_1;ENST00000619356.1_1;ENST00000621332.4_2,3UTR
chr17,36883572,36883573,bulges,26,+,chr17:36883547-36883573:+,False,"            5'- GGGAGCTGATAATGGAGGGGGGTGGGAATCCTTCAA -3'
       rG4seq-K -------------------------*----------",MLLT6|ENSG00000275023.4_4,ENST00000621332.4_2,3UTR
chr17,36883621,36883625,bulges,45,+,chr17:36883607-36883627:+,False,"            5'- GGGCTTGGGGGAGGGGGAGGCAGTTGTGAT -3'
       rG4seq-K --------------****------------",MLLT6|ENSG00000275023.4_4,ENST00000621332.4_2,3UTR
chr17,36884611,36884613,bulges,101,+,chr17:36884590-36884612:+,False,"            5'- GAATGGTGGAGGGTGGGAAGGGACCCAGATTT -3'
       rG4seq-K ---------------------**---------",MLLT6|ENSG00000275023.4_4,ENST00000621332.4_2,3UTR
chr17,36885077,36885079,longloop,37,+,chr17:36885055-36885078:+,False,"            5'- GGGCTGTGCCCGGGGTGGGAGGGTGTCTATGTG -3'
       rG4seq-K ----------------------**---------",MLLT6|ENSG00000275023.4_4,ENST00000621332.4_2,3UTR
chr17,37076192,37076194,bulges,145,+,chr17:37076162-37076194:+,False,"            5'- GTAGGTGTCTCTGGGCCTGTGTGTGGGTGGGGTTATGTGAGG -3'
       rG4seq-K ------------------------------**----------",LASP1|ENSG00000002834.17_3,ENST00000318008.10_1;ENST00000433206.6_1;ENST00000435347.7_1,3UTR
chr17,37076205,37076206,bulges,272,+,chr17:37076175-37076205:+,False,"            5'- GGCCTGTGTGTGGGTGGGGTTATGTGAGGGTATGAAGAGC -3'
       rG4seq-K ------------------------------*---------",LASP1|ENSG00000002834.17_3,ENST00000318008.10_1;ENST00000433206.6_1;ENST00000435347.7_1,3UTR
chr17,37077454,37077456,canonical/G3L1-7,238,+,chr17:37077436-37077455:+,False,"            5'- GGGGCTGGGCTGGGCTGGGCTGAGCCCCT -3'
       rG4seq-K ------------------**---------",LASP1|ENSG00000002834.17_3,ENST00000318008.10_1;ENST00000433206.6_1;ENST00000435347.7_1,3UTR
chr17,37356564,37356565,G>=40%,162,+,chr17:37356505-37356565:+,False,"            5'- AATTGGAGCAGGGTTTGGGCTCTCCCCTTCGCAGATAATGGGAGGAGCCGGGCCCGAGCGAGCTCTTTCC -3'
       rG4seq-K -----------------------------------------------------------*----------",RPL19|ENSG00000108298.11_4,ENST00000225430.9_3,5UTR
chr17,37618266,37618269,canonical/G3L1-7,31,+,chr17:37618245-37618268:+,False,"            5'- GGGGTTGGGGGGGTGGGTGGGGGTTGCTTTTTG -3'
       rG4seq-K ---------------------***---------",CDK12|ENSG00000167258.13_3,ENST00000430627.6_2;ENST00000584632.5_1,5UTR
chr17,37819625,37819627,longloop,44,+,chr17:37819599-37819626:+,False,"            5'- GGGGAGTGGGTGGCAGGTGGGGGTGGGCTGCTGGCCA -3'
       rG4seq-K --------------------------**---------",STARD3|ENSG00000131748.15_3,ENST00000336308.9_1;ENST00000394250.8_1;ENST00000471896.5_1;ENST00000481171.5_1;ENST00000488876.5_1;ENST00000580611.5_1;ENST00000584850.5_1;ENST00000585269.5_1,3UTR
chr17,37884859,37884863,bulges,14,+,chr17:37884831-37884862:+,False,"            5'- GGGTGTTGTATGGGGAGGCAAGTGTGGGGGGTCCTTCTCCA -3'
       rG4seq-K ----------------------------****---------",ERBB2|ENSG00000141736.13_3,ENST00000269571.9_1;ENST00000406381.6_1;ENST00000541774.5_1;ENST00000584888.1_1,3UTR
chr17,37903263,37903264,longloop,24,+,chr17:37903239-37903264:+,False,"            5'- GGGGACGGGATGAGGAGCGGGAGGGTTCCGCCACT -3'
       rG4seq-K ------------------------*----------",GRB7|ENSG00000141738.13_3,ENST00000309156.8_1;ENST00000394204.1_2;ENST00000394209.6_1;ENST00000394211.7_1;ENST00000445327.6_1,3UTR
chr17,38137081,38137082,potential G-quadruplex & G>=40%,118,+,chr17:38137022-38137082:+,False,"            5'- TGACTCGGCCATCGGCCTGCCGGGCCTGGCGTTTCCCAGAAGGCCCAGCGCCGGGAAGGGGTTTGCAGCT -3'
       rG4seq-K -----------------------------------------------------------*----------",PSMD3|ENSG00000108344.14_2,ENST00000264639.8_1,5UTR
chr17,38153858,38153862,canonical/G3L1-7,55,+,chr17:38153837-38153861:+,False,"            5'- GGGGGGCTGGGGAGGGGTAGGGGGAATGGGGACA -3'
       rG4seq-K ---------------------****---------",PSMD3|ENSG00000108344.14_2,ENST00000264639.8_1;ENST00000415039.7_1;ENST00000540504.2_1,3UTR
chr17,38153867,38153869,canonical/G3L1-7,115,+,chr17:38153837-38153868:+,False,"            5'- GGGGGGCTGGGGAGGGGTAGGGGGAATGGGGACAGGCTCTT -3'
       rG4seq-K ------------------------------**---------",PSMD3|ENSG00000108344.14_2,ENST00000264639.8_1;ENST00000415039.7_1;ENST00000540504.2_1,3UTR
chr17,38153873,38153874,bulges,150,+,chr17:38153837-38153873:+,False,"            5'- GGGGGGCTGGGGAGGGGTAGGGGGAATGGGGACAGGCTCTTTCCCC -3'
       rG4seq-K ------------------------------------*---------",PSMD3|ENSG00000108344.14_2,ENST00000264639.8_1;ENST00000415039.7_1;ENST00000540504.2_1,3UTR
chr17,38230655,38230657,canonical/G3L1-7,13,+,chr17:38230633-38230656:+,False,"            5'- GGGCCTGGGTGGCAGGGGGTGGGTGGCCTGTGG -3'
       rG4seq-K ----------------------**---------",THRA|ENSG00000126351.12_2,ENST00000264637.8_1;ENST00000394121.8_1;ENST00000450525.6_1;ENST00000546243.5_1;ENST00000577288.5_1;ENST00000577486.1_1;ENST00000578218.5_1;ENST00000584985.5_1;ENST00000585047.5_1,5UTR
chr17,38230667,38230668,longloop,40,+,chr17:38230633-38230667:+,False,"            5'- GGGCCTGGGTGGCAGGGGGTGGGTGGCCTGTGGGTGTGCCGGGG -3'
       rG4seq-K ----------------------------------*---------",THRA|ENSG00000126351.12_2,ENST00000264637.8_1;ENST00000394121.8_1;ENST00000450525.6_1;ENST00000546243.5_1;ENST00000577288.5_1;ENST00000577486.1_1;ENST00000578218.5_1;ENST00000584985.5_1;ENST00000585047.5_1,5UTR
chr17,38248707,38248709,canonical/G3L1-7,25,+,chr17:38248685-38248707:+,False,"            5'- GGGAGGGGTGGGACCGGCAGGGGTGACTTGAG -3'
       rG4seq-K ----------------------**--------",THRA|ENSG00000126351.12_2,ENST00000264637.8_1;ENST00000394121.8_1;ENST00000450525.6_1;ENST00000584985.5_1,3UTR
chr17,38286336,38286339,longloop,308,+,chr17:38286311-38286338:+,False,"            5'- GGGTTGGGGAGCCAGCTTGGGGTGGGGAATTTTCACC -3'
       rG4seq-K -------------------------***---------",MSL1|ENSG00000188895.11_5,ENST00000398532.8_4;ENST00000577454.5_1;ENST00000578648.5_4;ENST00000579565.5_4;ENST00000582884.5_2,3UTR
chr17,38291492,38291494,potential G-quadruplex & G>=40%,48,+,chr17:38291434-38291494:+,False,"            5'- TCATTGGGCTTCATCCTTTTAGCAGAACTCTTGGTGGTGGGATAGAGACTTAGGGAGGGTAGGGGGAGAG -3'
       rG4seq-K ----------------------------------------------------------**----------",MSL1|ENSG00000188895.11_5,ENST00000339569.9_1;ENST00000398532.8_4;ENST00000580086.1_1,3UTR
chr17,38291498,38291501,longloop,126,+,chr17:38291472-38291500:+,False,"            5'- GGGATAGAGACTTAGGGAGGGTAGGGGGAGAGTGTGGA -3'
       rG4seq-K --------------------------***---------",MSL1|ENSG00000188895.11_5,ENST00000339569.9_1;ENST00000398532.8_4;ENST00000580086.1_1,3UTR
chr17,38297002,38297003,two-quartet,43,+,chr17:38296985-38297003:+,False,"            5'- GGCGGGTGGAGAGCGGGGGCGCCAAGAG -3'
       rG4seq-K -----------------*----------",CASC3|ENSG00000108349.16_3,ENST00000264645.11_1;ENST00000418132.7_1;ENST00000581849.1_1;ENST00000583649.1_1,CDS
chr17,38323147,38323148,canonical/G3L1-7,18,+,chr17:38323122-38323147:+,False,"            5'- GGGGAAAGGGGTAGATGGGGGAGGGAGCTGCCTGT -3'
       rG4seq-K -------------------------*---------",CASC3|ENSG00000108349.16_3,ENST00000264645.11_1;ENST00000418132.7_1;ENST00000577605.1_1,non_coding
chr17,38434926,38434928,bulges,39,+,chr17:38434903-38434928:+,False,"            5'- GACCAGGACTTATGGGTGGGAGGGGAGCATTTTTA -3'
       rG4seq-K -----------------------**----------",WIPF2|ENSG00000171475.13_3,ENST00000323571.8_1;ENST00000394103.7_1;ENST00000494757.5_1;ENST00000582781.5_1;ENST00000585043.5_1,3UTR
chr17,38438284,38438285,longloop,60,+,chr17:38438259-38438284:+,False,"            5'- GGGAATGGGAGGGGAGAGAGGAGGGCCATTACAAC -3'
       rG4seq-K -------------------------*---------",WIPF2|ENSG00000171475.13_3,ENST00000323571.8_1,3UTR
chr17,38512930,38512934,canonical/G3L1-7,28,+,chr17:38512910-38512933:+,False,"            5'- GGGGGTGGGACAGGGGCGGGGGGTTCCCCCTGT -3'
       rG4seq-K --------------------****---------",RARA|ENSG00000131759.17_4,ENST00000254066.9_1;ENST00000394081.7_1;ENST00000394086.7_1;ENST00000425707.7_1,3UTR
chr17,38513124,38513125,canonical/G3L1-7,8,+,chr17:38513103-38513124:+,False,"            5'- GGGGGTGGGTCCGGGGGAGGGAGTGGCTCGG -3'
       rG4seq-K ---------------------*---------",RARA|ENSG00000131759.17_4,ENST00000425707.7_1,3UTR
chr17,38520104,38520106,canonical/G3L1-7,16,+,chr17:38520081-38520105:+,False,"            5'- GGGGCGGGGAGTCAGGGGATGGGGCAAGTCAGGG -3'
       rG4seq-K -----------------------**---------",AC080112.1|ENSG00000266208.1_5,ENST00000578774.1_1,non_coding
chr17,38613612,38613615,two-quartet,824,+,chr17:38613597-38613614:+,False,"            5'- GGGCTAGGGAGGTGGGGTACATTTCTC -3'
       rG4seq-K ---------------***---------",IGFBP4|ENSG00000141753.6_2,ENST00000269593.4_1,3UTR
chr17,38613641,38613642,longloop,1492,+,chr17:38613603-38613641:+,False,"            5'- GGGAGGTGGGGTACATTTCTCTGAGCAGTCAGGGTGGGAAGAAAGAAT -3'
       rG4seq-K --------------------------------------*---------",IGFBP4|ENSG00000141753.6_2,ENST00000269593.4_1,3UTR
chr17,39969222,39969225,two-quartet,229,+,chr17:39969211-39969224:+,False,"            5'- GGGAGGCGGGGGGAAGGAGGTTG -3'
       rG4seq-K -----------***---------",FKBP10|ENSG00000141756.18_4,ENST00000321562.8_1;ENST00000429461.5_1;ENST00000585664.5_3;ENST00000585922.5_3,5UTR
chr17,39976174,39976175,longloop,43,+,chr17:39976148-39976174:+,False,"            5'- GGGCAGCCAAGTTTGGGGAGGGAGGGTGGTTATGGA -3'
       rG4seq-K --------------------------*---------",FKBP10|ENSG00000141756.18_4,ENST00000321562.8_1;ENST00000455106.1_1;ENST00000489591.5_1,3UTR;CDS
chr17,39976177,39976178,two-quartet,67,+,chr17:39976162-39976177:+,False,"            5'- GGGGAGGGAGGGTGGTTATGGAAAA -3'
       rG4seq-K ---------------*---------",FKBP10|ENSG00000141756.18_4,ENST00000321562.8_1;ENST00000455106.1_1;ENST00000489591.5_1,3UTR;CDS
chr17,39976752,39976754,canonical/G3L1-7,13,+,chr17:39976732-39976753:+,False,"            5'- GGGACTGGGCAGGTGGGTGGGCACAGGCATG -3'
       rG4seq-K --------------------**---------",FKBP10|ENSG00000141756.18_4,ENST00000321562.8_1;ENST00000455106.1_1;ENST00000464180.1_1;ENST00000489591.5_1;ENST00000490938.5_1,non_coding
chr17,39978725,39978726,bulges,384,+,chr17:39978692-39978724:+,False,"            5'- GAGGCCCACTGCGAGGGGGACAGTGGCGGTGGGACTGACCTG -3'
       rG4seq-K ---------------------------------*--------",FKBP10|ENSG00000141756.18_4,ENST00000321562.8_1;ENST00000455106.1_1;ENST00000464180.1_1;ENST00000489591.5_1,3UTR
chr17,39979376,39979387,longloop,73,+,chr17:39979337-39979378:+,False,"            5'- GGGTGTTAGGGCTATGAAATCTTGGATTTGGGGCTGAGGGGTGGGAGGGAG -3'
       rG4seq-K ---------------------------------------*-**-******-",FKBP10|ENSG00000141756.18_4,ENST00000321562.8_1;ENST00000455106.1_1;ENST00000489591.5_1,3UTR
chr17,39979389,39979391,canonical/G3L1-7,537,+,chr17:39979366-39979390:+,False,"            5'- GGGGCTGAGGGGTGGGAGGGAGGGCAGAGCTCTG -3'
       rG4seq-K -----------------------**---------",FKBP10|ENSG00000141756.18_4,ENST00000321562.8_1;ENST00000455106.1_1;ENST00000489591.5_1,3UTR
chr17,40716311,40716312,bulges,22,+,chr17:40716280-40716311:+,False,"            5'- GAGGAGAGAAGTGGGGGCTCAGGGTGGTGGGAAGAAGCAAG -3'
       rG4seq-K -------------------------------*---------",COASY|ENSG00000068120.14_4,ENST00000393818.2_3;ENST00000421097.6_3;ENST00000588353.1_1;ENST00000590958.5_3;ENST00000591753.1_2;ENST00000591779.5_2,non_coding
chr17,40721452,40721453,canonical/G3L1-7,11,+,chr17:40721425-40721452:+,False,"            5'- GGGATAGTTGGGGTCTGGGGTAAGGGGAACAAAGTCA -3'
       rG4seq-K ---------------------------*---------",MLX|ENSG00000108788.11_2,ENST00000246912.8_1;ENST00000346833.8_1;ENST00000435881.6_1;ENST00000585403.5_1;ENST00000586393.5_1;ENST00000588320.1_1;ENST00000590050.5_1;ENST00000591024.1_1,non_coding
chr17,40834728,40834729,canonical/G3L1-7,18,+,chr17:40834712-40834728:+,False,"            5'- GGGAGGGAAGGGTGGGTAAGGAGGAG -3'
       rG4seq-K ----------------*---------",CNTNAP1|ENSG00000108797.11_2,ENST00000264638.8_1;ENST00000591662.1_1,5UTR
chr17,40985434,40985435,potential G-quadruplex & G>=40%,30,+,chr17:40985375-40985435:+,False,"            5'- TGCACAGCCTCGCAGGAGTCTCGGCGATTGGCTGTGACGCAGTTTCCGGCGTGAGCGGCGAAAGCCGGGA -3'
       rG4seq-K -----------------------------------------------------------*----------",PSME3|ENSG00000131467.10_4,ENST00000441946.6_2;ENST00000541124.5_1;ENST00000545225.5_2;ENST00000585805.5_3;ENST00000586114.5_1;ENST00000590720.5_2;ENST00000592578.5_1;ENST00000622892.4_1,5UTR
chr17,40985509,40985511,longloop,96,+,chr17:40985483-40985510:+,False,"            5'- GGGCGGGCGGACGGCACAGAGGGAGGGAGCGAGCGAG -3'
       rG4seq-K --------------------------**---------",PSME3|ENSG00000131467.10_4,ENST00000293362.7_1;ENST00000441946.6_2;ENST00000541124.5_1;ENST00000543428.5_1;ENST00000545225.5_2;ENST00000585805.5_3;ENST00000586114.5_1;ENST00000589469.5_1;ENST00000590720.5_2;ENST00000591152.5_1;ENST00000591722.5_1;ENST00000592578.5_1;ENST00000622892.4_1,5UTR
chr17,41322518,41322519,G>=40%,26,+,chr17:41322459-41322519:+,False,"            5'- CTCGCCTCTACGCTTCCAGTTGCGGCTTATTACGTCACAGTAATTGCTGTACCAAGGTCAGAATCGCCAC -3'
       rG4seq-K -----------------------------------------------------------*----------",NBR1|ENSG00000188554.13_2,ENST00000341165.10_2;ENST00000586650.5_1,5UTR
chr17,41352294,41352295,bulges,135,+,chr17:41352262-41352296:+,False,"            5'- GGAGGAGGAGGAGGATGAGGAGGATGAGGAGGAGGAGGATGAGC -3'
       rG4seq-K --------------------------------*-----------",NBR1|ENSG00000188554.13_2,ENST00000341165.10_2;ENST00000542611.5_1;ENST00000589872.1_2;ENST00000590996.5_2,CDS
chr17,41352297,41352298,bulges,191,+,chr17:41352265-41352300:+,False,"            5'- GGAGGAGGAGGATGAGGAGGATGAGGAGGAGGAGGATGAGCTCAA -3'
       rG4seq-K --------------------------------*------------",NBR1|ENSG00000188554.13_2,ENST00000341165.10_2;ENST00000542611.5_1;ENST00000589872.1_2;ENST00000590996.5_2,CDS
chr17,41352300,41352301,bulges,294,+,chr17:41352265-41352300:+,False,"            5'- GGAGGAGGAGGATGAGGAGGATGAGGAGGAGGAGGATGAGCTCAA -3'
       rG4seq-K -----------------------------------*---------",NBR1|ENSG00000188554.13_2,ENST00000341165.10_2;ENST00000542611.5_1;ENST00000589872.1_2;ENST00000590996.5_2,CDS
chr17,41363580,41363582,canonical/G3L1-7,88,+,chr17:41363556-41363581:+,False,"            5'- GGGTGTAATTGGGTTGATGGGTGGGACCTGTCTTG -3'
       rG4seq-K ------------------------**---------",NBR1|ENSG00000188554.13_2,ENST00000341165.10_2,3UTR
chr17,41477880,41477881,bulges,62,+,chr17:41477842-41477882:+,False,"            5'- GGTGTCCCGTTTTGGTGCCACACTGGGGTGGGGATGGGAGATGGGATGTC -3'
       rG4seq-K --------------------------------------*-----------",ARL4D|ENSG00000175906.4_2,ENST00000320033.4_1,3UTR
chr17,41477887,41477888,canonical/G3L1-7,119,+,chr17:41477866-41477887:+,False,"            5'- GGGGTGGGGATGGGAGATGGGATGTCTTTGC -3'
       rG4seq-K ---------------------*---------",ARL4D|ENSG00000175906.4_2,ENST00000320033.4_1,3UTR
chr17,41478393,41478395,bulges,24,+,chr17:41478371-41478394:+,False,"            5'- GGGGTTGTGGCGCAGGGGGAGGGAGATTTATCT -3'
       rG4seq-K ----------------------**---------",ARL4D|ENSG00000175906.4_2,ENST00000320033.4_1,3UTR
chr17,42148240,42148242,canonical/G3L1-7,47,+,chr17:42148216-42148241:+,False,"            5'- GGGGCCTGGGGCTCAGAGGGGTGGGCTTTGGAGAT -3'
       rG4seq-K ------------------------**---------",G6PC3|ENSG00000141349.8_2,ENST00000269097.8_1;ENST00000585361.5_1;ENST00000588558.5_1;ENST00000593115.1_1,5UTR
chr17,42268326,42268329,canonical/G3L1-7,38,+,chr17:42268302-42268328:+,False,"            5'- GGGCCCAAGGGCCGGGGAGGGAGGGGTGGAAAGGAT -3'
       rG4seq-K ------------------------***---------",TMUB2|ENSG00000168591.15_4,ENST00000319511.6_1;ENST00000357984.7_1;ENST00000446571.7_2;ENST00000538716.6_2;ENST00000587172.1_1;ENST00000587326.1_1;ENST00000587630.1_3;ENST00000587989.1_2;ENST00000589184.5_1;ENST00000589785.1_1;ENST00000590235.5_1;ENST00000592825.1_1,3UTR
chr17,43186307,43186309,longloop,42,+,chr17:43186274-43186309:+,False,"            5'- GGGCTGTGGGGGGGCATCCATTTCCAGGGTCGGGGAGGAAATACC -3'
       rG4seq-K ---------------------------------**----------",NMT1|ENSG00000136448.11_4,ENST00000258960.6_1;ENST00000587120.1_1;ENST00000592782.5_1,3UTR
chr17,43225931,43225932,bulges,8,+,chr17:43225891-43225929:+,False,"            5'- GGAGGACGCGGAAGAGGAGCTGTGGGAAGGGGGAGGAGGGAGGGAGGA -3'
       rG4seq-K ----------------------------------------*-------",HEXIM1|ENSG00000186834.3_2,ENST00000332499.3_1,5UTR
chr17,43225934,43225936,canonical/G3L1-7,35,+,chr17:43225914-43225935:+,False,"            5'- GGGAAGGGGGAGGAGGGAGGGAGGAAAAGAG -3'
       rG4seq-K --------------------**---------",HEXIM1|ENSG00000186834.3_2,ENST00000332499.3_1,5UTR
chr17,43226094,43226096,two-quartet,65,+,chr17:43226070-43226095:+,False,"            5'- GGAAGTGGGAGGAGGTGGCGCCGGGACTTTAACCC -3'
       rG4seq-K ------------------------**---------",HEXIM1|ENSG00000186834.3_2,ENST00000332499.3_1,5UTR
chr17,43227327,43227329,canonical/G3L1-7,45,+,chr17:43227306-43227329:+,False,"            5'- GGGCAGCGATGGGATGGGAGGGGACGGCAGCGA -3'
       rG4seq-K ---------------------**----------",HEXIM1|ENSG00000186834.3_2,ENST00000332499.3_1,CDS
chr17,43227669,43227671,two-quartet,124,+,chr17:43227651-43227670:+,False,"            5'- GGGGGAGGGGGCAAAGGGGACTTTTTACA -3'
       rG4seq-K ------------------**---------",HEXIM1|ENSG00000186834.3_2,ENST00000332499.3_1,3UTR
chr17,44105569,44105570,bulges,10,+,chr17:44105544-44105569:+,False,"            5'- GGTAATTCTGAGGGTGGGGGGAGGGACATGAAATC -3'
       rG4seq-K -------------------------*---------",MAPT|ENSG00000186868.15_3,ENST00000262410.9_2;ENST00000340799.9_1;ENST00000344290.9_2;ENST00000351559.9_1;ENST00000446361.7_1;ENST00000535772.5_1,3UTR
chr17,45760156,45760158,bulges,123,+,chr17:45760136-45760157:+,False,"            5'- GGGGGAGGAGGAGGGACTGGGTTCAGCTGTG -3'
       rG4seq-K --------------------**---------",KPNB1|ENSG00000108424.9_4,ENST00000290158.8_1;ENST00000582126.1_1,3UTR
chr17,45760669,45760673,bulges,427,+,chr17:45760658-45760674:+,False,"            5'- GGGGGGGAGGGGGGAGAAAAAGAAAA -3'
       rG4seq-K -----------****-----------",KPNB1|ENSG00000108424.9_4,ENST00000290158.8_1;ENST00000582126.1_1,3UTR
chr17,45761908,45761909,two-quartet,44,+,chr17:45761887-45761907:+,False,"            5'- GGGTTGGGTCAGGGCTTAGGGAGGGGGCAG -3'
       rG4seq-K ---------------------*--------",KPNB1|ENSG00000108424.9_4,ENST00000290158.8_1,3UTR
chr17,45761911,45761914,canonical/G3L1-7,97,+,chr17:45761892-45761914:+,False,"            5'- GGGTCAGGGCTTAGGGAGGGGGCAGAAATATT -3'
       rG4seq-K -------------------***----------",KPNB1|ENSG00000108424.9_4,ENST00000290158.8_1,3UTR
chr17,45761927,45761928,longloop,148,+,chr17:45761898-45761928:+,False,"            5'- GGGCTTAGGGAGGGGGCAGAAATATTGGGGATAGAAAAAA -3'
       rG4seq-K -----------------------------*----------",KPNB1|ENSG00000108424.9_4,ENST00000290158.8_1,3UTR
chr17,46128368,46128370,potential G-quadruplex & G>=40%,95,+,chr17:46128310-46128370:+,False,"            5'- TTTCCTCTGGGGCCGTCAGGGAGCTCATCCCTTGTGTTCTGCCAGGGTGGGGTACGGGGTTTGACACTGA -3'
       rG4seq-K ----------------------------------------------------------**----------",NFE2L1|ENSG00000082641.15_5,ENST00000357480.9_3;ENST00000361665.7_2;ENST00000362042.7_2;ENST00000579481.1_1;ENST00000579889.1_1;ENST00000581441.1_1;ENST00000582574.1_1;ENST00000583060.1_1;ENST00000584137.5_1;ENST00000585062.1_1;ENST00000585291.5_3;ENST00000585299.1_1,5UTR
chr17,46128385,46128387,bulges,218,+,chr17:46128354-46128386:+,False,"            5'- GGGTGGGGTACGGGGTTTGACACTGAGGAGGGTAACCTGCTG -3'
       rG4seq-K -------------------------------**---------",NFE2L1|ENSG00000082641.15_5,ENST00000357480.9_3;ENST00000361665.7_2;ENST00000362042.7_2;ENST00000579481.1_1;ENST00000579889.1_1;ENST00000581441.1_1;ENST00000582574.1_1;ENST00000583060.1_1;ENST00000584137.5_1;ENST00000585062.1_1;ENST00000585291.5_3;ENST00000585299.1_1,5UTR
chr17,46137579,46137581,longloop,31,+,chr17:46137551-46137579:+,False,"            5'- GGGTACACAGACACAGGGTGGGGGTGGGGAGGGACGGT -3'
       rG4seq-K ----------------------------**--------",NFE2L1|ENSG00000082641.15_5,ENST00000357480.9_3;ENST00000361665.7_2;ENST00000362042.7_2;ENST00000585291.5_3,3UTR
chr17,46137588,46137589,bulges,73,+,chr17:46137567-46137590:+,False,"            5'- GGTGGGGGTGGGGAGGGACGGTGTTAACTCTTT -3'
       rG4seq-K ---------------------*-----------",NFE2L1|ENSG00000082641.15_5,ENST00000357480.9_3;ENST00000361665.7_2;ENST00000362042.7_2;ENST00000585291.5_3,3UTR
chr17,46138672,46138675,potential G-quadruplex & G>=40%,132,+,chr17:46138615-46138675:+,False,"            5'- CCCCAGACAAGTGGGAGTGAAATGGGGGTGGGGGGAAGCACTGATTCCCAGTTAGGGGGTGCCTAACTGA -3'
       rG4seq-K ---------------------------------------------------------***----------",NFE2L1|ENSG00000082641.15_5,ENST00000357480.9_3;ENST00000361665.7_2;ENST00000362042.7_2;ENST00000585291.5_3,3UTR
chr17,47004908,47004911,longloop,100,+,chr17:47004878-47004910:+,False,"            5'- GGGGATACCTGGAAGGGAGCTTGGGGTGGGGGCTGTCTGTGA -3'
       rG4seq-K ------------------------------*-*---------",UBE2Z|ENSG00000159202.17_2,ENST00000360943.9_1;ENST00000513342.5_1,3UTR
chr17,47005551,47005553,longloop,82,+,chr17:47005510-47005552:+,False,"            5'- GGGGAGCAAGGGTAGCCAATGGCAGAGGGGGTTGGGGCTGGGACTCTGGAGG -3'
       rG4seq-K -----------------------------------------**---------",UBE2Z|ENSG00000159202.17_2,ENST00000360943.9_1;ENST00000513342.5_1,3UTR
chr17,47006039,47006042,bulges,222,+,chr17:47006006-47006041:+,False,"            5'- GCAAAGGAACTGGACAGGGATTGGTGGGCTTGGGGAACGGAAGTT -3'
       rG4seq-K ---------------------------------***---------",UBE2Z|ENSG00000159202.17_2,ENST00000360943.9_1;ENST00000513342.5_1,3UTR
chr17,48156474,48156476,canonical/G3L1-7,49,+,chr17:48156450-48156475:+,False,"            5'- GGGGGAGGGGCTGGTGGGCCTGGGGACCCTGGTCC -3'
       rG4seq-K ------------------------**---------",ITGA3|ENSG00000005884.17_2,ENST00000007722.11_2;ENST00000320031.12_2;ENST00000505306.5_1;ENST00000506827.1_1;ENST00000515147.1_1,CDS
chr17,48944990,48944991,longloop,14,+,chr17:48944955-48944990:+,False,"            5'- GGGAAAGTCTGGGGGGAGCGAAGGAGGGGACGGGGAGAAAGAAGC -3'
       rG4seq-K -----------------------------------*---------",TOB1-AS1|ENSG00000229980.4_4,ENST00000416263.3_1;ENST00000514358.1_1;ENST00000523470.1_1,non_coding
chr17,48945416,48945418,longloop,27,+,chr17:48945390-48945418:+,False,"            5'- GGGTTTGTGGAATGGGCTGAGGGTGGGGAGTGGTCAGG -3'
       rG4seq-K --------------------------**----------",TOB1-AS1|ENSG00000229980.4_4,ENST00000416263.3_1;ENST00000514358.1_1;ENST00000523470.1_1,non_coding
chr17,49243767,49243768,G>=40%,86,+,chr17:49243708-49243768:+,False,"            5'- CTGCGGGTTGGGCGGCTGGGCCCTCCGGGGTGTGGCCACCCCGCGCTCCGCCCTGCGCCCCTCCTCCGCC -3'
       rG4seq-K -----------------------------------------------------------*----------",NME1-NME2|ENSG00000011052.21_3;NME2|ENSG00000243678.11_3,ENST00000376392.10_3;ENST00000393193.6_1;ENST00000512737.5_1;ENST00000513177.5_1;ENST00000514264.6_1;ENST00000555572.1_1,5UTR;non_coding
chr17,53853842,53853844,canonical/G3L1-7,21,+,chr17:53853823-53853843:+,False,"            5'- GGGGATGGGTGGGCGGAGGGACACAACAAA -3'
       rG4seq-K -------------------**---------",PCTP|ENSG00000141179.13_2,ENST00000268896.9_1;ENST00000325214.10_1;ENST00000417982.6_1;ENST00000571489.5_1;ENST00000572536.1_1;ENST00000573500.5_2;ENST00000576183.5_2;ENST00000576221.1_1,3UTR
chr17,54925394,54925395,canonical/G3L1-7,19,+,chr17:54925372-54925394:+,False,"            5'- GGGGATGGGACTGTAGGGTGGGTCCTGGATGC -3'
       rG4seq-K ----------------------*---------",DGKE|ENSG00000153933.9_2,ENST00000284061.7_2;ENST00000572944.1_1,CDS
chr17,55757473,55757475,two-quartet,44,+,chr17:55757460-55757474:+,False,"            5'- GGGCGGGAGGTGGGCGTGAGCTTT -3'
       rG4seq-K -------------**---------",MSI2|ENSG00000153944.10_5,ENST00000284073.6_2;ENST00000416426.6_2;ENST00000442934.6_1,3UTR
chr17,55758132,55758137,canonical/G3L1-7,45,+,chr17:55758114-55758136:+,False,"            5'- GGGTGGGGGTGGGGTGGGGGGGACATTCTTTT -3'
       rG4seq-K ------------------*****---------",MSI2|ENSG00000153944.10_5,ENST00000284073.6_2,3UTR
chr17,55761476,55761479,canonical/G3L1-7,32,+,chr17:55761449-55761478:+,False,"            5'- GGGAGGCAGGGGCATGATGGGGGAGGGGGCCGGAGGCTG -3'
       rG4seq-K ---------------------------*-*---------",MSI2|ENSG00000153944.10_5,ENST00000284073.6_2,3UTR
chr17,56167211,56167213,canonical/G3L1-7,38,+,chr17:56167192-56167213:+,False,"            5'- GGGGCGGAGGGTGGGGTGGGGATGCCTTCTT -3'
       rG4seq-K -------------------**----------",DYNLL2|ENSG00000264364.2_2,ENST00000579991.2_1,3UTR
chr17,56167267,56167268,potential G-quadruplex & G>=40%,110,+,chr17:56167208-56167268:+,False,"            5'- TGGGGATGCCTTCTTTAGGGGCCCTGAGATGTGTTTGTCTGTGGTGTGTGGGAGTGGGGAGCAGATTTGT -3'
       rG4seq-K -----------------------------------------------------------*----------",DYNLL2|ENSG00000264364.2_2,ENST00000579991.2_1,3UTR
chr17,56167645,56167646,two-quartet,12,+,chr17:56167622-56167644:+,False,"            5'- GGGGTTTGGGGTAGAAGGGAGGGAGGGGGCAG -3'
       rG4seq-K -----------------------*--------",DYNLL2|ENSG00000264364.2_2,ENST00000579991.2_1,3UTR
chr17,56167649,56167650,canonical/G3L1-7,30,+,chr17:56167622-56167651:+,False,"            5'- GGGGTTTGGGGTAGAAGGGAGGGAGGGGGCAGGACAGTG -3'
       rG4seq-K ---------------------------*-----------",DYNLL2|ENSG00000264364.2_2,ENST00000579991.2_1,3UTR
chr17,56167692,56167695,bulges,83,+,chr17:56167672-56167694:+,False,"            5'- GGGTGTATGGGTAGGTAGGGGGCACAGTTAGT -3'
       rG4seq-K --------------------***---------",DYNLL2|ENSG00000264364.2_2,ENST00000579991.2_1,3UTR
chr17,56168124,56168127,canonical/G3L1-7,30,+,chr17:56168105-56168126:+,False,"            5'- GGGGTGGGGTTTGGGGTGGGGTGGTCATTGC -3'
       rG4seq-K -------------------*-*---------",DYNLL2|ENSG00000264364.2_2,ENST00000579991.2_1,3UTR
chr17,56168129,56168130,bulges,56,+,chr17:56168105-56168129:+,False,"            5'- GGGGTGGGGTTTGGGGTGGGGTGGTCATTGCCGT -3'
       rG4seq-K ------------------------*---------",DYNLL2|ENSG00000264364.2_2,ENST00000579991.2_1,3UTR
chr17,56168207,56168208,longloop,29,+,chr17:56168183-56168209:+,False,"            5'- GGGTTGACAATGTGGGGGGGTGGGGGATCCAGCTTA -3'
       rG4seq-K ------------------------*-----------",DYNLL2|ENSG00000264364.2_2,ENST00000579991.2_1,3UTR
chr17,60769842,60769846,canonical/G3L1-7,24,+,chr17:60769824-60769842:+,False,"            5'- GGGCAGGGCCAGGGCGGGAGGAGCTGGG -3'
       rG4seq-K ------------------*-**------",MRC2|ENSG00000011028.13_2,ENST00000303375.9_1;ENST00000446119.2_1;ENST00000583597.5_1,3UTR
chr17,60770559,60770560,longloop,61,+,chr17:60770518-60770559:+,False,"            5'- GGGCCGGGCTGGGATGTCATCTCCTGCCGGGCGGGGGAGGGCTCTGCCCCT -3'
       rG4seq-K -----------------------------------------*---------",MRC2|ENSG00000011028.13_2,ENST00000303375.9_1;ENST00000446119.2_1;ENST00000583597.5_1,3UTR
chr17,61908412,61908413,bulges,326,+,"chr17:61908288-61908295:+,chr17:61908395-61908413:+",True,"            5'- GGGGAAGGGGCAAGAATGGTGAGGGAGCTGTTTGT -3'
       rG4seq-K ------------------------*----------",PSMC5|ENSG00000087191.12_3,ENST00000310144.10_1;ENST00000375812.8_1;ENST00000578570.5_1;ENST00000579031.5_1;ENST00000579147.5_1;ENST00000580063.1_1;ENST00000580864.5_1;ENST00000581764.1_1;ENST00000581882.5_1;ENST00000582130.5_1;ENST00000584320.5_1;ENST00000584536.5_1;ENST00000584880.5_1;ENST00000585123.5_1;ENST00000585242.5_1,3UTR;CDS
chr17,65822279,65822280,two-quartet,40,+,chr17:65822250-65822279:+,False,"            5'- GGAGGACATGGTCTCCGAGGAGGAGGAGGAGGAGGACGG -3'
       rG4seq-K -----------------------------*---------",BPTF|ENSG00000171634.17_5,ENST00000306378.10_2;ENST00000321892.8_2;ENST00000335221.9_1;ENST00000342579.8_5;ENST00000424123.7_4;ENST00000544778.6_1;ENST00000644067.1_1,5UTR;CDS
chr17,65822282,65822283,two-quartet,61,+,chr17:65822259-65822285:+,False,"            5'- GGTCTCCGAGGAGGAGGAGGAGGAGGACGGCGACGC -3'
       rG4seq-K -----------------------*------------",BPTF|ENSG00000171634.17_5,ENST00000306378.10_2;ENST00000321892.8_2;ENST00000335221.9_1;ENST00000342579.8_5;ENST00000424123.7_4;ENST00000544778.6_1;ENST00000644067.1_1,CDS
chr17,66508177,66508178,bulges,10,+,chr17:66508141-66508177:+,False,"            5'- GAGGCGTCAAGGGAGGCCGGAGGGAGAGTGGGGTGGACAGAGGAGC -3'
       rG4seq-K ------------------------------------*---------",AC007780.1|ENSG00000267009.6_6;PRKAR1A|ENSG00000108946.14_4,ENST00000358598.6_1;ENST00000589017.5_1;ENST00000590353.1_1,5UTR;non_coding
chr17,66521939,66521940,potential G-quadruplex & G>=40%,172,+,chr17:66521880-66521940:+,False,"            5'- CACTTGCACTTTAGGTCTATGTTAACAATGAATGGGCAACCAGTGTTGGGGAAGGAGGGAGCTTTGGAGA -3'
       rG4seq-K -----------------------------------------------------------*----------",PRKAR1A|ENSG00000108946.14_4,ENST00000358598.6_1;ENST00000392710.8_1;ENST00000392711.5_1;ENST00000536854.6_1;ENST00000585608.5_1;ENST00000585981.5_3;ENST00000586397.5_1;ENST00000588188.6_1;ENST00000589017.5_1;ENST00000589228.5_1;ENST00000592800.5_3,3UTR;CDS
chr17,73820960,73820961,longloop,38,+,chr17:73820924-73820960:+,False,"            5'- GGGAAGGGTGGGACTGGAAGGCACTAAGGGGAAGGGAGAAGCCCTC -3'
       rG4seq-K ------------------------------------*---------",UNK|ENSG00000132478.9_3,ENST00000589666.5_1,3UTR
chr17,73821677,73821678,canonical/G3L1-7,9,+,chr17:73821656-73821677:+,False,"            5'- GGGGCGGGAGGGCAGAGTGGGCGGAGGGGAG -3'
       rG4seq-K ---------------------*---------",UNK|ENSG00000132478.9_3,ENST00000589666.5_1,3UTR
chr17,74266662,74266665,longloop,12,+,chr17:74266637-74266665:+,False,"            5'- GGGGACACAGGAGGGCCAGGGAGGGGGGAGCCGGGGAG -3'
       rG4seq-K -------------------------***----------",UBALD2|ENSG00000185262.8_2,ENST00000327490.7_1;ENST00000589240.1_1,3UTR
chr17,74266674,74266678,canonical/G3L1-7,27,+,chr17:74266649-74266677:+,False,"            5'- GGGCCAGGGAGGGGGGAGCCGGGGAGGGCAGGGGGTTT -3'
       rG4seq-K -------------------------****---------",UBALD2|ENSG00000185262.8_2,ENST00000327490.7_1;ENST00000589240.1_1,3UTR
chr17,74266682,74266685,canonical/G3L1-7,117,+,chr17:74266659-74266684:+,False,"            5'- GGGGGGAGCCGGGGAGGGCAGGGGGTTTCCCGAAG -3'
       rG4seq-K -----------------------***---------",UBALD2|ENSG00000185262.8_2,ENST00000327490.7_1;ENST00000589240.1_1,3UTR
chr17,74945513,74945514,longloop,30,+,chr17:74945483-74945513:+,False,"            5'- GGGATGTGGACAGAGGGGCAGGGGGCTGGGAGAAGGCTAA -3'
       rG4seq-K ------------------------------*---------",MGAT5B|ENSG00000167889.12_3,ENST00000301618.8_1;ENST00000428789.6_2;ENST00000565043.5_1;ENST00000568598.1_1;ENST00000569840.6_2,3UTR
chr17,75090055,75090056,canonical/G3L1-7,10,+,chr17:75090033-75090056:+,False,"            5'- GGGCTGTGGGGTTTGGGCTGGGGCCTGGGAGCA -3'
       rG4seq-K ----------------------*----------",SEC14L1|ENSG00000129657.15_5;SNHG20|ENSG00000234912.12_5,ENST00000392476.6_3;ENST00000430767.8_3;ENST00000434411.6_2;ENST00000561633.5_2;ENST00000561721.6_2;ENST00000564414.5_2;ENST00000564509.5_1;ENST00000565256.1_2;ENST00000566583.5_2;ENST00000568056.5_2;ENST00000569632.1_2;ENST00000589827.5_2;ENST00000647734.1_1;ENST00000647904.1_1;ENST00000648740.1_1;ENST00000648984.1_1;ENST00000649047.1_1;ENST00000649712.1_1;ENST00000650557.1_1,non_coding
chr17,75090062,75090063,canonical/G3L1-7,20,+,chr17:75090040-75090062:+,False,"            5'- GGGGTTTGGGCTGGGGCCTGGGAGCACTTTAG -3'
       rG4seq-K ----------------------*---------",SEC14L1|ENSG00000129657.15_5;SNHG20|ENSG00000234912.12_5,ENST00000392476.6_3;ENST00000430767.8_3;ENST00000434411.6_2;ENST00000561633.5_2;ENST00000561721.6_2;ENST00000564414.5_2;ENST00000564509.5_1;ENST00000565256.1_2;ENST00000566583.5_2;ENST00000568056.5_2;ENST00000569632.1_2;ENST00000589827.5_2;ENST00000647734.1_1;ENST00000647904.1_1;ENST00000648740.1_1;ENST00000648984.1_1;ENST00000649047.1_1;ENST00000649712.1_1;ENST00000650557.1_1,non_coding
chr17,75211218,75211220,bulges,33,+,chr17:75211191-75211219:+,False,"            5'- GGGGGTGCTGGGGGGACGGGGTGAGTGGAAACTTAGTT -3'
       rG4seq-K ---------------------------**---------",SEC14L1|ENSG00000129657.15_5,ENST00000392476.6_3;ENST00000430767.8_3;ENST00000436233.8_2;ENST00000443798.8_2,3UTR
chr17,75316350,75316352,canonical/G3L1-7,21,+,chr17:75316324-75316350:+,False,"            5'- GGGAGGGCGACGGGGGTGAGAAAGGGGAGGCCGCCT -3'
       rG4seq-K --------------------------**--------",SEPT9|ENSG00000184640.17_4,ENST00000329047.12_1;ENST00000427177.5_1;ENST00000431235.6_2;ENST00000449803.6_2;ENST00000587237.1_1;ENST00000588575.1_1;ENST00000589070.1_1;ENST00000590294.5_1;ENST00000590576.5_1;ENST00000590595.1_1;ENST00000591198.5_2;ENST00000591833.5_1,5UTR
chr17,75496475,75496477,bulges,39,+,chr17:75496450-75496477:+,False,"            5'- GTCACTTGGTGGCGGGGTGGGGTGGGGGTGGGCAGCA -3'
       rG4seq-K -------------------------**----------",SEPT9|ENSG00000184640.17_4,ENST00000329047.12_1;ENST00000423034.6_2;ENST00000427177.5_1;ENST00000427180.5_1;ENST00000427674.6_2;ENST00000431235.6_2;ENST00000449803.6_2;ENST00000541152.6_1;ENST00000588690.5_2;ENST00000590294.5_1,3UTR
chr17,75496481,75496483,canonical/G3L1-7,237,+,chr17:75496463-75496482:+,False,"            5'- GGGGTGGGGTGGGGGTGGGCAGCAGCATC -3'
       rG4seq-K ------------------**---------",SEPT9|ENSG00000184640.17_4,ENST00000329047.12_1;ENST00000423034.6_2;ENST00000427177.5_1;ENST00000427180.5_1;ENST00000427674.6_2;ENST00000431235.6_2;ENST00000449803.6_2;ENST00000541152.6_1;ENST00000588690.5_2;ENST00000590294.5_1,3UTR
chr17,76420305,76420306,longloop,27,+,chr17:76420281-76420307:+,False,"            5'- GGGAGGGGCTGGCAGGAAGGGTGGGGTCCTCACACT -3'
       rG4seq-K ------------------------*-----------",PGS1|ENSG00000087157.18_3,ENST00000262764.10_1;ENST00000586880.1_1;ENST00000588281.5_1;ENST00000589425.5_1;ENST00000589426.5_1,3UTR
chr17,77040166,77040167,bulges,121,+,chr17:77040142-77040167:+,False,"            5'- GGGGGAACAGCAGGAGTGGGAGGGGACTGAGGAGC -3'
       rG4seq-K ------------------------*----------",C1QTNF1|ENSG00000173918.14_3,ENST00000311661.4_3;ENST00000339142.6_3;ENST00000354124.7_3;ENST00000392445.6_3;ENST00000578229.5_3;ENST00000579760.5_3;ENST00000580454.5_3;ENST00000580474.1_3;ENST00000581774.5_3;ENST00000583904.5_3,5UTR;CDS
chr17,77044687,77044690,canonical/G3L1-7,101,+,chr17:77044667-77044690:+,False,"            5'- GGGGTCAGGGGAGGGGCCGGGGGCAGGAAACTA -3'
       rG4seq-K --------------------***----------",C1QTNF1|ENSG00000173918.14_3,ENST00000311661.4_3;ENST00000339142.6_3;ENST00000354124.7_3;ENST00000392445.6_3,3UTR
chr17,77759383,77759385,canonical/G3L1-7,18,+,chr17:77759363-77759384:+,False,"            5'- GGGAGATGGGGTGGGCAGGGGTGGTCCTGGC -3'
       rG4seq-K --------------------**---------",CBX2|ENSG00000173894.10_2,ENST00000310942.8_1,3UTR
chr17,78392512,78392513,longloop,13,+,chr17:78392482-78392512:+,False,"            5'- GGGCCTTGGAGTTGGGGTGGGATGGATGGGAAGTGACTGC -3'
       rG4seq-K ------------------------------*---------",ENDOV|ENSG00000173818.16_3,ENST00000323854.9_2;ENST00000517295.6_1;ENST00000517795.5_1;ENST00000518137.5_2;ENST00000518644.5_1;ENST00000518901.5_1;ENST00000518907.5_1;ENST00000519117.5_1;ENST00000520118.5_1;ENST00000520136.6_1;ENST00000520284.5_1;ENST00000520367.5_2;ENST00000520484.1_1;ENST00000520565.1_1;ENST00000521330.6_1;ENST00000521565.5_1;ENST00000521830.1_1;ENST00000521847.5_1;ENST00000522200.5_1;ENST00000522577.5_1;ENST00000522751.5_1;ENST00000523228.5_1;ENST00000523828.5_1;ENST00000523999.5_1,non_coding
chr17,78938339,78938340,canonical/G3L1-7,59,+,chr17:78938320-78938339:+,False,"            5'- GGGAAGGGGAGGGCTCGGGTTGACGGTGG -3'
       rG4seq-K -------------------*---------",RPTOR|ENSG00000141564.14_3,ENST00000306801.7_1;ENST00000544334.6_1;ENST00000575542.5_1,3UTR
chr17,79077321,79077324,G>=40%,66,+,chr17:79077264-79077324:+,False,"            5'- GGCCCTGACCCCTCCCTTCCTGCTGCTTCCACTTCAGGGCAAGGAGCTGCTGGCGCAGAAGCTGCCGCTG -3'
       rG4seq-K ---------------------------------------------------------*-*----------",BAIAP2|ENSG00000175866.15_4,ENST00000321280.11_2;ENST00000321300.10_2;ENST00000416299.6_1;ENST00000428708.6_2;ENST00000435091.7_2;ENST00000572073.5_3;ENST00000572329.5_1;ENST00000573677.5_3;ENST00000574027.5_1;ENST00000574804.5_1;ENST00000575245.5_2;ENST00000575712.5_2;ENST00000575841.5_3;ENST00000576225.5_1;ENST00000576756.5_3;ENST00000577097.5_1,3UTR;5UTR;CDS
chr17,79674447,79674449,bulges,102,+,chr17:79674432-79674448:+,False,"            5'- GTGGCGGGAGGGAGGGGCGGCTGCTG -3'
       rG4seq-K ---------------**---------",AC139530.2|ENSG00000262660.1_6;MRPL12|ENSG00000262814.7_3,ENST00000333676.7_1;ENST00000571730.1_1,3UTR;non_coding
chr17,79849718,79849719,bulges,64,+,chr17:79849703-79849720:+,False,"            5'- GGGCGGGTAGGGCGGTGCGTGATTAGG -3'
       rG4seq-K ---------------*-----------",ANAPC11|ENSG00000141552.17_3,ENST00000344877.9_1;ENST00000357385.7_1;ENST00000571024.6_1;ENST00000571570.5_1;ENST00000571874.6_1;ENST00000572639.5_1;ENST00000572851.6_1;ENST00000574924.6_1;ENST00000577425.5_1;ENST00000577747.5_1;ENST00000578550.5_1;ENST00000579133.5_1;ENST00000579978.5_1;ENST00000582222.5_1;ENST00000584314.5_1;ENST00000612413.4_1,5UTR
chr17,79981260,79981263,canonical/G3L1-7,12,+,chr17:79981243-79981263:+,False,"            5'- GGGGCAGGGCTGGGTGGGGGCGCGCGACGC -3'
       rG4seq-K -----------------***----------",LRRC45|ENSG00000169683.7_3,ENST00000306688.7_1;ENST00000583383.5_1,5UTR
chr17,79991825,79991827,canonical/G3L1-7,10,+,chr17:79991799-79991826:+,False,"            5'- GGGGAGCGGTGGGGGTGGGCCGGGGGGAAGCATGGGG -3'
       rG4seq-K --------------------------**---------",RAC3|ENSG00000169750.8_2,ENST00000306897.8_1;ENST00000585014.1_1,3UTR
chr17,79992007,79992010,canonical/G3L1-7,34,+,chr17:79991992-79992009:+,False,"            5'- GGGGGAGGGTGGGGGGGAGTTCTGTTC -3'
       rG4seq-K ---------------***---------",RAC3|ENSG00000169750.8_2,ENST00000306897.8_1;ENST00000585014.1_1,3UTR
chr17,80197019,80197022,bulges,1058,+,chr17:80197000-80197021:+,False,"            5'- GGGGGAAGGTGGCGGGGTGGGAACCGTGTCA -3'
       rG4seq-K -------------------***---------",SLC16A3|ENSG00000141526.16_3,ENST00000392339.5_1;ENST00000392341.5_1;ENST00000581287.5_1;ENST00000582715.1_1;ENST00000582743.5_1;ENST00000583025.1_1;ENST00000617373.4_1;ENST00000619321.1_1,3UTR
chr17,80197186,80197189,potential G-quadruplex & G>=40%,144,+,chr17:80197129-80197189:+,False,"            5'- ATGCTCAAGGACCTGGAAACCCATGCTTCGAGACAACGTGACTTTAATGGGAGGGTGGGTGGGCCGCAGA -3'
       rG4seq-K ---------------------------------------------------------*-*----------",SLC16A3|ENSG00000141526.16_3,ENST00000392339.5_1;ENST00000392341.5_1;ENST00000581287.5_1;ENST00000582715.1_1;ENST00000582743.5_1;ENST00000583025.1_1;ENST00000617373.4_1;ENST00000619321.1_1,3UTR
chr17,80197191,80197193,canonical/G3L1-7,813,+,chr17:80197177-80197192:+,False,"            5'- GGGAGGGTGGGTGGGCCGCAGACAG -3'
       rG4seq-K --------------**---------",SLC16A3|ENSG00000141526.16_3,ENST00000392339.5_1;ENST00000392341.5_1;ENST00000581287.5_1;ENST00000582715.1_1;ENST00000582743.5_1;ENST00000583025.1_1;ENST00000617373.4_1;ENST00000619321.1_1,3UTR
chr17,80321223,80321224,potential G-quadruplex & G>=40%,182,+,chr17:80321164-80321224:+,False,"            5'- CACAACAGCCAGGGGAGCAGTTGGCAAAGGAAACATGGGGAGCAACTTTAGGGGCTGGGAGATAGGGCCT -3'
       rG4seq-K -----------------------------------------------------------*----------",TEX19|ENSG00000182459.4_2,ENST00000333437.4_1,3UTR
chr17,80321405,80321406,potential G-quadruplex & G>=40%,178,+,chr17:80321346-80321406:+,False,"            5'- TGTGACATGGGGGGCAGGGCACAGAACTTGTGCCTATTTCACCTTGGCCATGGGGAGGGACATTGCTTGT -3'
       rG4seq-K -----------------------------------------------------------*----------",TEX19|ENSG00000182459.4_2,ENST00000333437.4_1,3UTR
chr17,80562320,80562322,bulges,51,+,chr17:80562292-80562322:+,False,"            5'- GGGGGGTGGGGGCAGTGTGAGGACTTGGGGTTTCTGTGCT -3'
       rG4seq-K ----------------------------**----------",FOXK2|ENSG00000141568.20_4,ENST00000335255.9_2;ENST00000574694.1_1,3UTR
chr17,80680692,80680694,bulges,61,+,"chr17:80678228-80678239:+,chr17:80680679-80680693:+",True,"            5'- GGGCACAGTGGGGAGAGGAGGTGGGCAGGAGGAAC -3'
       rG4seq-K ------------------------**---------",FN3KRP|ENSG00000141560.14_2,ENST00000269373.10_1;ENST00000571482.2_1;ENST00000573158.5_1;ENST00000574206.5_1;ENST00000574356.5_1;ENST00000574832.5_1;ENST00000576363.1_1;ENST00000577128.1_1,3UTR;5UTR;CDS
chr17,673709,673710,bulges,112,-,chr17:673710-673739:-,False,"            5'- GGAGCTACAGGGCGTCAAGGGTGGGGTGGACCATGCAGC -3'
       rG4seq-K -----------------------------*---------",GLOD4|ENSG00000167699.13_3,ENST00000301328.9_1;ENST00000301329.10_1;ENST00000536578.5_1;ENST00000571073.5_1;ENST00000573137.1_1;ENST00000574554.5_1;ENST00000574581.5_1;ENST00000575528.5_2;ENST00000575790.5_1;ENST00000575851.5_1;ENST00000576239.5_1;ENST00000576419.1_2,3UTR;CDS
chr17,1248235,1248237,two-quartet,2271,-,chr17:1248236-1248259:-,False,"            5'- GGTTAAAGGTGGTTTGGGGAGGGACTTCGTTGT -3'
       rG4seq-K ----------------------**---------",YWHAE|ENSG00000108953.16_2,ENST00000264335.12_1;ENST00000466227.6_1;ENST00000571732.5_1;ENST00000573026.1_1,3UTR
chr17,1303514,1303515,potential G-quadruplex & G>=40%,831,-,chr17:1303514-1303574:-,False,"            5'- GCCAGGGAGCGGTTGCCATAGAGCTGAGCAGTTGTCCGCGTGCGCAGGCGGAAGTCCCGGATTGAGGCGC -3'
       rG4seq-K -----------------------------------------------------------*----------",YWHAE|ENSG00000108953.16_2,ENST00000264335.12_1,5UTR
chr17,1478039,1478044,longloop,55,-,chr17:1478040-1478083:-,False,"            5'- GGGGACGTGGGTGGGTCCGAGGTGTGTGTGGGGTCGGGGTGGGCTCTAGGAGT -3'
       rG4seq-K ---------------------------------------***-*---------",SLC43A2|ENSG00000167703.14_3,ENST00000301335.9_2;ENST00000571650.5_2,3UTR
chr17,1494762,1494763,two-quartet,263,-,"chr17:1494859-1494883:-,chr17:1494763-1494765:-",True,"            5'- GGGGCCGGAGGACATGGACTACTCGGTGAAGATCAA -3'
       rG4seq-K --------------------------*---------",SLC43A2|ENSG00000167703.14_3,ENST00000301335.9_2;ENST00000412517.3_1;ENST00000571650.5_2;ENST00000572135.5_1;ENST00000572801.5_1;ENST00000574274.5_1;ENST00000574743.5_1;ENST00000576721.5_1,3UTR;CDS
chr17,1553122,1553123,canonical/G3L1-7,8,-,chr17:1553123-1553139:-,False,"            5'- GGGTGGGGTGGGGGGGTCGCAGCCCT -3'
       rG4seq-K ----------------*---------",RILP|ENSG00000167705.11_3,ENST00000301336.6_2,5UTR
chr17,1587817,1587818,two-quartet,174,-,chr17:1587818-1587841:-,False,"            5'- GGGCCGGGTAACCCGGTGCCTGGCCCTCTAGCC -3'
       rG4seq-K -----------------------*---------",PRPF8|ENSG00000174231.16_3,ENST00000304992.10_1;ENST00000571346.1_1;ENST00000572621.5_2;ENST00000577001.1_1,CDS
chr17,1610654,1610656,bulges,18,-,chr17:1610654-1610677:-,False,"            5'- GATCTGGTATGGGGCGGGTGGGGACAGAGAGAA -3'
       rG4seq-K ---------------------**----------",TLCD2|ENSG00000185561.9_2,ENST00000330676.7_1,3UTR
chr17,2288609,2288611,canonical/G3L1-7,20,-,chr17:2288610-2288638:-,False,"            5'- GGGCCGGCGAGGGGGCCGGGGGGAGGGGACAGAGCTGA -3'
       rG4seq-K ---------------------------**---------",MNT|ENSG00000070444.14_2,ENST00000174618.4_1,3UTR
chr17,2304267,2304271,bulges,21,-,chr17:2304268-2304288:-,False,"            5'- GGGAGGTAGAGAGGGAGGGGAAGAAGGGAG -3'
       rG4seq-K -----------------****---------",MNT|ENSG00000070444.14_2,ENST00000174618.4_1;ENST00000575394.1_1,5UTR
chr17,2593071,2593073,canonical/G3L1-7,100,-,chr17:2593072-2593102:-,False,"            5'- GGGCCGGGGGCGAGGCTGGGGGAAGCGGGGCCCAATTACG -3'
       rG4seq-K -----------------------------**---------",CLUH|ENSG00000132361.16_4,ENST00000435359.5_2;ENST00000570628.6_2;ENST00000575014.5_2,3UTR
chr17,2593325,2593328,bulges,28,-,chr17:2593324-2593357:-,False,"            5'- GGAGCTCTGTGGCGGGGCTGGAGGGCTGGGGTGCACTTTAGTT -3'
       rG4seq-K -----------------------------***-----------",CLUH|ENSG00000132361.16_4,ENST00000435359.5_2;ENST00000570628.6_2;ENST00000575014.5_2,3UTR
chr17,3627094,3627095,canonical/G3L1-7,60,-,chr17:3627095-3627114:-,False,"            5'- GGGCCGGGGCCGGGACGGGACGGAAAACT -3'
       rG4seq-K -------------------*---------",ITGAE|ENSG00000083457.11_2,ENST00000263087.8_1;ENST00000570360.1_1;ENST00000570415.5_1;ENST00000572179.5_1,non_coding
chr17,3715602,3715604,potential G-quadruplex & G>=40%,86,-,chr17:3715602-3715662:-,False,"            5'- ACAAAAAACTGTGACGTCTGGATTTGGGGTTGATTTTTGTGCTGGGGTGGGATTATGGGTCAATGTTGAA -3'
       rG4seq-K ----------------------------------------------------------**----------",NCBP3|ENSG00000074356.16_2,ENST00000389005.5_1;ENST00000574911.5_1;ENST00000575815.5_1,3UTR
chr17,3715610,3715612,potential G-quadruplex & G>=40%,60,-,chr17:3715610-3715670:-,False,"            5'- TTTTAGGAACAAAAAACTGTGACGTCTGGATTTGGGGTTGATTTTTGTGCTGGGGTGGGATTATGGGTCA -3'
       rG4seq-K ----------------------------------------------------------**----------",NCBP3|ENSG00000074356.16_2,ENST00000389005.5_1;ENST00000574911.5_1;ENST00000575815.5_1,3UTR
chr17,3721802,3721803,bulges,50,-,chr17:3721803-3721834:-,False,"            5'- GAGGAGGAAGAGGAGGAGGAGGAGGAAGAGGAAGAGGAAGA -3'
       rG4seq-K -------------------------------*---------",NCBP3|ENSG00000074356.16_2,ENST00000389005.5_1;ENST00000574379.2_1;ENST00000574911.5_1;ENST00000575815.5_1,3UTR;CDS
chr17,4269887,4269889,longloop,19,-,chr17:4269888-4269919:-,False,"            5'- GGGGAAGGCACCGGTGGGGCCGACGGGCGGGTTGAAGGAGG -3'
       rG4seq-K ------------------------------**---------",UBE2G1|ENSG00000132388.12_2,ENST00000571980.1_1;ENST00000572484.5_1;ENST00000574633.5_1,5UTR
chr17,4448393,4448394,bulges,32,-,chr17:4448392-4448425:-,False,"            5'- GAGGAGAGCGAGGGGGAGGAGAGCGAGGAGGAGGAGCGCGACG -3'
       rG4seq-K -------------------------------*-----------",MYBBP1A|ENSG00000132382.14_4,ENST00000254718.8_1;ENST00000381556.6_1;ENST00000571354.1_1;ENST00000572759.1_1;ENST00000573116.5_4;ENST00000573723.1_1,CDS
chr17,4851859,4851861,two-quartet,35,-,chr17:4851859-4851873:-,False,"            5'- GGGGCGGGGGGGGGGAGGAGCAGG -3'
       rG4seq-K ------------**----------",PFN1|ENSG00000108518.7_2,ENST00000225655.5_1;ENST00000572383.1_1,5UTR
chr17,4851915,4851917,canonical/G3L1-7,31,-,chr17:4851916-4851936:-,False,"            5'- GGGGGAGGGAGGGAATGGGGAGTAGGCCCC -3'
       rG4seq-K -------------------**---------",PFN1|ENSG00000108518.7_2,ENST00000225655.5_1;ENST00000572383.1_1,5UTR
chr17,4851922,4851924,longloop,13,-,chr17:4851923-4851948:-,False,"            5'- GGGCTGGCGAGTGGGGGAGGGAGGGAATGGGGAGT -3'
       rG4seq-K ------------------------**---------",PFN1|ENSG00000108518.7_2,ENST00000225655.5_1;ENST00000572383.1_1,5UTR
chr17,4880440,4880442,bulges,10,-,chr17:4880440-4880462:-,False,"            5'- GCAGGTGGCAGGGCGGGAGGGGCCCCTTTCTG -3'
       rG4seq-K --------------------**----------",CAMTA2|ENSG00000108509.20_4,ENST00000348066.7_4;ENST00000361571.9_1;ENST00000381311.9_2;ENST00000414043.7_2;ENST00000572326.1_1;ENST00000572543.5_3;ENST00000574951.5_1;ENST00000575192.1_1;ENST00000575365.1_1,3UTR;CDS
chr17,5346434,5346436,canonical/G3L1-7,13,-,chr17:5346433-5346452:-,False,"            5'- GGGCGGGGGGGGTGGGGGGCAGTTCAGTG -3'
       rG4seq-K ----------------**-----------",C1QBP|ENSG00000108561.8_3;DHX33|ENSG00000005100.12_5,ENST00000225296.7_1;ENST00000570805.1_2,3UTR;non_coding
chr17,5346533,5346534,canonical/G3L1-7,25,-,chr17:5346534-5346563:-,False,"            5'- GGGGGTGGGGGTGGGGGAGGGGAGAGGGGTACCTAGAAC -3'
       rG4seq-K -----------------------------*---------",C1QBP|ENSG00000108561.8_3;DHX33|ENSG00000005100.12_5,ENST00000225296.7_1;ENST00000570805.1_2,3UTR;non_coding
chr17,5389483,5389485,longloop,33,-,chr17:5389484-5389519:-,False,"            5'- GGGGTGGGTGGGGGGTGGGGCAGGCGACGGTGGGGAAGATGGCGT -3'
       rG4seq-K ----------------------------------**---------",DERL2|ENSG00000072849.10_3,ENST00000158771.8_1;ENST00000570848.5_1;ENST00000571968.1_1;ENST00000571971.1_1;ENST00000573637.5_1;ENST00000574700.5_1;ENST00000574952.5_1;ENST00000575209.5_1,5UTR
chr17,7093305,7093306,canonical/G3L1-7,61,-,chr17:7093306-7093330:-,False,"            5'- GGGGGGCAGGGGTCGGGGGTCGGGTGTCCGGGAG -3'
       rG4seq-K ------------------------*---------",DLG4|ENSG00000132535.19_4,ENST00000302955.11_4;ENST00000399506.7_3;ENST00000489885.1_1;ENST00000648172.1_1;ENST00000649520.1_1,3UTR
chr17,7093312,7093313,canonical/G3L1-7,21,-,chr17:7093311-7093338:-,False,"            5'- GGGAGGGTGGGGGGCAGGGGTCGGGGGTCGGGTGTCC -3'
       rG4seq-K -------------------------*-----------",DLG4|ENSG00000132535.19_4,ENST00000302955.11_4;ENST00000399506.7_3;ENST00000489885.1_1;ENST00000648172.1_1;ENST00000649520.1_1,3UTR
chr17,7137544,7137546,longloop,40,-,chr17:7137544-7137576:-,False,"            5'- GGGTAGCAGCACTGGGGGCGGTGGGGTTGGGGAGACGAAGGT -3'
       rG4seq-K ------------------------------**----------",DVL2|ENSG00000004975.11_2,ENST00000005340.9_1;ENST00000575458.5_1;ENST00000575756.5_1;ENST00000576949.1_1,CDS
chr17,7137549,7137552,two-quartet,18,-,chr17:7137550-7137563:-,False,"            5'- GGGGGCGGTGGGGTTGGGGAGAC -3'
       rG4seq-K -----------***---------",DVL2|ENSG00000004975.11_2,ENST00000005340.9_1;ENST00000575458.5_1;ENST00000575756.5_1;ENST00000576949.1_1,CDS
chr17,7147057,7147058,canonical/G3L1-7,503,-,chr17:7147058-7147080:-,False,"            5'- GGGCTGTGGGTGGGATACTGGGATTTTGGGCC -3'
       rG4seq-K ----------------------*---------",AC120057.2|ENSG00000262526.2_6;CTDNEP1|ENSG00000175826.11_3,ENST00000570760.2_1;ENST00000570828.5_2;ENST00000573600.5_1;ENST00000574205.5_1;ENST00000574322.5_1,3UTR;non_coding
chr17,7147065,7147068,canonical/G3L1-7,321,-,chr17:7147066-7147085:-,False,"            5'- GGGCTGGGCTGTGGGTGGGATACTGGGAT -3'
       rG4seq-K -----------------***---------",AC120057.2|ENSG00000262526.2_6;CTDNEP1|ENSG00000175826.11_3,ENST00000570760.2_1;ENST00000570828.5_2;ENST00000573600.5_1;ENST00000574205.5_1;ENST00000574322.5_1,3UTR;non_coding
chr17,7147455,7147456,canonical/G3L1-7,128,-,chr17:7147456-7147478:-,False,"            5'- GGGGTGGGGGGGAAAGGGAGGGCGAGCCCTTG -3'
       rG4seq-K ----------------------*---------",AC120057.2|ENSG00000262526.2_6;CTDNEP1|ENSG00000175826.11_3,ENST00000318988.10_1;ENST00000570484.1_1;ENST00000570760.2_1;ENST00000570828.5_2;ENST00000572043.5_1;ENST00000573600.5_1;ENST00000574205.5_1;ENST00000574322.5_1,3UTR;non_coding
chr17,7155297,7155298,bulges,64,-,chr17:7155296-7155328:-,False,"            5'- GGGGAAGAGGAGGGGGAAAGACAGGAAGAGGGAGTCCTTTGG -3'
       rG4seq-K ------------------------------*-----------",AC003688.1|ENSG00000262302.1_6;CTDNEP1|ENSG00000175826.11_3,ENST00000571409.1_3;ENST00000572043.5_1;ENST00000573600.5_1;ENST00000575783.5_3;ENST00000577138.1_1,5UTR;non_coding
chr17,7219009,7219010,longloop,32,-,chr17:7219011-7219049:-,False,"            5'- GGGCGGGAGTGGGGAAGGGTGGGCGCACGGAAGATGGGGGCCTCTGTA -3'
       rG4seq-K ---------------------------------------*--------",AC026954.2|ENSG00000261915.6_6;NEURL4|ENSG00000215041.9_3,ENST00000315601.8_1;ENST00000315614.11_1;ENST00000399464.6_1;ENST00000573186.5_3;ENST00000575474.1_1,3UTR;CDS
chr17,7219025,7219026,canonical/G3L1-7,19,-,chr17:7219026-7219058:-,False,"            5'- GGGGCCACCGGGCGGGAGTGGGGAAGGGTGGGCGCACGGAAG -3'
       rG4seq-K --------------------------------*---------",AC026954.2|ENSG00000261915.6_6;NEURL4|ENSG00000215041.9_3,ENST00000315601.8_1;ENST00000315614.11_1;ENST00000399464.6_1;ENST00000573186.5_3;ENST00000575474.1_1,3UTR;CDS
chr17,7365565,7365567,longloop,16,-,chr17:7365566-7365602:-,False,"            5'- GGGCTGGTGAGGGGGACCGGATGGAGGGGATAGGGGCTGCCAAAGT -3'
       rG4seq-K -----------------------------------**---------",ZBTB4|ENSG00000174282.11_2,ENST00000311403.4_1;ENST00000380599.8_1,CDS
chr17,7486547,7486548,two-quartet,23,-,chr17:7486547-7486574:-,False,"            5'- GGTGGGGGAGGCGAGCCCAGGTCGGGGAAGGGCAGCA -3'
       rG4seq-K --------------------------*----------",AC016876.1|ENSG00000233223.2_5,ENST00000415124.1_1;ENST00000417897.1_1;ENST00000573187.1_1,non_coding
chr17,7494694,7494696,two-quartet,94,-,chr17:7494694-7494711:-,False,"            5'- GGGTGGGAGGCACGGGGAAGGTTTTGG -3'
       rG4seq-K ---------------**----------",FXR2|ENSG00000129245.11_2,ENST00000250113.11_1,3UTR
chr17,7572725,7572727,bulges,58,-,chr17:7572724-7572755:-,False,"            5'- GGTGTTTTGTTGTGGGGAGGAGGATGGGGAGTAGGACATAC -3'
       rG4seq-K ----------------------------**-----------",TP53|ENSG00000141510.17_5,ENST00000269305.8_2;ENST00000359597.8_1;ENST00000413465.6_1;ENST00000420246.6_1;ENST00000445888.6_2;ENST00000455263.6_1;ENST00000504290.5_1;ENST00000504937.5_1;ENST00000510385.5_1;ENST00000610292.4_1;ENST00000610538.4_1;ENST00000610623.4_1;ENST00000617185.4_1;ENST00000618944.4_1;ENST00000619186.4_1;ENST00000619485.4_1;ENST00000620739.4_1;ENST00000622645.4_1;ENST00000635293.1_1,3UTR
chr17,8024850,8024852,canonical/G3L1-7,8,-,chr17:8024850-8024873:-,False,"            5'- GGGGGCGGGGTCTAGGGGTGGGGTAGAGACTCC -3'
       rG4seq-K ---------------------**----------",HES7|ENSG00000179111.8_5,ENST00000541682.6_2,3UTR
chr17,8045679,8045681,longloop,27,-,chr17:8045680-8045711:-,False,"            5'- GGGGCTGCTCGGGGCGGGGCTGAGCCTGGGGACCAGGTGAT -3'
       rG4seq-K ------------------------------**---------",PER1|ENSG00000179094.15_4,ENST00000317276.8_2;ENST00000581082.5_2;ENST00000582719.5_1;ENST00000585284.1_1,3UTR;CDS
chr17,8091786,8091787,bulges,30,-,chr17:8091787-8091816:-,False,"            5'- GGGTTGCACGGCGGAGGGGGTGAGGTGGGAGGCGTCTCA -3'
       rG4seq-K -----------------------------*---------",BORCS6|ENSG00000196544.7_2,ENST00000389017.5_1,3UTR
chr17,15967422,15967424,longloop,37,-,chr17:15967423-15967462:-,False,"            5'- GGGAACGGGAACGGGAGCGGGAGAAGGAGCGGGAGCGGGAACGGATTGC -3'
       rG4seq-K --------------------------------------**---------",NCOR1|ENSG00000141027.20_4,ENST00000268712.7_2;ENST00000395849.6_1;ENST00000395851.5_2;ENST00000395857.7_2;ENST00000458113.6_1;ENST00000470782.5_1;ENST00000584872.1_1,CDS
chr17,15967440,15967441,canonical/G3L1-7,30,-,chr17:15967441-15967462:-,False,"            5'- GGGAACGGGAACGGGAGCGGGAGAAGGAGCG -3'
       rG4seq-K ---------------------*---------",NCOR1|ENSG00000141027.20_4,ENST00000268712.7_2;ENST00000395849.6_1;ENST00000395851.5_2;ENST00000395857.7_2;ENST00000458113.6_1;ENST00000470782.5_1;ENST00000584872.1_1,CDS
chr17,21433978,21433979,canonical/G3L1-7,8,-,chr17:21433978-21434001:-,False,"            5'- GGGAGGGGAATCTGGGCATGGGGAGTTGGATGT -3'
       rG4seq-K ----------------------*----------",C17orf51|ENSG00000212719.11_4,ENST00000391411.10_2;ENST00000538604.1_1;ENST00000647872.1_1;ENST00000649041.1_1;ENST00000649112.1_1;ENST00000650318.1_1,3UTR
chr17,26205585,26205586,canonical/G3L1-7,7,-,chr17:26205585-26205608:-,False,"            5'- GGGAGGGGGAGAAGGTGGGTGGGCTCAGGGAGA -3'
       rG4seq-K ----------------------*----------",AC005697.1|ENSG00000266202.1_6;LYRM9|ENSG00000232859.9_3,ENST00000379103.7_1;ENST00000460380.6_1;ENST00000582441.1_1,3UTR;non_coding
chr17,26659006,26659007,potential G-quadruplex & G>=40%,132,-,chr17:26659006-26659066:-,False,"            5'- CATTTCCTTGGGTGGCTGGGAAGTGATGAGGAATTGGGCCTGTTTCTTTACAGCCATGGCCAAGGACATC -3'
       rG4seq-K -----------------------------------------------------------*----------",IFT20|ENSG00000109083.13_4,ENST00000322326.12_1;ENST00000357896.7_1;ENST00000395418.7_2;ENST00000577498.1_1;ENST00000578122.5_1;ENST00000578547.1_1;ENST00000578985.5_1;ENST00000579419.5_2;ENST00000580357.1_1;ENST00000580991.1_1;ENST00000582797.5_1;ENST00000585089.5_1;ENST00000585313.5_2;ENST00000588477.5_1,5UTR;CDS
chr17,26674995,26674996,potential G-quadruplex & G>=40%,245,-,chr17:26674995-26675055:-,False,"            5'- CATGGGCCACAGTGGGTCTCTTAATTTGATTGTGGGGTTCTTTTTGTGGGGAGGGGTGGTATAACTTTTC -3'
       rG4seq-K -----------------------------------------------------------*----------",POLDIP2|ENSG00000004142.11_2,ENST00000540200.5_1;ENST00000618887.2_1,3UTR
chr17,26676186,26676187,bulges,240,-,"chr17:26677463-26677486:-,chr17:26676187-26676188:-",True,"            5'- GAGGCCGAGGGGTAGTGGGCAGGGAACCAGTGTT -3'
       rG4seq-K ------------------------*---------",POLDIP2|ENSG00000004142.11_2,ENST00000540200.5_1;ENST00000618887.2_1,CDS
chr17,26684474,26684476,canonical/G3L1-7,88,-,chr17:26684475-26684494:-,False,"            5'- GGGCGGGCGCTCGGGCGGGACATGGCAGC -3'
       rG4seq-K ------------------**---------",POLDIP2|ENSG00000004142.11_2,ENST00000540200.5_1;ENST00000618887.2_1,5UTR
chr17,26723426,26723428,canonical/G3L1-7,18,-,chr17:26723427-26723448:-,False,"            5'- GGGTGGGGGACAGGGGGAGGGAGAGCCATTT -3'
       rG4seq-K --------------------**---------",SLC46A1|ENSG00000076351.12_4,ENST00000612814.4_2;ENST00000618626.1_2,3UTR
chr17,26726174,26726175,longloop,28,-,chr17:26726174-26726201:-,False,"            5'- GGGAAGGAGGGAGGGAGGTAAGAGGGGCTTGGTGATC -3'
       rG4seq-K --------------------------*----------",SLC46A1|ENSG00000076351.12_4,ENST00000612814.4_2;ENST00000618626.1_2,3UTR
chr17,26726185,26726186,two-quartet,11,-,chr17:26726183-26726201:-,False,"            5'- GGGAAGGAGGGAGGGAGGTAAGAGGGGC -3'
       rG4seq-K ---------------*------------",SLC46A1|ENSG00000076351.12_4,ENST00000612814.4_2;ENST00000618626.1_2,3UTR
chr17,26942007,26942008,canonical/G3L1-7,132,-,chr17:26942007-26942029:-,False,"            5'- GGGACTTGTGGGGTGGGAGGGGCTTCCCGTTA -3'
       rG4seq-K ---------------------*----------",KIAA0100|ENSG00000007202.14_3,ENST00000389003.7_1;ENST00000528896.6_1;ENST00000544884.5_1,3UTR
chr17,27401347,27401348,potential G-quadruplex & G>=40%,24,-,chr17:27401347-27401407:-,False,"            5'- GGGTCCATGGGGAGGATTGGGGGAGGAGAAGCAGTGCCTTCCCTCTCGTGTGGGGTGGGGGCTCTCTCTT -3'
       rG4seq-K -----------------------------------------------------------*----------",MYO18A|ENSG00000196535.16_5;TIAF1|ENSG00000221995.5_3,ENST00000359450.6_1;ENST00000527372.6_2;ENST00000529578.5_1;ENST00000530254.6_1;ENST00000531253.5_2;ENST00000533112.5_2;ENST00000628822.2_2,3UTR;5UTR
chr17,27590874,27590876,canonical/G3L1-7,242,-,chr17:27590875-27590895:-,False,"            5'- GGGGCGGGGATAGGGGAGGGCATTGAAGTT -3'
       rG4seq-K -------------------**---------",NUFIP2|ENSG00000108256.8_2,ENST00000225388.8_1,3UTR
chr17,27590878,27590881,potential G-quadruplex & G>=40%,31,-,chr17:27590878-27590938:-,False,"            5'- GGGTGTTGGGGAAATACTTTATTTCTTTCCATTTATTTTTTGTGGGGCGGGGATAGGGGAGGGCATTGAA -3'
       rG4seq-K ---------------------------------------------------------***----------",NUFIP2|ENSG00000108256.8_2,ENST00000225388.8_1,3UTR
chr17,27942627,27942629,canonical/G3L1-7,12,-,chr17:27942628-27942654:-,False,"            5'- GGGCCCGGGGGCGGGACTGGGGAGGGAACTCCGCCC -3'
       rG4seq-K -------------------------**---------",CORO6|ENSG00000167549.18_4,ENST00000345068.9_3;ENST00000388767.7_3;ENST00000459686.5_1;ENST00000467534.5_1;ENST00000469090.5_1;ENST00000480954.6_3;ENST00000579388.5_1;ENST00000580212.5_1,3UTR
chr17,28575623,28575624,two-quartet,108,-,chr17:28575624-28575637:-,False,"            5'- GGAGGGAGGGTGGCCTAAGAGTT -3'
       rG4seq-K -------------*---------",BLMH|ENSG00000108578.14_2,ENST00000261714.10_1;ENST00000578795.1_1,3UTR
chr17,36862317,36862318,longloop,22,-,chr17:36862317-36862344:-,False,"            5'- GGGACCAAAATAACCGGGCGGGAGGGGACACCTCGCA -3'
       rG4seq-K --------------------------*----------",AC006449.2|ENSG00000275532.1_5,ENST00000618407.1_1,non_coding
chr17,36925845,36925846,canonical/G3L1-7,8,-,chr17:36925846-36925876:-,False,"            5'- GGGTGTATTTGGGCTAGATGGGAGGGTGGGAGCAGAGTCG -3'
       rG4seq-K ------------------------------*---------",PIP4K2B|ENSG00000276293.4_4,ENST00000619039.4_1,3UTR
chr17,37009071,37009072,bulges,12,-,chr17:37009071-37009093:-,False,"            5'- GGGCAGTGAGTGGAGGGAGGGGCTTTGGAAGT -3'
       rG4seq-K ---------------------*----------",RPL23|ENSG00000125691.12_3,ENST00000245857.9_1;ENST00000378096.3_1;ENST00000394332.5_1;ENST00000394333.5_1;ENST00000470646.1_2;ENST00000479035.6_1;ENST00000577407.5_1;ENST00000577760.1_1;ENST00000584056.1_1;ENST00000584912.5_1,non_coding
chr17,37010028,37010029,bulges,64,-,chr17:37010028-37010053:-,False,"            5'- GGCCACGTGAGGAGGGTGGGCGGGGCGTTAAAGTT -3'
       rG4seq-K ------------------------*----------",RPL23|ENSG00000125691.12_3,ENST00000479035.6_1,5UTR
chr17,37561109,37561112,canonical/G3L1-7,83,-,chr17:37561110-37561133:-,False,"            5'- GGGTGGGGGGTGGGGTGGTGGGGACAAACAACG -3'
       rG4seq-K ---------------------***---------",MED1|ENSG00000125686.11_3,ENST00000394287.7_2,3UTR
chr17,37563427,37563429,canonical/G3L1-7,66,-,chr17:37563428-37563454:-,False,"            5'- GGGGTGTAGGGAGAGGGAAGGGAGGGAAACAGTTTT -3'
       rG4seq-K -------------------------**---------",MED1|ENSG00000125686.11_3,ENST00000300651.10_2;ENST00000394287.7_2,3UTR
chr17,37563436,37563437,canonical/G3L1-7,20,-,chr17:37563437-37563464:-,False,"            5'- GGGGGTGGGAGGGGTGTAGGGAGAGGGAAGGGAGGGA -3'
       rG4seq-K ---------------------------*---------",MED1|ENSG00000125686.11_3,ENST00000300651.10_2;ENST00000394287.7_2,3UTR
chr17,37886520,37886521,G>=40%,268,-,chr17:37886520-37886580:-,False,"            5'- GAATCCCCAGCCCAGCCCCATCTCTTGACTCCCCAGTGAACCCTGCGGCTTCGAGGCGACCTACCTGGAG -3'
       rG4seq-K -----------------------------------------------------------*----------",MIEN1|ENSG00000141741.11_2,ENST00000394231.7_1;ENST00000469568.5_1;ENST00000474210.1_1;ENST00000498164.2_1;ENST00000577810.1_2;ENST00000582963.1_1,CDS
chr17,38077916,38077918,bulges,97,-,chr17:38077917-38077938:-,False,"            5'- GGGGAGGGAGGCTGCTGTGGGTTTAACTCCT -3'
       rG4seq-K --------------------**---------",ORMDL3|ENSG00000172057.9_3,ENST00000304046.6_1;ENST00000579287.1_1;ENST00000579695.5_1,3UTR
chr17,38077983,38077984,canonical/G3L1-7,99,-,chr17:38077984-38078003:-,False,"            5'- GGGATGTGGGCAGGGAGGGAAGCAGGCTT -3'
       rG4seq-K -------------------*---------",ORMDL3|ENSG00000172057.9_3,ENST00000304046.6_1;ENST00000579287.1_1;ENST00000579695.5_1,3UTR
chr17,38078027,38078029,canonical/G3L1-7,28,-,chr17:38078028-38078045:-,False,"            5'- GGGAGGGAGGGGTAGGGACAGAAGCTA -3'
       rG4seq-K ----------------**---------",ORMDL3|ENSG00000172057.9_3,ENST00000304046.6_1;ENST00000579695.5_1,3UTR
chr17,38078187,38078189,canonical/G3L1-7,55,-,chr17:38078189-38078217:-,False,"            5'- GGGGAGGGTCAGGTTGGGGAAAGATGGGGTAGAGTGTA -3'
       rG4seq-K ----------------------------**--------",ORMDL3|ENSG00000172057.9_3,ENST00000304046.6_1;ENST00000579695.5_1,3UTR
chr17,38078197,38078200,canonical/G3L1-7,31,-,chr17:38078199-38078223:-,False,"            5'- GGGAGTGGGGAGGGTCAGGTTGGGGAAAGATGGG -3'
       rG4seq-K -----------------------***--------",ORMDL3|ENSG00000172057.9_3,ENST00000304046.6_1;ENST00000579695.5_1,3UTR
chr17,38498289,38498290,potential G-quadruplex & G>=40%,19,-,chr17:38498289-38498349:-,False,"            5'- CGCCCCGTCCAGGCACCGCCCCTGGCTTAACCCATTCCCGGCGCGTCCGGCTGCAGCGGGAGAAACGCAG -3'
       rG4seq-K -----------------------------------------------------------*----------",RARA-AS1|ENSG00000265666.1_5,ENST00000581080.1_1,non_coding
chr17,38785151,38785152,two-quartet,254,-,chr17:38785152-38785178:-,False,"            5'- GGACAAGGAGAGTGGGCAGGAGGGGGTCGACAGTAT -3'
       rG4seq-K --------------------------*---------",AC073508.2|ENSG00000264058.2_6;SMARCE1|ENSG00000073584.19_5,ENST00000264640.9_2;ENST00000348513.11_2;ENST00000377808.9_2;ENST00000400122.8_2;ENST00000431889.6_1;ENST00000469334.6_2;ENST00000476049.1_2;ENST00000578044.6_2;ENST00000578112.6_2;ENST00000580419.6_2;ENST00000642576.1_1;ENST00000643030.1_1;ENST00000643255.1_1;ENST00000643318.1_1;ENST00000643378.1_1;ENST00000643683.1_1;ENST00000643893.1_1;ENST00000644443.1_1;ENST00000644523.1_1;ENST00000644527.1_1;ENST00000644701.1_1;ENST00000644909.1_1;ENST00000645152.1_1;ENST00000645227.1_1;ENST00000646242.1_1;ENST00000646283.1_1;ENST00000646401.1_1;ENST00000646448.1_1;ENST00000646856.1_1;ENST00000647294.1_1;ENST00000647508.1_1;ENST00000647515.1_1,3UTR;CDS
chr17,38804063,38804064,canonical/G3L1-7,118,-,chr17:38804063-38804090:-,False,"            5'- GGGGCGGGGCGAGCGCGGGACAAAGGGAAGCGAAGCC -3'
       rG4seq-K --------------------------*----------",AC073508.2|ENSG00000264058.2_6;SMARCE1|ENSG00000073584.19_5,ENST00000264640.9_2;ENST00000348513.11_2;ENST00000377808.9_2;ENST00000400122.8_2;ENST00000431889.6_1;ENST00000447024.6_2;ENST00000469334.6_2;ENST00000474246.2_2;ENST00000476049.1_2;ENST00000478349.7_3;ENST00000481231.6_2;ENST00000493660.6_2;ENST00000577721.6_2;ENST00000578044.6_2;ENST00000578112.6_2;ENST00000580419.6_2;ENST00000580654.6_3;ENST00000642459.1_2;ENST00000642576.1_1;ENST00000643030.1_1;ENST00000643255.1_1;ENST00000643318.1_1;ENST00000643806.1_1;ENST00000644257.1_1;ENST00000644527.1_1;ENST00000644701.1_1;ENST00000644909.1_1;ENST00000645104.1_2;ENST00000645152.1_1;ENST00000645155.1_1;ENST00000645227.1_1;ENST00000645663.1_1;ENST00000646242.1_1;ENST00000646283.1_1;ENST00000646401.1_1;ENST00000646448.1_1;ENST00000646856.1_1;ENST00000647221.1_1;ENST00000647294.1_1;ENST00000647347.1_1;ENST00000647508.1_1;ENST00000647515.1_1,3UTR;5UTR
chr17,40065870,40065871,two-quartet,240,-,chr17:40065870-40065888:-,False,"            5'- GGGGGGTGTGGACGTGGGTGATGTGGAC -3'
       rG4seq-K -----------------*----------",ACLY|ENSG00000131473.16_3,ENST00000352035.6_1;ENST00000353196.5_1;ENST00000393896.6_1;ENST00000537919.5_1;ENST00000590151.5_1;ENST00000590735.1_1;ENST00000590770.5_3,CDS
chr17,40128532,40128533,bulges,272,-,chr17:40128530-40128562:-,False,"            5'- GGGGAGGGAGGCGGGGGTGGACAGGGAGGCAGCTTGTGAATT -3'
       rG4seq-K -----------------------------*------------",DNAJC7|ENSG00000168259.14_4,ENST00000426588.7_1;ENST00000457167.8_1;ENST00000587727.5_3;ENST00000588814.5_1,3UTR
chr17,40128535,40128536,canonical/G3L1-7,234,-,chr17:40128536-40128567:-,False,"            5'- GGGCAGGGGAGGGAGGCGGGGGTGGACAGGGAGGCAGCTTG -3'
       rG4seq-K -------------------------------*---------",DNAJC7|ENSG00000168259.14_4,ENST00000426588.7_1;ENST00000457167.8_1;ENST00000587727.5_3;ENST00000588814.5_1,3UTR
chr17,40128544,40128548,canonical/G3L1-7,75,-,chr17:40128545-40128567:-,False,"            5'- GGGCAGGGGAGGGAGGCGGGGGTGGACAGGGA -3'
       rG4seq-K -------------------****---------",DNAJC7|ENSG00000168259.14_4,ENST00000426588.7_1;ENST00000457167.8_1;ENST00000587727.5_3;ENST00000588814.5_1,3UTR
chr17,40273098,40273102,canonical/G3L1-7,36,-,chr17:40273099-40273121:-,False,"            5'- GGGGGGGCCGGGAGCGGGGGGGATCCGGCTCG -3'
       rG4seq-K -------------------****---------",AC099811.2|ENSG00000267261.5_6;KAT2A|ENSG00000108773.10_3,ENST00000225916.9_1;ENST00000585562.5_4;ENST00000592248.5_4;ENST00000592574.1_4,CDS;non_coding
chr17,40277088,40277089,bulges,612,-,chr17:40277089-40277121:-,False,"            5'- GGGTGGGTAAGGGGGGGAGTGGGAGGGGACGGAACCAACTTT -3'
       rG4seq-K --------------------------------*---------",AC099811.2|ENSG00000267261.5_6;RAB5C|ENSG00000108774.14_3,ENST00000346213.8_1;ENST00000393860.7_1;ENST00000585562.5_4;ENST00000592248.5_4;ENST00000592574.1_4,3UTR;non_coding
chr17,40277092,40277095,canonical/G3L1-7,263,-,chr17:40277093-40277121:-,False,"            5'- GGGTGGGTAAGGGGGGGAGTGGGAGGGGACGGAACCAA -3'
       rG4seq-K --------------------------***---------",AC099811.2|ENSG00000267261.5_6;RAB5C|ENSG00000108774.14_3,ENST00000346213.8_1;ENST00000393860.7_1;ENST00000585562.5_4;ENST00000592248.5_4;ENST00000592574.1_4,3UTR;non_coding
chr17,40277103,40277108,canonical/G3L1-7,35,-,chr17:40277104-40277127:-,False,"            5'- GGGGGTGGGTGGGTAAGGGGGGGAGTGGGAGGG -3'
       rG4seq-K -------------------*****---------",AC099811.2|ENSG00000267261.5_6;RAB5C|ENSG00000108774.14_3,ENST00000346213.8_1;ENST00000393860.7_1;ENST00000585562.5_4;ENST00000592248.5_4;ENST00000592574.1_4,3UTR;non_coding
chr17,40277336,40277337,longloop,158,-,chr17:40277336-40277364:-,False,"            5'- GGGCGGTGGGGCAGACCTTGGGAAGGGGCTTAGGAAGG -3'
       rG4seq-K ---------------------------*----------",AC099811.2|ENSG00000267261.5_6;RAB5C|ENSG00000108774.14_3,ENST00000346213.8_1;ENST00000393860.7_1;ENST00000585562.5_4;ENST00000592248.5_4;ENST00000592574.1_4,3UTR;non_coding
chr17,40277341,40277342,bulges,124,-,chr17:40277342-40277376:-,False,"            5'- GGTCTTTGGTTTGGGCGGTGGGGCAGACCTTGGGAAGGGGCTTA -3'
       rG4seq-K ----------------------------------*---------",AC099811.2|ENSG00000267261.5_6;RAB5C|ENSG00000108774.14_3,ENST00000346213.8_1;ENST00000393860.7_1;ENST00000585562.5_4;ENST00000592248.5_4;ENST00000592574.1_4,3UTR;non_coding
chr17,40277683,40277687,canonical/G3L1-7,205,-,chr17:40277684-40277703:-,False,"            5'- GGGGGGGCAGGGGGAGGGGTCCACCATGA -3'
       rG4seq-K ----------------****---------",AC099811.2|ENSG00000267261.5_6;RAB5C|ENSG00000108774.14_3,ENST00000346213.8_1;ENST00000393860.7_1;ENST00000547517.5_1;ENST00000585562.5_4;ENST00000592248.5_4;ENST00000592574.1_4,3UTR
chr17,40342682,40342685,canonical/G3L1-7,43,-,chr17:40342683-40342707:-,False,"            5'- GGGCAGTGGGGCAGTGGGCGGGGGCCAAGCTGCT -3'
       rG4seq-K ----------------------***---------",GHDC|ENSG00000167925.15_3,ENST00000301671.12_2;ENST00000414034.7_2;ENST00000428494.6_2;ENST00000585735.1_1;ENST00000587427.5_2;ENST00000593209.5_2,CDS
chr17,40428317,40428319,canonical/G3L1-7,100,-,chr17:40428318-40428343:-,False,"            5'- GGGAGGGAGCGAGCGGGCGGGCGGGCAAGCCAGAC -3'
       rG4seq-K ------------------------**---------",STAT5B|ENSG00000173757.9_3,ENST00000293328.7_1;ENST00000415845.1_1;ENST00000468312.1_1,5UTR
chr17,40428321,40428323,bulges,31,-,chr17:40428323-40428357:-,False,"            5'- GGCGGCCCGGCCGAGGGAGGGAGCGAGCGGGCGGGCGGGCAAGC -3'
       rG4seq-K ----------------------------------**--------",STAT5B|ENSG00000173757.9_3,ENST00000293328.7_1;ENST00000415845.1_1;ENST00000468312.1_1,5UTR
chr17,40467486,40467488,bulges,220,-,chr17:40467487-40467515:-,False,"            5'- GGGGATGTGGCGGGGGGTGGCTAGAGGGAGAAAAAGGA -3'
       rG4seq-K ---------------------------**---------",STAT3|ENSG00000168610.14_4,ENST00000264657.9_1;ENST00000389272.7_1;ENST00000462286.2_1;ENST00000585517.5_2;ENST00000588969.5_1,3UTR
chr17,40554601,40554603,two-quartet,166,-,chr17:40554602-40554622:-,False,"            5'- GGGAGGTTGGGGATTGTGGGACAAGGTCCC -3'
       rG4seq-K -------------------**---------",CAVIN1|ENSG00000177469.12_5,ENST00000357037.5_1,3UTR
chr17,40554730,40554732,canonical/G3L1-7,136,-,chr17:40554730-40554754:-,False,"            5'- GGGATTGGGGGAGGGAGCCTGGGGACACAAACCT -3'
       rG4seq-K ----------------------**----------",CAVIN1|ENSG00000177469.12_5,ENST00000357037.5_1,3UTR
chr17,40555313,40555315,two-quartet,126,-,chr17:40555313-40555328:-,False,"            5'- GGAGGGGAGGTGGGGAGAGAACATC -3'
       rG4seq-K -------------**----------",CAVIN1|ENSG00000177469.12_5,ENST00000357037.5_1,3UTR
chr17,40556063,40556065,two-quartet,141,-,chr17:40556063-40556080:-,False,"            5'- GGGAAGGAGGGGTGGGGAACGACATGC -3'
       rG4seq-K ---------------**----------",CAVIN1|ENSG00000177469.12_5,ENST00000357037.5_1,3UTR
chr17,40731661,40731663,bulges,24,-,chr17:40731662-40731683:-,False,"            5'- GGGAGTTGGCAAGAGGGAGGGAAGGAAGGAG -3'
       rG4seq-K --------------------**---------",RETREG3|ENSG00000141699.10_6,ENST00000309428.9_1;ENST00000589797.5_1,3UTR
chr17,40731719,40731722,bulges,30,-,chr17:40731723-40731753:-,False,"            5'- GTGGAAAGACAGGAGGTGTGGGGAAGGAGGGGGATTTCGT -3'
       rG4seq-K -------------------------------***------",RETREG3|ENSG00000141699.10_6,ENST00000309428.9_1;ENST00000589797.5_1,3UTR
chr17,40853212,40853213,longloop,50,-,chr17:40853213-40853238:-,False,"            5'- GGGAGGGGGAAGAAGAGAGGGTGGGAGATTCTCCT -3'
       rG4seq-K -------------------------*---------",EZH1|ENSG00000108799.12_2,ENST00000415827.6_2;ENST00000428826.6_1,3UTR
chr17,40855724,40855726,two-quartet,24,-,chr17:40855723-40855740:-,False,"            5'- GGGAGGTGGGGTGGGGGATGGATGCCT -3'
       rG4seq-K --------------**-----------",EZH1|ENSG00000108799.12_2,ENST00000415827.6_2;ENST00000428826.6_1;ENST00000585550.5_1;ENST00000585893.5_2;ENST00000585912.5_1;ENST00000586103.5_1;ENST00000588897.5_1;ENST00000590078.5_1;ENST00000591330.5_1;ENST00000592743.5_1,non_coding
chr17,41120932,41120934,longloop,9,-,chr17:41120933-41120960:-,False,"            5'- GGGTCGGGGAGGGGTAGACTGGTAGGGCTTCTGATTT -3'
       rG4seq-K --------------------------**---------",PTGES3L-AARSD1|ENSG00000108825.17_4;PTGES3L|ENSG00000267060.5_4,ENST00000360221.8_4;ENST00000409103.5_4;ENST00000409399.5_4;ENST00000409446.7_2;ENST00000421990.6_4;ENST00000423601.1_3;ENST00000424284.5_2;ENST00000452752.5_3;ENST00000454303.1_3;ENST00000462157.5_1;ENST00000591916.5_2,3UTR;non_coding
chr17,41610079,41610080,two-quartet,93,-,chr17:41610080-41610108:-,False,"            5'- GGGCACAGGTACCCAGGGGCGGGGGTGGTGATCAAACA -3'
       rG4seq-K ----------------------------*---------",ETV4|ENSG00000175832.12_3,ENST00000319349.9_1;ENST00000393664.6_1;ENST00000538265.5_1;ENST00000545089.5_1;ENST00000545954.5_1;ENST00000591713.5_1,CDS
chr17,41610084,41610086,longloop,58,-,chr17:41610083-41610121:-,False,"            5'- GGGTGGGGTCAATGGGCACAGGTACCCAGGGGCGGGGGTGGTGATCAA -3'
       rG4seq-K -----------------------------------**-----------",ETV4|ENSG00000175832.12_3,ENST00000319349.9_1;ENST00000393664.6_1;ENST00000538265.5_1;ENST00000545089.5_1;ENST00000545954.5_1;ENST00000591713.5_1,CDS
chr17,42269310,42269313,canonical/G3L1-7,50,-,chr17:42269311-42269337:-,False,"            5'- GGGGTCATTGGGGGAGGGGGGTGGGGCTCACGCTGT -3'
       rG4seq-K ------------------------***---------",ATXN7L3|ENSG00000087152.15_2,ENST00000389384.8_1;ENST00000454077.6_1;ENST00000591295.5_1,3UTR
chr17,42282491,42282493,two-quartet,23,-,chr17:42282492-42282506:-,False,"            5'- GGGAGGTGGGAGGGAGTGGCTTAG -3'
       rG4seq-K -------------**---------",UBTF|ENSG00000108312.14_3,ENST00000302904.8_2;ENST00000343638.9_2,3UTR
chr17,42283712,42283713,bulges,34,-,chr17:42283713-42283731:-,False,"            5'- GGGTCGGTGAGGGCCGGGAGATGTTGAC -3'
       rG4seq-K ------------------*---------",UBTF|ENSG00000108312.14_3,ENST00000302904.8_2;ENST00000343638.9_2,3UTR
chr17,42283909,42283912,canonical/G3L1-7,37,-,chr17:42283910-42283931:-,False,"            5'- GGGAGAGGGAGGGTTTAGGGGTAGATTTGGA -3'
       rG4seq-K -------------------***---------",UBTF|ENSG00000108312.14_3,ENST00000302904.8_2;ENST00000343638.9_2,3UTR
chr17,42401322,42401324,bulges,13,-,chr17:42401323-42401344:-,False,"            5'- GGGCGGTGGATGAGGGTTGGGTTAAAGTCTC -3'
       rG4seq-K --------------------**---------",SLC25A39|ENSG00000013306.15_3,ENST00000225308.12_1;ENST00000377095.9_1;ENST00000537904.6_3;ENST00000585523.1_1;ENST00000585636.5_1;ENST00000585695.5_1;ENST00000586016.5_1;ENST00000586633.5_1;ENST00000588049.5_1;ENST00000588315.5_1;ENST00000590194.5_1;ENST00000591006.5_1;ENST00000591151.1_1;ENST00000592857.5_1,non_coding
chr17,42881820,42881821,canonical/G3L1-7,174,-,chr17:42881821-42881847:-,False,"            5'- GGGGCTGGGCTGAGGGAGAGAAAGGGAAACACAGTG -3'
       rG4seq-K --------------------------*---------",GJC1|ENSG00000182963.9_3,ENST00000330514.4_1;ENST00000426548.5_1;ENST00000586347.1_1;ENST00000587113.1_1;ENST00000590758.3_1;ENST00000592524.5_1,3UTR
chr17,42881830,42881832,longloop,84,-,chr17:42881831-42881862:-,False,"            5'- GGGGACTCTGGAGGCGGGGCTGGGCTGAGGGAGAGAAAGGG -3'
       rG4seq-K ------------------------------**---------",GJC1|ENSG00000182963.9_3,ENST00000330514.4_1;ENST00000426548.5_1;ENST00000586347.1_1;ENST00000587113.1_1;ENST00000590758.3_1;ENST00000592524.5_1,3UTR
chr17,42881837,42881840,bulges,32,-,chr17:42881838-42881862:-,False,"            5'- GGGGACTCTGGAGGCGGGGCTGGGCTGAGGGAGA -3'
       rG4seq-K ----------------------***---------",GJC1|ENSG00000182963.9_3,ENST00000330514.4_1;ENST00000426548.5_1;ENST00000586347.1_1;ENST00000587113.1_1;ENST00000590758.3_1;ENST00000592524.5_1,3UTR
chr17,43003613,43003614,bulges,44,-,chr17:43003613-43003636:-,False,"            5'- GGGAGGTGGGCTGGAGGACGGGGACAGAGCGTC -3'
       rG4seq-K ----------------------*----------",KIF18B|ENSG00000186185.13_2,ENST00000587309.5_1;ENST00000593135.5_1,3UTR
chr17,43011663,43011665,bulges,20,-,chr17:43011662-43011685:-,False,"            5'- GGGGGAGCGGCTGCGGGAGGGGGCCAACATCAA -3'
       rG4seq-K --------------------**-----------",KIF18B|ENSG00000186185.13_2,ENST00000587309.5_1;ENST00000590129.1_1;ENST00000593135.5_1,CDS
chr17,43012725,43012726,longloop,35,-,chr17:43012725-43012764:-,False,"            5'- GGGGCTGGGAAGACACACACCATGCTGGGAAGGGAGGGGGACCCCGGCA -3'
       rG4seq-K --------------------------------------*----------",KIF18B|ENSG00000186185.13_2,ENST00000587309.5_1;ENST00000590129.1_1;ENST00000593135.5_1,CDS
chr17,43189217,43189220,bulges,46,-,chr17:43189217-43189237:-,False,"            5'- GATGGCGGGGGGGGCGGGGGTCTCCCTATG -3'
       rG4seq-K -----------------***----------",PLCD3|ENSG00000161714.11_3,ENST00000619929.4_1,3UTR
chr17,43514028,43514030,canonical/G3L1-7,12,-,chr17:43514029-43514051:-,False,"            5'- GGGGCCTTGGGGCTGGGGTGGGAGTCTGGAAT -3'
       rG4seq-K ---------------------**---------",PLEKHM1|ENSG00000225190.10_3,ENST00000430334.7_1;ENST00000579197.5_1;ENST00000580404.5_1,3UTR
chr17,44248897,44248900,longloop,46,-,chr17:44248901-44248941:-,False,"            5'- GGGGTGAAATGGGAGGATCTGAATCTGGGGACTTGAAGGGGGGTATGACC -3'
       rG4seq-K -----------------------------------------***------",KANSL1|ENSG00000120071.14_5,ENST00000262419.10_3;ENST00000432791.6_3;ENST00000571698.2_2;ENST00000572904.6_3;ENST00000574590.6_3;ENST00000574655.6_2;ENST00000575318.6_3;ENST00000638269.1_1;ENST00000638275.1_2;ENST00000638902.1_1;ENST00000639099.1_1;ENST00000639150.1_1;ENST00000639356.1_1;ENST00000639375.1_1;ENST00000639531.1_1;ENST00000648792.1_1,CDS
chr17,45968766,45968767,canonical/G3L1-7,9,-,chr17:45968767-45968791:-,False,"            5'- GGGGGGTGGAGGGCTGGGGGAGGGATAGCATTAG -3'
       rG4seq-K ------------------------*---------",AC018521.5|ENSG00000264920.1_5,ENST00000577279.1_1;ENST00000582787.1_1,non_coding
chr17,46148325,46148327,canonical/G3L1-7,439,-,chr17:46148326-46148355:-,False,"            5'- GGGATGGGGAGGGGAGAAAGGGAGATGGGTAGCATCATT -3'
       rG4seq-K ----------------------------**---------",CBX1|ENSG00000108468.14_3,ENST00000225603.8_2;ENST00000393408.7_2,3UTR
chr17,46148332,46148333,canonical/G3L1-7,283,-,chr17:46148333-46148365:-,False,"            5'- GGGGGAGGGAGGGATGGGGAGGGGAGAAAGGGAGATGGGTAG -3'
       rG4seq-K --------------------------------*---------",CBX1|ENSG00000108468.14_3,ENST00000225603.8_2;ENST00000393408.7_2,3UTR
chr17,46148340,46148343,canonical/G3L1-7,123,-,chr17:46148341-46148365:-,False,"            5'- GGGGGAGGGAGGGATGGGGAGGGGAGAAAGGGAG -3'
       rG4seq-K ----------------------***---------",CBX1|ENSG00000108468.14_3,ENST00000225603.8_2;ENST00000393408.7_2,3UTR
chr17,46148345,46148348,canonical/G3L1-7,35,-,chr17:46148347-46148365:-,False,"            5'- GGGGGAGGGAGGGATGGGGAGGGGAGAA -3'
       rG4seq-K -----------------***--------",CBX1|ENSG00000108468.14_3,ENST00000225603.8_2;ENST00000393408.7_2,3UTR
chr17,46682168,46682170,longloop,36,-,chr17:46682169-46682195:-,False,"            5'- GGGAGAGGGAGAGAAGGAGGGGTGGGAATTACACAA -3'
       rG4seq-K -------------------------**---------",HOXB3|ENSG00000120093.11_3;HOXB6|ENSG00000108511.9_3,ENST00000225648.3_1;ENST00000484302.3_1;ENST00000552000.2_1,5UTR;non_coding
chr17,47022075,47022077,longloop,95,-,chr17:47022076-47022111:-,False,"            5'- GGGCCCAGGGTGGGGATGCACCGCCGCGGGGTGGGAGCTGGCGCC -3'
       rG4seq-K ----------------------------------**---------",SNF8|ENSG00000159210.9_5,ENST00000290330.7_4;ENST00000502492.5_3;ENST00000507302.6_1;ENST00000509995.5_2;ENST00000510195.1_1;ENST00000510558.6_1;ENST00000514929.1_1;ENST00000573795.5_1;ENST00000576353.5_2,5UTR;CDS
chr17,47492225,47492227,potential G-quadruplex & G>=40%,196,-,chr17:47492225-47492285:-,False,"            5'- GCGTGGATCTTGGAAAGCGGGCGGGGCAGAGGAGCTCATGCGCAGTATGTGTGGTTGGGGAATTCATGTG -3'
       rG4seq-K ----------------------------------------------------------**----------",PHB|ENSG00000167085.11_4,ENST00000300408.7_1;ENST00000419140.6_3;ENST00000434917.2_1;ENST00000506273.1_1;ENST00000511832.5_1;ENST00000513412.1_1;ENST00000614445.4_1,5UTR
chr17,47492232,47492233,G>=40%,199,-,chr17:47492232-47492292:-,False,"            5'- ATAGGAAGCGTGGATCTTGGAAAGCGGGCGGGGCAGAGGAGCTCATGCGCAGTATGTGTGGTTGGGGAAT -3'
       rG4seq-K -----------------------------------------------------------*----------",PHB|ENSG00000167085.11_4,ENST00000300408.7_1;ENST00000419140.6_3;ENST00000434917.2_1;ENST00000506273.1_1;ENST00000511832.5_1;ENST00000513412.1_1;ENST00000614445.4_1,5UTR
chr17,47677556,47677557,bulges,64,-,chr17:47677557-47677576:-,False,"            5'- GGGGGAAACGGGGGGAGGGAAAATGAAAT -3'
       rG4seq-K -------------------*---------",SPOP|ENSG00000121067.17_5,ENST00000347630.6_1;ENST00000393328.6_1;ENST00000503676.5_1;ENST00000504102.5_1;ENST00000572686.1_1,3UTR
chr17,48460084,48460087,two-quartet,265,-,chr17:48460085-48460106:-,False,"            5'- GGAGTAGGCTTGGGGGTGGGGAGAGAGAAAA -3'
       rG4seq-K -------------------***---------",LRRC59|ENSG00000108829.9_3,ENST00000225972.7_1;ENST00000503118.2_2,3UTR
chr17,48460125,48460130,canonical/G3L1-7,35,-,chr17:48460126-48460152:-,False,"            5'- GGGAGGTGGCGGGGGGGCGTGGGGGGCAGTTACCTG -3'
       rG4seq-K ----------------------*****---------",LRRC59|ENSG00000108829.9_3,ENST00000225972.7_1;ENST00000503118.2_2,3UTR
chr17,48460134,48460137,bulges,14,-,chr17:48460135-48460152:-,False,"            5'- GGGAGGTGGCGGGGGGGCGTGGGGGGC -3'
       rG4seq-K ---------------***---------",LRRC59|ENSG00000108829.9_3,ENST00000225972.7_1;ENST00000503118.2_2,3UTR
chr17,48460469,48460471,bulges,216,-,chr17:48460470-48460493:-,False,"            5'- GGGAGGGCTGGTTGCTTGTCGGGTGACAGAGCT -3'
       rG4seq-K ----------------------**---------",LRRC59|ENSG00000108829.9_3,ENST00000225972.7_1;ENST00000503118.2_2,CDS
chr17,49057204,49057206,bulges,62,-,chr17:49057205-49057226:-,False,"            5'- GGGTGGGGGATGGCGTGTGGGTCTCCATTCG -3'
       rG4seq-K --------------------**---------",SPAG9|ENSG00000008294.20_3,ENST00000262013.11_2;ENST00000357122.8_2;ENST00000505279.5_2;ENST00000510283.5_1;ENST00000511312.2_1;ENST00000513746.6_1;ENST00000618113.4_2,3UTR;CDS
chr17,49257758,49257760,canonical/G3L1-7,17,-,chr17:49257759-49257778:-,False,"            5'- GGGGGGGCAGGGGGGTGGGAAATTTTCAA -3'
       rG4seq-K ------------------**---------",MBTD1|ENSG00000011258.15_3,ENST00000415868.5_1;ENST00000586178.5_1,3UTR
chr17,49257907,49257909,bulges,28,-,chr17:49257907-49257933:-,False,"            5'- GGCTTAGAAACTGAGGGCGGGTGGGGAAGGATTTTA -3'
       rG4seq-K ------------------------**----------",MBTD1|ENSG00000011258.15_3,ENST00000415868.5_1;ENST00000586178.5_1,3UTR
chr17,54965931,54965932,two-quartet,101,-,chr17:54965932-54965950:-,False,"            5'- GGGATGGAGGTGTGAGGGTTCATTATAT -3'
       rG4seq-K ------------------*---------",TRIM25|ENSG00000121060.17_4,ENST00000316881.8_1;ENST00000648772.1_1,3UTR
chr17,54967725,54967726,bulges,77,-,chr17:54967725-54967752:-,False,"            5'- GGGAGGGAGGGAAAGAGCTAAAGAGGGTCACACAAGT -3'
       rG4seq-K --------------------------*----------",TRIM25|ENSG00000121060.17_4,ENST00000316881.8_1;ENST00000648772.1_1,3UTR
chr17,54968910,54968912,canonical/G3L1-7,52,-,chr17:54968911-54968939:-,False,"            5'- GGGAGCTGGCGGGAGGGTGGGAGGTGGGATTTAGCCAG -3'
       rG4seq-K ---------------------------**---------",TRIM25|ENSG00000121060.17_4,ENST00000316881.8_1;ENST00000537230.2_1;ENST00000648772.1_1,3UTR
chr17,54968917,54968919,canonical/G3L1-7,9,-,chr17:54968918-54968944:-,False,"            5'- GGGAGGGGAGCTGGCGGGAGGGTGGGAGGTGGGATT -3'
       rG4seq-K -------------------------**---------",TRIM25|ENSG00000121060.17_4,ENST00000316881.8_1;ENST00000537230.2_1;ENST00000572021.5_1;ENST00000648772.1_1,3UTR
chr17,55027359,55027362,canonical/G3L1-7,35,-,chr17:55027360-55027388:-,False,"            5'- GGGAGCTAAGGGACGGGGCATGCGGGGGAGAGGTCGAG -3'
       rG4seq-K --------------------------***---------",COIL|ENSG00000121058.4_3,ENST00000240316.4_1,CDS
chr17,56049343,56049344,bulges,12,-,chr17:56049343-56049369:-,False,"            5'- GATGGCAGGAGGGGGTTTTGGGTGGGCCACTGAAAA -3'
       rG4seq-K -------------------------*----------",VEZF1|ENSG00000136451.8_3,ENST00000258963.7_1,3UTR
chr17,56083767,56083768,bulges,82,-,chr17:56083766-56083793:-,False,"            5'- GAGGCGGCGGCGGGGGTGGAGGTGGCGGAGCTCCCCG -3'
       rG4seq-K -------------------------*-----------",AC015813.2|ENSG00000266086.2_6;SRSF1|ENSG00000136450.12_3,ENST00000258962.4_1;ENST00000578430.1_1;ENST00000578794.2_2;ENST00000581979.5_1;ENST00000582730.6_1;ENST00000583741.1_1;ENST00000584773.5_1;ENST00000585096.1_1,3UTR;CDS
chr17,56423406,56423407,bulges,288,-,chr17:56423407-56423433:-,False,"            5'- GGGGTGGGAGGGATTTGGGTTGGTGGATTAACAGAT -3'
       rG4seq-K --------------------------*---------",AC004687.2|ENSG00000285897.1_1;SUPT4H1|ENSG00000213246.6_4,ENST00000225504.7_1;ENST00000577396.5_1;ENST00000581166.5_2;ENST00000581204.1_1;ENST00000581540.5_1;ENST00000648873.1_1,3UTR
chr17,56423413,56423415,canonical/G3L1-7,162,-,chr17:56423414-56423433:-,False,"            5'- GGGGTGGGAGGGATTTGGGTTGGTGGATT -3'
       rG4seq-K ------------------**---------",AC004687.2|ENSG00000285897.1_1;SUPT4H1|ENSG00000213246.6_4,ENST00000225504.7_1;ENST00000577396.5_1;ENST00000581166.5_2;ENST00000581204.1_1;ENST00000581540.5_1;ENST00000648873.1_1,3UTR
chr17,56423419,56423423,bulges,71,-,chr17:56423421-56423444:-,False,"            5'- GGACTACAGGTGGGGTGGGAGGGATTTGGGTTG -3'
       rG4seq-K ---------------------****--------",AC004687.2|ENSG00000285897.1_1;SUPT4H1|ENSG00000213246.6_4,ENST00000225504.7_1;ENST00000577396.5_1;ENST00000581166.5_2;ENST00000581204.1_1;ENST00000581540.5_1;ENST00000648873.1_1,3UTR
chr17,58160960,58160962,canonical/G3L1-7,138,-,chr17:58160961-58160988:-,False,"            5'- GGGGATATGGGAGGCAGGGAAGAGGGGTTGTTTCTTT -3'
       rG4seq-K --------------------------**---------",WFDC21P|ENSG00000261040.7_4,ENST00000566140.5_2;ENST00000587298.1_1;ENST00000588180.5_2;ENST00000589777.1_1;ENST00000589987.5_2;ENST00000590012.5_1;ENST00000590346.5_1;ENST00000592556.5_1,non_coding
chr17,60023145,60023148,potential G-quadruplex & G>=40%,75,-,chr17:60023145-60023205:-,False,"            5'- GTGGGTGGGACAGTAAATTTGTATTGTCTCGATGTACAGTTTAACGGGGATAGAGGGGGAATAATGTCCA -3'
       rG4seq-K ---------------------------------------------------------***----------",MED13|ENSG00000108510.9_3,ENST00000397786.6_1,3UTR
chr17,60023195,60023197,two-quartet,26,-,chr17:60023196-60023209:-,False,"            5'- GGGGGTGGGTGGGACAGTAAATT -3'
       rG4seq-K ------------**---------",MED13|ENSG00000108510.9_3,ENST00000397786.6_1,3UTR
chr17,61823032,61823036,longloop,104,-,chr17:61823033-61823062:-,False,"            5'- GGGTTTTCTGGTGGGAGTGGGGTGGTGGGTATTTTTTGT -3'
       rG4seq-K --------------------------*-**---------",AC046185.1|ENSG00000125695.12_6;CCDC47|ENSG00000108588.13_3,ENST00000225726.9_1;ENST00000580553.1_3,3UTR;non_coding
chr17,61823046,61823048,longloop,21,-,chr17:61823047-61823073:-,False,"            5'- GGGTAAGGGTTGGGTTTTCTGGTGGGAGTGGGGTGG -3'
       rG4seq-K -------------------------**---------",AC046185.1|ENSG00000125695.12_6;CCDC47|ENSG00000108588.13_3,ENST00000225726.9_1;ENST00000580553.1_3,3UTR;non_coding
chr17,61823058,61823059,canonical/G3L1-7,17,-,chr17:61823059-61823079:-,False,"            5'- GGGGATGGGTAAGGGTTGGGTTTTCTGGTG -3'
       rG4seq-K --------------------*---------",AC046185.1|ENSG00000125695.12_6;CCDC47|ENSG00000108588.13_3,ENST00000225726.9_1;ENST00000580553.1_3,3UTR;non_coding
chr17,61901500,61901501,bulges,160,-,chr17:61901501-61901527:-,False,"            5'- GGAGGAGGAGGAAGAGGAGGAGGAGGAACAACTGAA -3'
       rG4seq-K --------------------------*---------",FTSJ3|ENSG00000108592.16_3,ENST00000427159.6_1;ENST00000580129.2_1;ENST00000580376.5_1,CDS
chr17,61909500,61909501,bulges,43,-,chr17:61909500-61909526:-,False,"            5'- GCTTGGTGAGGAGGGTGGGCCTAGGGCTTGGCGAGT -3'
       rG4seq-K -------------------------*----------",SMARCD2|ENSG00000108604.15_5,ENST00000448276.6_1;ENST00000613943.4_1,3UTR
chr17,61909506,61909507,bulges,29,-,chr17:61909508-61909542:-,False,"            5'- GGTGTTGCCCTTTGGAGCTTGGTGAGGAGGGTGGGCCTAGGGCT -3'
       rG4seq-K -----------------------------------*--------",SMARCD2|ENSG00000108604.15_5,ENST00000448276.6_1;ENST00000613943.4_1,3UTR
chr17,62291425,62291426,bulges,20,-,chr17:62291424-62291454:-,False,"            5'- GGCGAGGAGGAGGAGGAAGAGGAGGAGGAGTTCAGGGAGT -3'
       rG4seq-K ----------------------------*-----------",TEX2|ENSG00000136478.7_4,ENST00000258991.7_1;ENST00000583097.5_2;ENST00000583738.1_2;ENST00000583922.1_2;ENST00000584379.5_2;ENST00000615733.4_2,CDS
chr17,65068109,65068111,bulges,24,-,chr17:65068110-65068128:-,False,"            5'- GGGGGAGGGTGGTGAGGGCAAAGGATTT -3'
       rG4seq-K -----------------**---------",HELZ|ENSG00000198265.11_4,ENST00000358691.9_3,3UTR
chr17,66263537,66263541,bulges,403,-,chr17:66263538-66263555:-,False,"            5'- GGGGAGGGTGGGGGAGGAAATGACAAA -3'
       rG4seq-K --------------****---------",SLC16A6|ENSG00000108932.11_4,ENST00000327268.8_2,3UTR
chr17,66265172,66265175,canonical/G3L1-7,449,-,chr17:66265173-66265196:-,False,"            5'- GGGATGGGGTGGGCCCAACGGGGACACAAGGAG -3'
       rG4seq-K ---------------------***---------",SLC16A6|ENSG00000108932.11_4,ENST00000327268.8_2;ENST00000580666.5_2;ENST00000620436.4_2,3UTR
chr17,66265182,66265184,bulges,149,-,chr17:66265183-66265208:-,False,"            5'- GTTGGCTGGAGAGGGATGGGGTGGGCCCAACGGGG -3'
       rG4seq-K ------------------------**---------",SLC16A6|ENSG00000108932.11_4,ENST00000327268.8_2;ENST00000580666.5_2;ENST00000620436.4_2,3UTR
chr17,73143697,73143699,G>=40%,996,-,chr17:73143697-73143757:-,False,"            5'- GATTTTTAGGTGCCAAGTCTAGTGGTGGCAGGGAAGACTTGGAGTCATCTGGACTGCAGAGAAGGAACTC -3'
       rG4seq-K ----------------------------------------------------------**----------",JPT1|ENSG00000189159.15_6,ENST00000304834.11_1;ENST00000356033.8_1;ENST00000409753.7_1;ENST00000470924.5_1;ENST00000476258.5_1;ENST00000481647.5_1;ENST00000482348.5_1;ENST00000580380.1_3;ENST00000581874.1_1;ENST00000584079.5_1,3UTR;CDS
chr17,73316281,73316283,bulges,114,-,chr17:73316281-73316309:-,False,"            5'- GGTTGGAACTTTAGGGGGTGGGAGGGGGCGTTGGATTT -3'
       rG4seq-K --------------------------**----------",GRB2|ENSG00000177885.14_4,ENST00000316615.9_1;ENST00000316804.9_1;ENST00000392562.5_1;ENST00000392563.5_1;ENST00000392564.5_1;ENST00000581959.1_1;ENST00000648046.1_1,3UTR
chr17,73496598,73496601,canonical/G3L1-7,20,-,chr17:73496600-73496627:-,False,"            5'- GGGCTAGCAGGGGTGGGAGGCAGTGGGGTTAACAGAT -3'
       rG4seq-K --------------------------***--------",CASKIN2|ENSG00000177303.9_4,ENST00000321617.7_2,3UTR
chr17,73842728,73842729,canonical/G3L1-7,115,-,chr17:73842727-73842749:-,False,"            5'- GGGGCTTGGGGAGGGGAGGGGGCGCCTTGTTC -3'
       rG4seq-K --------------------*-----------",WBP2|ENSG00000132471.11_5,ENST00000254806.7_3;ENST00000433525.6_3;ENST00000585462.5_1;ENST00000586257.5_3;ENST00000587642.5_1;ENST00000588373.5_1;ENST00000590221.5_3;ENST00000591399.5_3;ENST00000591831.5_1;ENST00000626827.2_1,3UTR
chr17,73842733,73842734,canonical/G3L1-7,86,-,chr17:73842734-73842759:-,False,"            5'- GGGCTGTGCTGGGGCTTGGGGAGGGGAGGGGGCGC -3'
       rG4seq-K -------------------------*---------",WBP2|ENSG00000132471.11_5,ENST00000254806.7_3;ENST00000433525.6_3;ENST00000585462.5_1;ENST00000586257.5_3;ENST00000587642.5_1;ENST00000588373.5_1;ENST00000590221.5_3;ENST00000591399.5_3;ENST00000591831.5_1;ENST00000626827.2_1,3UTR
chr17,73886720,73886721,two-quartet,44,-,chr17:73886721-73886737:-,False,"            5'- GGGAGGTTGGGGGAGGTGAGCATAAA -3'
       rG4seq-K ----------------*---------",TRIM65|ENSG00000141569.11_4,ENST00000269383.7_1;ENST00000591668.5_3;ENST00000592642.1_1;ENST00000648382.1_1,3UTR
chr17,74068497,74068498,bulges,73,-,chr17:74068495-74068533:-,False,"            5'- GGCGGCAGTGGCGGCGGCGGTGGCAGTGGCGGCGGCGGTAGCGGCGGT -3'
       rG4seq-K -----------------------------------*------------",SRP68|ENSG00000167881.14_2,ENST00000307877.6_2;ENST00000539137.5_2;ENST00000591272.1_1;ENST00000592704.5_1;ENST00000629930.1_1,CDS
chr17,74077559,74077560,longloop,22,-,chr17:74077560-74077594:-,False,"            5'- GGGGGGGAAGGAGGTGGGCATCGGGGGCATGGGGCCTGGCCTCT -3'
       rG4seq-K ----------------------------------*---------",EXOC7|ENSG00000182473.21_3,ENST00000332065.9_1;ENST00000465252.5_1;ENST00000589210.5_1;ENST00000591724.1_1,3UTR
chr17,76353484,76353485,canonical/G3L1-7,17,-,chr17:76353485-76353504:-,False,"            5'- GGGAAGTGGGGAGGGGGGGCGGAAACCCA -3'
       rG4seq-K -------------------*---------",SOCS3|ENSG00000184557.4_3,ENST00000330871.3_1,3UTR
chr17,76676339,76676341,bulges,24,-,chr17:76676339-76676357:-,False,"            5'- GGGCGGGTGGTGGAGGGGAACCACACTG -3'
       rG4seq-K ----------------**----------",CYTH1|ENSG00000108669.16_4,ENST00000361101.8_1;ENST00000446868.7_1;ENST00000585509.5_2;ENST00000586175.5_1;ENST00000586430.1_1;ENST00000589296.5_1;ENST00000589297.5_2;ENST00000590775.5_1;ENST00000591455.5_1;ENST00000591574.5_1,3UTR;CDS
chr17,77807681,77807683,longloop,32,-,chr17:77807682-77807713:-,False,"            5'- GGGAGCTGAGCACCTGGGGCCTCGGGGCGGGCTCCCCTCTC -3'
       rG4seq-K ------------------------------**---------",CBX4|ENSG00000141582.14_5,ENST00000269397.8_4,3UTR
chr17,77809088,77809089,canonical/G3L1-7,68,-,chr17:77809089-77809114:-,False,"            5'- GGGCGCGCAGGGGAAGGGCCAGGGGCATCAGTACG -3'
       rG4seq-K -------------------------*---------",CBX4|ENSG00000141582.14_5,ENST00000269397.8_4;ENST00000448310.1_4;ENST00000495122.1_3,3UTR;CDS
chr17,79479432,79479434,longloop,16,-,chr17:79479432-79479462:-,False,"            5'- GGGAGGGCATTAGGTGGCTGTGGGGAGGGGACCGTGTTAC -3'
       rG4seq-K ----------------------------**----------",ACTG1|ENSG00000184009.11_5,ENST00000331925.7_2;ENST00000570382.1_1;ENST00000571691.5_1;ENST00000571721.5_1;ENST00000572105.6_1;ENST00000573283.7_3;ENST00000575087.5_1;ENST00000575659.5_1;ENST00000575842.5_1;ENST00000575994.5_1;ENST00000576214.2_1;ENST00000576544.5_1;ENST00000576917.5_1;ENST00000615544.4_1;ENST00000644774.1_1,5UTR
chr17,79803026,79803028,two-quartet,1520,-,chr17:79803027-79803056:-,False,"            5'- GGAGAGCGGTGGCCAGGATGGGGCAGGGGATGATGACGA -3'
       rG4seq-K ----------------------------**---------",P4HB|ENSG00000185624.14_2,ENST00000331483.8_1;ENST00000415593.5_1;ENST00000439918.6_1;ENST00000473021.1_1;ENST00000476482.1_1;ENST00000571507.5_1;ENST00000571617.1_1;ENST00000575069.5_1;ENST00000576390.5_1,3UTR;CDS
chr17,79876388,79876391,potential G-quadruplex & G>=40%,20,-,chr17:79876388-79876448:-,False,"            5'- CCGGGATCTGCTGGGGTGGGATGGAGGTTATTAAAGATCTAAGTGAGGAGGGGCTGGGGTTTGGATGCGG -3'
       rG4seq-K ---------------------------------------------------------***----------",MAFG|ENSG00000197063.10_5;SIRT7|ENSG00000187531.13_3,ENST00000357736.8_1;ENST00000572902.5_1,3UTR;non_coding
chr17,79877540,79877541,bulges,38,-,chr17:79877538-79877561:-,False,"            5'- GAGGGTGGTGGAGAGGGTGGTGGTCTCTTCTCA -3'
       rG4seq-K --------------------*------------",MAFG|ENSG00000197063.10_5;SIRT7|ENSG00000187531.13_3,ENST00000357736.8_1;ENST00000572902.5_1,3UTR;non_coding
chr17,79890370,79890371,bulges,401,-,chr17:79890371-79890396:-,False,"            5'- GGGAGGCCCTGCCTGTGTGGGAGGGTGGTTACTGT -3'
       rG4seq-K -------------------------*---------",PYCR1|ENSG00000183010.16_4,ENST00000329875.12_1;ENST00000337943.9_1;ENST00000403172.8_1;ENST00000619204.4_1;ENST00000629768.2_2,3UTR
chr17,79976846,79976847,bulges,245,-,chr17:79976846-79976879:-,False,"            5'- GGACACTGGTGTGGGAAGGGGCAGCACCTGGGGAGTCCCTGCC -3'
       rG4seq-K --------------------------------*----------",CENPX|ENSG00000169689.14_5,ENST00000306704.10_1;ENST00000392359.7_2;ENST00000577379.5_1;ENST00000579520.5_1;ENST00000580090.5_1;ENST00000580435.5_1;ENST00000583767.1_1;ENST00000584347.1_2;ENST00000584514.5_1;ENST00000584600.5_2,3UTR
chr17,80016440,80016443,canonical/G3L1-7,34,-,chr17:80016441-80016460:-,False,"            5'- GGGTGGGTGGGGGTGAGGGAGAGGCATCT -3'
       rG4seq-K -----------------***---------",DUS1L|ENSG00000169718.17_4,ENST00000306796.9_1;ENST00000354321.11_1;ENST00000538833.6_3;ENST00000542088.2_1;ENST00000577574.5_1;ENST00000578428.1_1;ENST00000578846.5_1;ENST00000579854.5_1;ENST00000580731.1_1;ENST00000584871.5_1,CDS
chr17,80200930,80200931,two-quartet,36,-,chr17:80200930-80200946:-,False,"            5'- GGGAGGTTGGGGTGGGTCAGAGCCGA -3'
       rG4seq-K ---------------*----------",CSNK1D|ENSG00000141551.14_3,ENST00000314028.10_1;ENST00000398519.9_2;ENST00000581241.5_1;ENST00000584672.1_1,3UTR
chr17,80202122,80202123,bulges,38,-,chr17:80202121-80202155:-,False,"            5'- GGAGTTAGTGTATGAGGTGGAGTCGGGCAGGGAGAAGGTGCAGG -3'
       rG4seq-K --------------------------------*-----------",CSNK1D|ENSG00000141551.14_3,ENST00000314028.10_1;ENST00000398519.9_2;ENST00000581241.5_1;ENST00000584672.1_1,3UTR
chr17,80213413,80213417,two-quartet,136,-,chr17:80213414-80213432:-,False,"            5'- GGTGCGGGGCAGAGGGGGACTACAACGT -3'
       rG4seq-K ---------------****---------",CSNK1D|ENSG00000141551.14_3,ENST00000314028.10_1;ENST00000392334.6_1;ENST00000398519.9_2;ENST00000403276.7_1;ENST00000578194.5_1;ENST00000578904.1_1;ENST00000579316.5_1;ENST00000580061.5_1;ENST00000580446.1_1;ENST00000581241.5_1;ENST00000581660.5_1;ENST00000582844.5_1;ENST00000584472.5_1;ENST00000585026.1_1,3UTR;CDS
chr17,80349763,80349764,canonical/G3L1-7,11,-,chr17:80349764-80349786:-,False,"            5'- GGGGTCCTTTGGGGTGGGTGGGAGTTCTGCTG -3'
       rG4seq-K ----------------------*---------",OGFOD3|ENSG00000181396.12_5,ENST00000313056.9_1;ENST00000578586.1_1;ENST00000582146.1_1,3UTR
chr17,80572877,80572878,potential G-quadruplex & G>=40%,243,-,chr17:80572877-80572937:-,False,"            5'- GGGTCGTCTGCCAGAGCAGGGTCTGGGAGGGTCCATGCAGTTCCCGCTGGTGTGGAGGGAAATGCCCTGG -3'
       rG4seq-K -----------------------------------------------------------*----------",WDR45B|ENSG00000141580.15_3,ENST00000392325.8_1;ENST00000572583.5_3;ENST00000576517.1_3,3UTR
chr17,80573047,80573049,bulges,124,-,chr17:80573047-80573073:-,False,"            5'- GGCGTGTGCGGGGCGGGGACGGGGGGTCTCCTGGTT -3'
       rG4seq-K ------------------------**----------",WDR45B|ENSG00000141580.15_3,ENST00000392325.8_1;ENST00000572583.5_3;ENST00000576517.1_3,3UTR
chr18,673397,673398,Unknown,406,+,chr18:673338-673398:+,False,"            5'- TTTGGAATATTTTTAGAATATTTTAAGAATTTCACAAGCTATTCCCTCAAATCTGAGGGAGCTGAGTAAC -3'
       rG4seq-K -----------------------------------------------------------*----------",TYMS|ENSG00000176890.15_2,ENST00000323224.7_1;ENST00000323274.14_1;ENST00000581920.1_1,3UTR
chr18,3450230,3450233,bulges,25,+,chr18:3450213-3450234:+,False,"            5'- GGAGCGGAGAGGGGAGGGGAGAGAGTTGGGC -3'
       rG4seq-K -----------------***-----------",TGIF1|ENSG00000177426.20_5,ENST00000343820.9_1;ENST00000401449.5_1;ENST00000405385.7_1;ENST00000407501.6_3;ENST00000546979.5_1;ENST00000548489.6_1;ENST00000549253.5_1;ENST00000549780.5_2;ENST00000550958.5_1;ENST00000551402.1_2;ENST00000552383.5_1;ENST00000577543.5_2;ENST00000618001.4_1,5UTR
chr18,3450249,3450250,longloop,75,+,chr18:3450223-3450249:+,False,"            5'- GGGGAGGGGAGAGAGTTGGGCGAGGGAGAGCCCCCG -3'
       rG4seq-K --------------------------*---------",TGIF1|ENSG00000177426.20_5,ENST00000343820.9_1;ENST00000401449.5_1;ENST00000405385.7_1;ENST00000407501.6_3;ENST00000546979.5_1;ENST00000548489.6_1;ENST00000549253.5_1;ENST00000549780.5_2;ENST00000550958.5_1;ENST00000551402.1_2;ENST00000552383.5_1;ENST00000577543.5_2;ENST00000618001.4_1,5UTR
chr18,8783867,8783871,canonical/G3L1-7,9,+,chr18:8783852-8783870:+,False,"            5'- GGGAGGGCCCGGGTCGGGACCACGCACC -3'
       rG4seq-K ---------------**-*---------",MTCL1|ENSG00000168502.17_3,ENST00000306329.15_1;ENST00000359865.7_1;ENST00000400050.7_1;ENST00000517570.5_1;ENST00000520495.5_1,CDS
chr18,9475563,9475565,bulges,14,+,chr18:9475535-9475564:+,False,"            5'- GTAAACAGGCAGAGGCTGGGCGGGGTGGGAATGGGGCGC -3'
       rG4seq-K ----------------------------**---------",RALBP1|ENSG00000017797.12_3,ENST00000019317.8_1;ENST00000585015.6_2,5UTR
chr18,11981651,11981653,bulges,69,+,chr18:11981619-11981651:+,False,"            5'- GGAGTCCCGCCGAGGGGGGCTGGAGGTGGAGGGGCCCGGCGA -3'
       rG4seq-K --------------------------------**--------",IMPA2|ENSG00000141401.11_2,ENST00000269159.7_1;ENST00000383376.9_1;ENST00000588752.5_1;ENST00000589238.5_1;ENST00000590107.5_1;ENST00000590138.1_1;ENST00000625802.2_1,5UTR
chr18,12985597,12985598,potential G-quadruplex & G>=40%,138,+,chr18:12985538-12985598:+,False,"            5'- TTTGGGTTTAAAGATTAAAAGGGTTGTTACCATTCTTATCTGAGTAGTTGGGAGGAGGGGAATACCACTT -3'
       rG4seq-K -----------------------------------------------------------*----------",SEH1L|ENSG00000085415.15_3,ENST00000262124.15_2;ENST00000399892.6_2;ENST00000590843.1_1;ENST00000592582.5_1,3UTR
chr18,29078209,29078211,bulges,34,+,chr18:29078171-29078212:+,False,"            5'- GGCGCGGAGCGGTGCGGCGGCGGGAGGCGGAGGCGAGGGTGCGATGGCGCG -3'
       rG4seq-K --------------------------------------**-----------",DSG2|ENSG00000046604.12_2,ENST00000261590.12_1;ENST00000585206.1_1,5UTR
chr18,33850119,33850121,bulges,67,+,chr18:33850090-33850121:+,False,"            5'- GGCAAATGAAGTTAGGTGGGGTGGGGTGGGGTTTATTGTTT -3'
       rG4seq-K -----------------------------**----------",MOCOS|ENSG00000075643.5_3,ENST00000261326.5_1,3UTR
chr18,46387477,46387478,bulges,33,+,chr18:46387461-46387479:+,False,"            5'- GGGAGGTGATGGGCGGGGAAGGTTCTCG -3'
       rG4seq-K ----------------*-----------",CTIF|ENSG00000134030.13_4,ENST00000256413.7_3;ENST00000382998.8_3;ENST00000592658.1_1,3UTR
chr18,60245425,60245426,canonical/G3L1-7,14,+,chr18:60245392-60245425:+,False,"            5'- GGGAGTTATGGGGAAGGGGTGGGTGTGAAGGGGTAGATGAAAG -3'
       rG4seq-K ---------------------------------*---------",ZCCHC2|ENSG00000141664.9_4,ENST00000269499.9_3;ENST00000585873.5_1;ENST00000586834.1_3;ENST00000591145.1_1,3UTR
chr18,77475243,77475244,potential G-quadruplex & G>=40%,211,+,chr18:77475184-77475244:+,False,"            5'- CATGGAGGAGGAGGAGGAGGAGGACACGGATGAGGATGACCACCTCATCTACCTGGAGGAGATCCTGGTC -3'
       rG4seq-K -----------------------------------------------------------*----------",CTDP1|ENSG00000060069.16_2,ENST00000075430.11_1;ENST00000299543.8_1;ENST00000591598.5_1;ENST00000613122.4_1,CDS
chr18,12367325,12367326,bulges,158,-,chr18:12367326-12367349:-,False,"            5'- GGAGGAGGAGGTGGTGGCGGTGGAAAACGAGGT -3'
       rG4seq-K -----------------------*---------",AFG3L2|ENSG00000141385.9_3,ENST00000269143.7_1;ENST00000590811.1_3,CDS
chr18,13663618,13663619,bulges,7,-,chr18:13663619-13663643:-,False,"            5'- GGTGTGTTGACCGGGTGGGGAGGGAGCTAGGACT -3'
       rG4seq-K ------------------------*---------",FAM210A|ENSG00000177150.12_3,ENST00000322247.7_2;ENST00000402563.5_2,3UTR
chr18,13726476,13726477,longloop,14,-,chr18:13726476-13726510:-,False,"            5'- GGGCGCGGCTGGCGGGGCCGGGGGCGGCAGGGGGCTAGCGTCCG -3'
       rG4seq-K ---------------------------------*----------",FAM210A|ENSG00000177150.12_3,ENST00000322247.7_2;ENST00000402563.5_2;ENST00000585785.1_1;ENST00000588475.1_1;ENST00000591269.1_1;ENST00000592976.5_2,5UTR
chr18,19284527,19284528,longloop,62,-,chr18:19284528-19284556:-,False,"            5'- GGGTGGGGTTCTTCGGCTCGGGGGTGGGCTTATCCCTT -3'
       rG4seq-K ----------------------------*---------",ABHD3|ENSG00000158201.9_3,ENST00000289119.6_1;ENST00000577891.1_1;ENST00000577928.5_1;ENST00000579875.5_1;ENST00000579982.1_1;ENST00000580981.5_1,CDS
chr18,33647446,33647448,canonical/G3L1-7,41,-,chr18:33647446-33647468:-,False,"            5'- GGGGAAGGGTGGGGTGAGGGGGCGAGGCCGCA -3'
       rG4seq-K --------------------**----------",RPRD1A|ENSG00000141425.17_5,ENST00000357384.8_1;ENST00000399022.8_1;ENST00000588737.5_1;ENST00000589050.1_1;ENST00000590898.5_1;ENST00000592674.1_1,5UTR
chr18,43678260,43678262,G>=40%,112,-,chr18:43678260-43678320:-,False,"            5'- AGGGGCAGTACTTCCGGGTCAGGTGGGCCGGCTGTCTTGACCTTCTTTGCGGCTCGGCCATTTTGTCCCA -3'
       rG4seq-K ----------------------------------------------------------**----------",ATP5F1A|ENSG00000152234.15_4,ENST00000282050.6_1;ENST00000398752.10_1;ENST00000585650.1_1;ENST00000586592.5_1;ENST00000588390.1_1;ENST00000589252.5_3;ENST00000589869.5_3;ENST00000590156.5_1;ENST00000590324.5_1;ENST00000590406.5_3;ENST00000590448.5_1;ENST00000590665.5_1;ENST00000591267.1_1;ENST00000591981.5_1;ENST00000592989.1_3;ENST00000593152.6_1,5UTR
chr18,44634703,44634706,two-quartet,43,-,chr18:44634704-44634722:-,False,"            5'- GGAAAACAGGGAGGGGGGATTTCAGACT -3'
       rG4seq-K ----------------***---------",AC012254.2|ENSG00000267228.7_6;HDHD2|ENSG00000167220.11_5,ENST00000300605.10_1;ENST00000588183.5_1;ENST00000588861.1_1;ENST00000602459.6_2,3UTR
chr18,44702731,44702732,G>=40%,51,-,chr18:44702731-44702791:-,False,"            5'- TAGCCAGATGGAGGCGGGGCTTCCCGGAGAGTTCGTTTTGGGCCCCATCGGCTTCCGTAGGAAGGCGCCG -3'
       rG4seq-K -----------------------------------------------------------*----------",IER3IP1|ENSG00000134049.5_5,ENST00000256433.5_2;ENST00000639845.1_3,5UTR
chr18,47018099,47018100,two-quartet,823,-,chr18:47018099-47018116:-,False,"            5'- GGTGGGGGAAAGTATGGCTGCGATGAT -3'
       rG4seq-K ----------------*----------",RPL17-C18orf32|ENSG00000215472.10_3;RPL17|ENSG00000265681.7_4,ENST00000332968.11_3;ENST00000578528.1_1;ENST00000578532.5_3;ENST00000578966.1_1;ENST00000579248.5_2;ENST00000579408.5_2;ENST00000579495.1_1;ENST00000580210.5_1;ENST00000580261.5_2;ENST00000580387.5_1;ENST00000581305.1_1;ENST00000581373.5_1;ENST00000582782.5_1;ENST00000583036.5_1;ENST00000583637.5_3;ENST00000615479.4_1;ENST00000615760.4_1;ENST00000617346.4_3;ENST00000618613.5_3;ENST00000618619.4_2,5UTR;non_coding
chr18,47807804,47807805,bulges,16,-,chr18:47807803-47807840:-,False,"            5'- GCGGAGGAGGAGGAAGGGGAGGAGGGCGAGGCGGGAGGTGCAGGAGG -3'
       rG4seq-K -----------------------------------*-----------",MBD1|ENSG00000141644.17_2,ENST00000269468.9_1;ENST00000269471.9_1;ENST00000339998.10_1;ENST00000347968.7_1;ENST00000353909.7_1;ENST00000382948.9_1;ENST00000398493.5_1;ENST00000457839.6_1;ENST00000585672.5_1;ENST00000586118.5_1;ENST00000587605.5_1;ENST00000589758.1_1;ENST00000589867.2_1;ENST00000590208.5_1;ENST00000590215.1_1;ENST00000591416.5_1,5UTR
chr18,47812461,47812463,canonical/G3L1-7,38,-,chr18:47812462-47812484:-,False,"            5'- GGGTCAGGGACAGGGGTTGGGGCCATGCTTGC -3'
       rG4seq-K ---------------------**---------",CXXC1|ENSG00000154832.14_3,ENST00000285106.10_2;ENST00000412036.6_2;ENST00000586365.5_1;ENST00000586837.1_1;ENST00000589548.5_1;ENST00000589940.5_1;ENST00000590901.5_1;ENST00000591190.5_1;ENST00000591474.5_1,CDS
chr18,55289033,55289034,G>=40%,52,-,chr18:55289033-55289093:-,False,"            5'- TCGGCCGATTCTCGCAGGCGCCCTCAGATCTACGCTCTCTGATGCAACGCCGGAATCGCGGAAACCGCCG -3'
       rG4seq-K -----------------------------------------------------------*----------",NARS|ENSG00000134440.11_3,ENST00000256854.9_1;ENST00000411676.6_1;ENST00000587675.5_1;ENST00000588661.5_2,5UTR
chr18,56995892,56995893,potential G-quadruplex & G>=40%,1213,-,chr18:56995892-56995952:-,False,"            5'- GGACCATCTGGGTCATGGCGCCTGGTTTCAGACAACCTGAATCAAATCTTAGGGGTGGGGCTTTGGGATG -3'
       rG4seq-K -----------------------------------------------------------*----------",LMAN1|ENSG00000074695.5_2,ENST00000251047.5_1,3UTR
chr18,77663467,77663469,longloop,19,-,chr18:77663468-77663495:-,False,"            5'- GGGGTCTGGCACGGGGGAGGGCTGGGGCTTTCTCTGC -3'
       rG4seq-K --------------------------**---------",PQLC1|ENSG00000122490.18_2,ENST00000351365.7_1;ENST00000357575.8_1;ENST00000397778.6_1;ENST00000466449.5_1;ENST00000474967.5_1;ENST00000590381.5_1,3UTR
chr18,77663796,77663797,canonical/G3L1-7,20,-,chr18:77663797-77663823:-,False,"            5'- GGGTGGGCAGTGGGGGTGGGGCTGGGACGCTGTTTG -3'
       rG4seq-K --------------------------*---------",PQLC1|ENSG00000122490.18_2,ENST00000351365.7_1;ENST00000357575.8_1;ENST00000397778.6_1;ENST00000466449.5_1;ENST00000474967.5_1;ENST00000590381.5_1,3UTR
chr18,77663802,77663804,canonical/G3L1-7,12,-,chr18:77663802-77663823:-,False,"            5'- GGGTGGGCAGTGGGGGTGGGGCTGGGACGCT -3'
       rG4seq-K -------------------**----------",PQLC1|ENSG00000122490.18_2,ENST00000351365.7_1;ENST00000357575.8_1;ENST00000397778.6_1;ENST00000466449.5_1;ENST00000474967.5_1;ENST00000590381.5_1,3UTR
chr18,77748461,77748464,canonical/G3L1-7,29,-,chr18:77748462-77748491:-,False,"            5'- GGGGGCGGCGGGGGCCGGGGAGTGAGGGGCCGGCTGAGC -3'
       rG4seq-K ---------------------------***---------",TXNL4A|ENSG00000141759.14_2,ENST00000269601.9_1;ENST00000355491.5_1;ENST00000585474.5_2;ENST00000585769.5_1;ENST00000586295.1_1;ENST00000586825.1_1;ENST00000588162.1_1;ENST00000591711.5_1;ENST00000592957.1_2,5UTR
chr19,541907,541908,canonical/G3L1-7,30,+,chr19:541882-541910:+,False,"            5'- GGGCGCTGCTGGGAACGTGGGCGGGGGGCCGTTTCCTG -3'
       rG4seq-K -------------------------*------------",CDC34|ENSG00000099804.8_2,ENST00000215574.8_1;ENST00000586283.6_1;ENST00000606065.3_1;ENST00000606400.3_1,3UTR
chr19,583331,583333,two-quartet,1087,+,chr19:583314-583334:+,False,"            5'- GGGGGCAGCTCTGGAGGGGGTTTGCTGGGG -3'
       rG4seq-K -----------------**-----------",BSG|ENSG00000172270.19_4,ENST00000333511.8_2;ENST00000346916.8_2;ENST00000353555.8_1;ENST00000545507.6_3;ENST00000571735.3_2;ENST00000614867.2_2;ENST00000618006.4_1;ENST00000618112.3_2,3UTR
chr19,681905,681907,longloop,216,+,chr19:681876-681906:+,False,"            5'- GGGAGGCCTGGGGGCCGGCTGGTGGGTGGGATAGACCTGC -3'
       rG4seq-K -----------------------------**---------",FSTL3|ENSG00000070404.9_4,ENST00000166139.8_1;ENST00000588773.5_3;ENST00000592947.5_2;ENST00000605925.3_3,3UTR
chr19,747768,747769,bulges,45,+,chr19:747751-747768:+,False,"            5'- GGGCAGTGGAGGGAGGGACACAGCCTG -3'
       rG4seq-K -----------------*---------",PALM|ENSG00000099864.17_4,ENST00000264560.11_2;ENST00000338448.9_2;ENST00000587513.3_1;ENST00000590161.2_1;ENST00000592155.5_1;ENST00000593172.5_1,3UTR
chr19,811224,811229,canonical/G3L1-7,143,+,chr19:811196-811228:+,False,"            5'- GGGGTGTCCTGGGGACCCAAGGGGTGGGGGGGTCACACCAGA -3'
       rG4seq-K ----------------------------**-**---------",PTBP1|ENSG00000011304.19_6,ENST00000349038.8_3;ENST00000350092.8_3;ENST00000356948.10_3;ENST00000394601.8_1;ENST00000586944.5_1;ENST00000627714.2_1;ENST00000635647.1_1,3UTR
chr19,811249,811251,potential G-quadruplex & G>=40%,240,+,chr19:811191-811251:+,False,"            5'- CACCCGGGGTGTCCTGGGGACCCAAGGGGTGGGGGGGTCACACCAGAGAGAGGCAGGGGGCCTGGCCGGC -3'
       rG4seq-K ----------------------------------------------------------**----------",PTBP1|ENSG00000011304.19_6,ENST00000349038.8_3;ENST00000350092.8_3;ENST00000356948.10_3;ENST00000394601.8_1;ENST00000586944.5_1;ENST00000627714.2_1;ENST00000635647.1_1,3UTR
chr19,1258732,1258734,two-quartet,25,+,chr19:1258717-1258732:+,False,"            5'- GGGAGGGTGGGCAGGGAGGGGTCCC -3'
       rG4seq-K ---------------**--------",MIDN|ENSG00000167470.12_4,ENST00000300952.6_2,3UTR
chr19,1258736,1258738,canonical/G3L1-7,159,+,chr19:1258717-1258738:+,False,"            5'- GGGAGGGTGGGCAGGGAGGGGTCCCAGAGGG -3'
       rG4seq-K -------------------**----------",MIDN|ENSG00000167470.12_4,ENST00000300952.6_2,3UTR
chr19,1271448,1271450,two-quartet,30,+,chr19:1271432-1271449:+,False,"            5'- GGGGGCCGAGGACGGGGCCGTGGGTTC -3'
       rG4seq-K ----------------**---------",CIRBP|ENSG00000099622.13_3,ENST00000320936.9_1;ENST00000413636.6_1;ENST00000585630.5_1;ENST00000585913.5_1;ENST00000585914.5_1;ENST00000586472.5_1;ENST00000586548.5_2;ENST00000586636.5_1;ENST00000586773.5_1;ENST00000587169.5_1;ENST00000587323.5_1;ENST00000587896.5_2;ENST00000588030.5_1;ENST00000588090.5_1;ENST00000588230.5_1;ENST00000588344.2_1;ENST00000589235.5_1;ENST00000589686.5_1;ENST00000589710.5_1;ENST00000590171.1_1;ENST00000590347.5_1;ENST00000590704.5_1;ENST00000591055.5_1;ENST00000591097.5_1;ENST00000591376.5_1;ENST00000591659.5_1;ENST00000591935.5_1;ENST00000592234.5_1;ENST00000592412.5_1;ENST00000593048.5_1;ENST00000593093.5_1;ENST00000593128.5_1;ENST00000593283.5_1;ENST00000628979.2_1,3UTR;CDS
chr19,1271573,1271576,two-quartet,111,+,chr19:1271548-1271575:+,False,"            5'- GGAGGAGGGGACCGAGGCTATGGGGGGAACCGGTTCG -3'
       rG4seq-K -------------------------***---------",CIRBP|ENSG00000099622.13_3,ENST00000320936.9_1;ENST00000413636.6_1;ENST00000585630.5_1;ENST00000585913.5_1;ENST00000585914.5_1;ENST00000586472.5_1;ENST00000586548.5_2;ENST00000586636.5_1;ENST00000586773.5_1;ENST00000587169.5_1;ENST00000587323.5_1;ENST00000587896.5_2;ENST00000588030.5_1;ENST00000588090.5_1;ENST00000588230.5_1;ENST00000588344.2_1;ENST00000589235.5_1;ENST00000589686.5_1;ENST00000589710.5_1;ENST00000590171.1_1;ENST00000590347.5_1;ENST00000590704.5_1;ENST00000591055.5_1;ENST00000591097.5_1;ENST00000591376.5_1;ENST00000591659.5_1;ENST00000591935.5_1;ENST00000592234.5_1;ENST00000592412.5_1;ENST00000593048.5_1;ENST00000593093.5_1;ENST00000593128.5_1;ENST00000593283.5_1;ENST00000628979.2_1,3UTR;CDS
chr19,1941343,1941345,bulges,17,+,chr19:1941320-1941345:+,False,"            5'- GGGGGCGCGGGGCCCGGAGCGGGGGTCCGCGCTGC -3'
       rG4seq-K -----------------------**----------",CSNK1G2|ENSG00000133275.15_1,ENST00000255641.12_1,5UTR
chr19,2272946,2272948,longloop,22,+,chr19:2272912-2272946:+,False,"            5'- GGGGGGTGCGGGCGGGGGGTTCTGGTCGGCAGGGGTTCTGACGG -3'
       rG4seq-K ----------------------------------**--------",AC005258.1|ENSG00000273734.1_6;OAZ1|ENSG00000104904.12_4,ENST00000581150.6_1;ENST00000582888.8_3;ENST00000586054.2_1;ENST00000589739.3_1;ENST00000590943.6_1;ENST00000592727.3_1;ENST00000593012.1_1;ENST00000602676.6_3;ENST00000621615.1_1,non_coding
chr19,2273163,2273165,potential G-quadruplex & G>=40%,1518,+,chr19:2273105-2273165:+,False,"            5'- AGGGCCGCCTCGGGGCTGGGCATCCGGCCCCTGGGGCCACCCCTTGTCAGCCGGGTGGGTAGGAACCGTA -3'
       rG4seq-K ----------------------------------------------------------**----------",AC005258.1|ENSG00000273734.1_6;OAZ1|ENSG00000104904.12_4,ENST00000581150.6_1;ENST00000582888.8_3;ENST00000586054.2_1;ENST00000589739.3_1;ENST00000590943.6_1;ENST00000592727.3_1;ENST00000593012.1_1;ENST00000602676.6_3;ENST00000621615.1_1,3UTR;non_coding
chr19,2785634,2785635,two-quartet,87,+,chr19:2785618-2785635:+,False,"            5'- GGTGGAAGGAGGGAGGGAGCCGCAGGC -3'
       rG4seq-K ----------------*----------",THOP1|ENSG00000172009.14_3,ENST00000307741.10_2;ENST00000585338.1_1;ENST00000585673.5_1;ENST00000586780.1_1,5UTR
chr19,3122211,3122212,bulges,51,+,chr19:3122189-3122212:+,False,"            5'- GGAAACAGCGAGGGTGGGTGGGGACTTTTACAG -3'
       rG4seq-K ----------------------*----------",GNA11|ENSG00000088256.8_2,ENST00000078429.8_1,3UTR
chr19,3464889,3464890,bulges,14,+,chr19:3464864-3464889:+,False,"            5'- GGAGGGCGGGCGGGGGAGGGGGTGGTCGGGTTGTG -3'
       rG4seq-K -------------------------*---------",NFIC|ENSG00000141905.18_5,ENST00000589123.5_3;ENST00000641145.1_1,3UTR
chr19,3464893,3464895,canonical/G3L1-7,17,+,chr19:3464863-3464894:+,False,"            5'- GGGAGGGCGGGCGGGGGAGGGGGTGGTCGGGTTGTGCCATT -3'
       rG4seq-K ------------------------------**---------",NFIC|ENSG00000141905.18_5,ENST00000589123.5_3;ENST00000641145.1_1,3UTR
chr19,3464949,3464952,bulges,12,+,chr19:3464929-3464951:+,False,"            5'- GGGTGGGGGTCGTGGAGTGGGGGAGGGAGGCC -3'
       rG4seq-K --------------------***---------",NFIC|ENSG00000141905.18_5,ENST00000589123.5_3;ENST00000641145.1_1,3UTR
chr19,3464955,3464960,longloop,25,+,chr19:3464929-3464956:+,False,"            5'- GGGTGGGGGTCGTGGAGTGGGGGAGGGAGGCCAGCCG -3'
       rG4seq-K --------------------------**-**------",NFIC|ENSG00000141905.18_5,ENST00000589123.5_3;ENST00000641145.1_1,3UTR
chr19,3464977,3464979,longloop,44,+,chr19:3464947-3464978:+,False,"            5'- GGGGGAGGGAGGCCAGCCGGGCTCCAGAGGGGTCAGGGCGC -3'
       rG4seq-K ------------------------------**---------",NFIC|ENSG00000141905.18_5,ENST00000589123.5_3;ENST00000641145.1_1,3UTR
chr19,3468600,3468601,bulges,20,+,chr19:3468571-3468599:+,False,"            5'- GGGGGGTGGGGGGGCAGCTGGGAGGAGGGAGGGACAAA -3'
       rG4seq-K -----------------------------*--------",NFIC|ENSG00000141905.18_5,ENST00000589123.5_3;ENST00000641145.1_1,3UTR
chr19,3468603,3468605,canonical/G3L1-7,74,+,chr19:3468580-3468604:+,False,"            5'- GGGGGCAGCTGGGAGGAGGGAGGGACAAAACAAA -3'
       rG4seq-K -----------------------**---------",NFIC|ENSG00000141905.18_5,ENST00000589123.5_3;ENST00000641145.1_1,3UTR
chr19,3534954,3534955,bulges,20,+,chr19:3534931-3534955:+,False,"            5'- GAGGAAGGCGGCTGGGCGGGCGGGGAGCTGGGCC -3'
       rG4seq-K -----------------------*----------",FZR1|ENSG00000105325.13_3,ENST00000441788.6_1;ENST00000588084.1_1,3UTR
chr19,3572975,3572977,potential G-quadruplex & G>=40%,265,+,chr19:3572917-3572977:+,False,"            5'- GGCCGACGGGGGCGGGCTGCGGGCGGTTGGTTGGAGCGTCGCGCAGTCGGGAGGTCCGGGAAAGTTTCTT -3'
       rG4seq-K ----------------------------------------------------------**----------",HMG20B|ENSG00000064961.18_3,ENST00000333651.10_1;ENST00000416526.5_3;ENST00000417382.5_3;ENST00000435022.5_1;ENST00000453933.5_3;ENST00000470356.3_1;ENST00000488973.6_1,5UTR
chr19,3573079,3573082,bulges,43,+,chr19:3573049-3573081:+,False,"            5'- GGGCCGGGCCGGGGTCTTTCCTGGCCCGGGGGAAACCGGCCC -3'
       rG4seq-K ------------------------------***---------",HMG20B|ENSG00000064961.18_3,ENST00000262949.7_1;ENST00000333651.10_1;ENST00000416526.5_3;ENST00000417382.5_3;ENST00000435022.5_1;ENST00000453933.5_3;ENST00000470356.3_1;ENST00000488973.6_1,5UTR
chr19,4037799,4037800,bulges,14,+,chr19:4037767-4037799:+,False,"            5'- GGAGGATGAGGAGGAGGAGGAAGAGGAGGAGGAAGACGAGGA -3'
       rG4seq-K --------------------------------*---------",PIAS4|ENSG00000105229.6_2,ENST00000262971.2_1,CDS
chr19,4038500,4038502,canonical/G3L1-7,16,+,chr19:4038475-4038501:+,False,"            5'- GGGGTACAGTGGGCGGCTGGGGAGGGTTTAGCCACA -3'
       rG4seq-K -------------------------**---------",PIAS4|ENSG00000105229.6_2,ENST00000262971.2_1,3UTR
chr19,5691723,5691724,canonical/G3L1-7,85,+,chr19:5691701-5691724:+,False,"            5'- GGGTGGGTGTGGGTGTGTCGGGGGCCCGCAGTC -3'
       rG4seq-K ----------------------*----------",RPL36|ENSG00000130255.12_5,ENST00000347512.7_1,3UTR
chr19,6535383,6535385,bulges,17,+,chr19:6535358-6535384:+,False,"            5'- GAGGAGTTGTTTTGGGGGGGGGGGGGTCTTCGACAT -3'
       rG4seq-K -------------------------**---------",TNFSF9|ENSG00000125657.4_2,ENST00000245817.4_1,3UTR
chr19,6739765,6739767,bulges,44,+,chr19:6739734-6739768:+,False,"            5'- GGTGCGGTGGTGGCTGCGGCGGCGGCGGCGGGAGCAGCATGGAT -3'
       rG4seq-K -------------------------------**-----------",TRIP10|ENSG00000125733.17_3,ENST00000313244.13_2;ENST00000313285.12_2;ENST00000595305.5_1;ENST00000596543.5_1;ENST00000600428.5_1;ENST00000600677.5_1,5UTR
chr19,7600763,7600765,bulges,16,+,chr19:7600732-7600765:+,False,"            5'- GGGATGGGTTCCAGGACGTCCTGGCGCCCGGGGAAGGCTCGGC -3'
       rG4seq-K -------------------------------**----------",AC008878.2|ENSG00000268614.1_6;PNPLA6|ENSG00000032444.16_4,ENST00000221249.10_3;ENST00000414982.7_2;ENST00000450331.7_3;ENST00000545201.6_1;ENST00000593924.5_1;ENST00000596515.5_1;ENST00000600737.5_2;ENST00000600942.5_1;ENST00000601001.5_1;ENST00000601668.5_1;ENST00000601870.1_3,CDS;non_coding
chr19,7702067,7702069,two-quartet,35,+,chr19:7702037-7702069:+,False,"            5'- GGCGCCCTCGGGGCTGAAGGCGGTGGTGGGGGAAAAAATTCT -3'
       rG4seq-K ------------------------------**----------",AC008763.2|ENSG00000268400.5_6;STXBP2|ENSG00000076944.15_3,ENST00000221283.9_1;ENST00000414284.6_1;ENST00000441779.6_1;ENST00000593535.5_1;ENST00000595181.5_1;ENST00000595866.1_1;ENST00000595950.5_1;ENST00000597068.5_1;ENST00000597467.1_1;ENST00000598664.5_1;ENST00000599243.5_1;ENST00000599905.1_1,CDS;non_coding
chr19,7968825,7968827,bulges,26,+,chr19:7968789-7968824:+,False,"            5'- GGCGGCCGGGCGGTGCGCGGCGGCGGTGGCGGCGGGGAAGATGGC -3'
       rG4seq-K ------------------------------------**-------",MAP2K7|ENSG00000076984.17_2,ENST00000397979.3_1;ENST00000397981.7_1;ENST00000397983.7_1;ENST00000468058.1_1;ENST00000475022.1_1,5UTR
chr19,7978027,7978028,bulges,37,+,chr19:7978005-7978029:+,False,"            5'- GGGGTGTTTGGGGTGGGGGCGGAGGAGAGCTTGT -3'
       rG4seq-K ----------------------*-----------",MAP2K7|ENSG00000076984.17_2,ENST00000397979.3_1;ENST00000397981.7_1;ENST00000397983.7_1,3UTR
chr19,7978030,7978031,bulges,60,+,chr19:7978005-7978032:+,False,"            5'- GGGGTGTTTGGGGTGGGGGCGGAGGAGAGCTTGTTCT -3'
       rG4seq-K -------------------------*-----------",MAP2K7|ENSG00000076984.17_2,ENST00000397979.3_1;ENST00000397981.7_1;ENST00000397983.7_1,3UTR
chr19,7978420,7978421,canonical/G3L1-7,14,+,chr19:7978399-7978422:+,False,"            5'- GGGGGCCGGGCTGAGGGTGGGGGTGCGAGGTGG -3'
       rG4seq-K ---------------------*-----------",MAP2K7|ENSG00000076984.17_2,ENST00000397979.3_1;ENST00000397981.7_1;ENST00000397983.7_1,3UTR
chr19,8468709,8468711,bulges,26,+,chr19:8468681-8468711:+,False,"            5'- GGGGTGGGGAGGGCGGCAGGATGGACGGGGCTGGCCAGAG -3'
       rG4seq-K ----------------------------**----------",RAB11B|ENSG00000185236.11_2,ENST00000328024.10_1,3UTR
chr19,8550499,8550500,two-quartet,246,+,"chr19:8539114-8539128:+,chr19:8550486-8550499:+",True,"            5'- GGGCAGGATAAATGGTGGAGGTGGAGGAAGCGTCCCT -3'
       rG4seq-K ---------------------------*---------",HNRNPM|ENSG00000099783.11_5,ENST00000325495.8_1;ENST00000348943.7_2;ENST00000594907.5_2;ENST00000597081.1_1;ENST00000597270.1_1;ENST00000598367.5_2;ENST00000598603.1_1;ENST00000600092.5_1;ENST00000600806.5_1;ENST00000620401.4_2,3UTR;CDS
chr19,9960157,9960160,bulges,169,+,chr19:9960139-9960159:+,False,"            5'- GGGCAGTGTGGTGGGAGGGGTGTTCCAAAG -3'
       rG4seq-K ------------------***---------",PIN1|ENSG00000127445.13_3,ENST00000247970.8_1;ENST00000380889.6_1;ENST00000586025.5_1;ENST00000588695.5_1;ENST00000590540.5_1;ENST00000591777.1_3,3UTR
chr19,10202965,10202967,bulges,18,+,chr19:10202923-10202965:+,False,"            5'- GGAGGAGGAGGAAGAGGAGGAGGTGGAGGACGAGGAGGGCGGGCCCAGGGAG -3'
       rG4seq-K ------------------------------------------**--------",C19orf66|ENSG00000130813.17_5,ENST00000253110.15_5;ENST00000397881.7_4;ENST00000585919.5_1;ENST00000586730.1_1;ENST00000591813.5_4;ENST00000593131.1_1,3UTR;CDS
chr19,10202973,10202974,bulges,43,+,chr19:10202936-10202975:+,False,"            5'- GAGGAGGAGGTGGAGGACGAGGAGGGCGGGCCCAGGGAGTGACCCCTGC -3'
       rG4seq-K -------------------------------------*-----------",C19orf66|ENSG00000130813.17_5,ENST00000253110.15_5;ENST00000397881.7_4;ENST00000585919.5_1;ENST00000586730.1_1;ENST00000591813.5_4;ENST00000593131.1_1,3UTR;CDS
chr19,10221055,10221056,bulges,120,+,chr19:10221031-10221055:+,False,"            5'- GGTCCAGGAGGGCGTCGGGGAGGGCAAAGTGATG -3'
       rG4seq-K ------------------------*---------",PPAN-P2RY11|ENSG00000243207.6_3;PPAN|ENSG00000130810.19_4,ENST00000253107.11_3;ENST00000393793.5_3;ENST00000393796.4_3;ENST00000428358.5_3;ENST00000444703.1_2;ENST00000468881.1_1,CDS
chr19,10225903,10225905,longloop,16,+,chr19:10225879-10225904:+,False,"            5'- GGGGGTGGGTGGGCAGAGGACGGGGTAATGTGAGG -3'
       rG4seq-K ------------------------**---------",P2RY11|ENSG00000244165.1_3,ENST00000321826.4_1,3UTR
chr19,10394254,10394256,canonical/G3L1-7,60,+,"chr19:10394168-10394170:+,chr19:10394233-10394255:+",True,"            5'- GGGTGGAGGGTGGGGCACCCCGGGCCAACCTCAC -3'
       rG4seq-K -----------------------**---------",ICAM1|ENSG00000090339.8_2,ENST00000264832.7_1;ENST00000423829.2_1;ENST00000585443.1_1;ENST00000588645.1_1;ENST00000592686.1_1,CDS
chr19,10794398,10794399,bulges,136,+,chr19:10794380-10794398:+,False,"            5'- GGGCGGGGAAGAGGCGGGAGCATCCGGG -3'
       rG4seq-K ------------------*---------",ILF3|ENSG00000129351.17_3,ENST00000250241.12_2;ENST00000407004.7_3;ENST00000449870.5_2;ENST00000587928.5_1;ENST00000588657.5_2;ENST00000589998.5_3;ENST00000590261.5_3;ENST00000592763.5_1;ENST00000593061.5_1,CDS
chr19,10798088,10798091,bulges,87,+,chr19:10798060-10798088:+,False,"            5'- GTGGCGGTGGCGGCGGGGGCGGTGGTGGCTCCTCCGGC -3'
       rG4seq-K ----------------------------*-*-------",ILF3|ENSG00000129351.17_3,ENST00000449870.5_2;ENST00000587928.5_1;ENST00000588657.5_2;ENST00000590261.5_3;ENST00000590869.1_1;ENST00000591649.5_1,CDS
chr19,10802577,10802579,longloop,25,+,chr19:10802551-10802578:+,False,"            5'- GGGATGAAGTTGGAGGGAGGGGCAGGGCCTTGCAGGG -3'
       rG4seq-K --------------------------**---------",ILF3|ENSG00000129351.17_3,ENST00000449870.5_2;ENST00000586544.1_1,3UTR
chr19,10802587,10802589,canonical/G3L1-7,44,+,chr19:10802565-10802588:+,False,"            5'- GGGAGGGGCAGGGCCTTGCAGGGGATTGGTACT -3'
       rG4seq-K ----------------------**---------",ILF3|ENSG00000129351.17_3,ENST00000449870.5_2;ENST00000586544.1_1,3UTR
chr19,10823987,10823989,longloop,41,+,chr19:10823965-10823989:+,False,"            5'- GGGAGGAAGGAAGGGAGGGAGGGGCTGGAAGATA -3'
       rG4seq-K ----------------------**----------",QTRT1|ENSG00000213339.8_3,ENST00000250237.9_1;ENST00000421333.6_1;ENST00000587500.5_1;ENST00000587861.5_1;ENST00000589488.5_1;ENST00000592376.1_1;ENST00000592531.1_1,3UTR
chr19,10941984,10941988,bulges,67,+,chr19:10941955-10941986:+,False,"            5'- GGGGGATGGAGTCTCAGGGTGGCAGAGGGGGGACCAGAACC -3'
       rG4seq-K -----------------------------****--------",DNM2|ENSG00000079805.16_5,ENST00000355667.10_4;ENST00000359692.10_3;ENST00000389253.8_4;ENST00000408974.8_4;ENST00000590806.5_1;ENST00000591818.1_1;ENST00000593203.1_1,3UTR
chr19,10942412,10942416,longloop,41,+,chr19:10942381-10942414:+,False,"            5'- GGGCTTGGGCTATGTGGGTGGTGGTGGCGGGGGGTCTTGGGGG -3'
       rG4seq-K -------------------------------*-**--------",DNM2|ENSG00000079805.16_5,ENST00000355667.10_4;ENST00000359692.10_3;ENST00000389253.8_4;ENST00000590806.5_1;ENST00000591818.1_1;ENST00000593203.1_1,3UTR
chr19,10942422,10942425,longloop,111,+,chr19:10942381-10942424:+,False,"            5'- GGGCTTGGGCTATGTGGGTGGTGGTGGCGGGGGGTCTTGGGGGCCTCTCAGCT -3'
       rG4seq-K -----------------------------------------***---------",DNM2|ENSG00000079805.16_5,ENST00000355667.10_4;ENST00000359692.10_3;ENST00000389253.8_4;ENST00000590806.5_1;ENST00000591818.1_1;ENST00000593203.1_1,3UTR
chr19,11170540,11170541,bulges,183,+,chr19:11170506-11170543:+,False,"            5'- GGCGAGGAGAGTGAGGAGGAGGAAGAGGGCGAGGAGGAAGGCTCCGA -3'
       rG4seq-K ----------------------------------*------------",SMARCA4|ENSG00000127616.18_5,ENST00000344626.9_4;ENST00000413806.7_1;ENST00000429416.8_4;ENST00000444061.8_2;ENST00000450717.7_1;ENST00000538456.4_4;ENST00000541122.6_4;ENST00000585799.5_1;ENST00000586985.2_2;ENST00000589677.5_3;ENST00000590574.6_3;ENST00000591595.5_1;ENST00000592604.6_2;ENST00000642350.1_2;ENST00000642508.1_1;ENST00000642628.1_1;ENST00000642726.1_1;ENST00000643208.1_2;ENST00000643296.1_1;ENST00000643534.1_1;ENST00000643549.1_1;ENST00000643857.1_1;ENST00000643929.1_2;ENST00000643995.1_2;ENST00000644065.1_1;ENST00000644327.1_2;ENST00000644737.1_1;ENST00000644963.1_1;ENST00000645061.1_1;ENST00000645236.1_2;ENST00000645387.1_1;ENST00000645460.1_1;ENST00000645648.1_1;ENST00000646183.1_1;ENST00000646484.1_1;ENST00000646510.1_1;ENST00000646593.1_1;ENST00000646693.1_1;ENST00000646746.1_2;ENST00000646889.1_1;ENST00000647230.1_1;ENST00000647268.1_2,3UTR;CDS
chr19,11558365,11558366,bulges,64,+,chr19:11558340-11558367:+,False,"            5'- GAGGAGGAGGAGGAGGAGGAGGAGGAGGAGGAAGAAG -3'
       rG4seq-K -------------------------*-----------",PRKCSH|ENSG00000130175.9_4,ENST00000585325.5_1;ENST00000585540.1_1;ENST00000587327.5_1;ENST00000589838.5_1;ENST00000591462.5_1;ENST00000592445.1_1;ENST00000592741.5_1,CDS
chr19,11558368,11558369,bulges,124,+,chr19:11558340-11558371:+,False,"            5'- GAGGAGGAGGAGGAGGAGGAGGAGGAGGAGGAAGAAGAGGC -3'
       rG4seq-K ----------------------------*------------",PRKCSH|ENSG00000130175.9_4,ENST00000585325.5_1;ENST00000585540.1_1;ENST00000587327.5_1;ENST00000589838.5_1;ENST00000591462.5_1;ENST00000592445.1_1;ENST00000592741.5_1,CDS
chr19,11558371,11558372,bulges,244,+,chr19:11558340-11558371:+,False,"            5'- GAGGAGGAGGAGGAGGAGGAGGAGGAGGAGGAAGAAGAGGC -3'
       rG4seq-K -------------------------------*---------",PRKCSH|ENSG00000130175.9_4,ENST00000585325.5_1;ENST00000585540.1_1;ENST00000587327.5_1;ENST00000589838.5_1;ENST00000591462.5_1;ENST00000592445.1_1;ENST00000592741.5_1,CDS
chr19,11558401,11558402,bulges,490,+,chr19:11558363-11558404:+,False,"            5'- GGAGGAGGAAGAAGAGGCTGAAGAAGAGGAGGAGGAGGAGGATTCCGAGGA -3'
       rG4seq-K --------------------------------------*------------",PRKCSH|ENSG00000130175.9_4,ENST00000585325.5_1;ENST00000585540.1_1;ENST00000586486.1_3;ENST00000587327.5_1;ENST00000589838.5_1;ENST00000591462.5_1;ENST00000592445.1_1;ENST00000592741.5_1,CDS
chr19,12848343,12848345,bulges,249,+,chr19:12848321-12848347:+,False,"            5'- GGCGGCAGGGGTGGCCGGGTGGGGGGTTGAGGCAGA -3'
       rG4seq-K ----------------------**------------",ASNA1|ENSG00000198356.11_3,ENST00000357332.7_1;ENST00000586561.5_2;ENST00000590633.1_1;ENST00000591090.5_1,CDS
chr19,12848464,12848466,bulges,190,+,chr19:12848445-12848465:+,False,"            5'- GGGGGCAAGGGTGGTGTGGGCAAGACCACC -3'
       rG4seq-K -------------------**---------",ASNA1|ENSG00000198356.11_3,ENST00000357332.7_1;ENST00000586561.5_2;ENST00000590633.1_1;ENST00000591090.5_1;ENST00000611688.1_1,CDS
chr19,12859076,12859077,longloop,134,+,chr19:12859040-12859076:+,False,"            5'- GGGAGGGGTCCATTCCCCCTGGTGGGGCTGGTGGGGAGCTGTAGTT -3'
       rG4seq-K ------------------------------------*---------",ASNA1|ENSG00000198356.11_3,ENST00000357332.7_1;ENST00000591090.5_1;ENST00000611688.1_1,3UTR
chr19,12902961,12902963,bulges,179,+,chr19:12902927-12902964:+,False,"            5'- GGTGGCAGCGGTGGAGGTGCAGGGGGCGCAGGGGGCGGCGTCACCGA -3'
       rG4seq-K ----------------------------------**-----------",JUNB|ENSG00000171223.5_2,ENST00000302754.5_1,CDS
chr19,12902965,12902966,bulges,242,+,chr19:12902927-12902967:+,False,"            5'- GGTGGCAGCGGTGGAGGTGCAGGGGGCGCAGGGGGCGGCGTCACCGAGGA -3'
       rG4seq-K --------------------------------------*-----------",JUNB|ENSG00000171223.5_2,ENST00000302754.5_1,CDS
chr19,13010466,13010468,two-quartet,92,+,chr19:13010445-13010467:+,False,"            5'- GGGAGGTGGCGGATGGAGTGGGAAGTGAGAGA -3'
       rG4seq-K ---------------------**---------",GCDH|ENSG00000105607.12_3,ENST00000222214.9_1;ENST00000588242.2_1;ENST00000590530.5_1;ENST00000591043.1_1;ENST00000591050.1_1;ENST00000591470.5_1,3UTR
chr19,13054632,13054633,bulges,1084,+,chr19:13054604-13054632:+,False,"            5'- GAGGAGGAGGAGGCAGAGGACAAGGAGGATGATGAGGA -3'
       rG4seq-K ----------------------------*---------",CALR|ENSG00000179218.13_2,ENST00000316448.9_1;ENST00000586760.1_1;ENST00000586803.1_1,CDS
chr19,13054641,13054642,bulges,1120,+,chr19:13054606-13054641:+,False,"            5'- GGAGGAGGAGGCAGAGGACAAGGAGGATGATGAGGACAAAGATGA -3'
       rG4seq-K -----------------------------------*---------",CALR|ENSG00000179218.13_2,ENST00000316448.9_1;ENST00000586760.1_1;ENST00000586803.1_1,CDS
chr19,13054671,13054672,bulges,1010,+,chr19:13054637-13054671:+,False,"            5'- GAGGACAAAGATGAGGATGAGGAGGATGAGGAGGACAAGGAGGA -3'
       rG4seq-K ----------------------------------*---------",CALR|ENSG00000179218.13_2,ENST00000316448.9_1;ENST00000586760.1_1;ENST00000586803.1_1,CDS
chr19,13054680,13054681,bulges,1352,+,chr19:13054649-13054680:+,False,"            5'- GAGGATGAGGAGGATGAGGAGGACAAGGAGGAAGATGAGGA -3'
       rG4seq-K -------------------------------*---------",CALR|ENSG00000179218.13_2,ENST00000316448.9_1;ENST00000586760.1_1;ENST00000586803.1_1,CDS
chr19,13054692,13054693,bulges,1672,+,chr19:13054655-13054692:+,False,"            5'- GAGGAGGATGAGGAGGACAAGGAGGAAGATGAGGAGGAAGATGTCCC -3'
       rG4seq-K -------------------------------------*---------",CALR|ENSG00000179218.13_2,ENST00000316448.9_1;ENST00000586760.1_1;ENST00000586803.1_1;ENST00000586967.1_1,CDS
chr19,13246895,13246896,bulges,64,+,chr19:13246861-13246895:+,False,"            5'- GAGGAGGACGAGGAGGAGGATGGTGGCGAGGAGGGCATGGATGA -3'
       rG4seq-K ----------------------------------*---------",NACC1|ENSG00000160877.5_3,ENST00000292431.4_1,CDS
chr19,13250285,13250288,longloop,15,+,chr19:13250250-13250286:+,False,"            5'- GGGGTGGGGGGCCTTGGAAGGCAGGGCGGTGTTGGGGGGCTGGGGG -3'
       rG4seq-K -----------------------------------***--------",NACC1|ENSG00000160877.5_3,ENST00000292431.4_1,3UTR
chr19,13250293,13250298,longloop,49,+,chr19:13250258-13250296:+,False,"            5'- GGGCCTTGGAAGGCAGGGCGGTGTTGGGGGGCTGGGGGGCAGGCTGAA -3'
       rG4seq-K -----------------------------------*****--------",NACC1|ENSG00000160877.5_3,ENST00000292431.4_1,3UTR
chr19,13250518,13250519,canonical/G3L1-7,90,+,chr19:13250488-13250518:+,False,"            5'- GGGGGCTGGGCAGGGCAGGGCAGGGCCGGGTCCACTTCCA -3'
       rG4seq-K ------------------------------*---------",NACC1|ENSG00000160877.5_3,ENST00000292431.4_1,3UTR
chr19,13250820,13250823,longloop,70,+,chr19:13250789-13250822:+,False,"            5'- GGGGCAGGGGGATTTTAGGAGATGGGGTGGGGGCCAGCCCCTA -3'
       rG4seq-K -------------------------------***---------",NACC1|ENSG00000160877.5_3,ENST00000292431.4_1,3UTR
chr19,13251470,13251472,canonical/G3L1-7,17,+,chr19:13251449-13251472:+,False,"            5'- GGGGAGAAGGGTCGGGCAGGGGGTGCAGGGGAG -3'
       rG4seq-K ---------------------**----------",NACC1|ENSG00000160877.5_3,ENST00000292431.4_1,3UTR
chr19,13251478,13251481,canonical/G3L1-7,36,+,chr19:13251449-13251480:+,False,"            5'- GGGGAGAAGGGTCGGGCAGGGGGTGCAGGGGAGGAAACTCC -3'
       rG4seq-K -----------------------------***---------",NACC1|ENSG00000160877.5_3,ENST00000292431.4_1,3UTR
chr19,13265248,13265249,potential G-quadruplex & G>=40%,88,+,chr19:13265189-13265249:+,False,"            5'- TGCGTCATGGGGCAGGCGTGGGGAGCTTCCTGTCGCCTTGCGTGGGTGTGGGGCCTGGGAGGAGGTCCTG -3'
       rG4seq-K -----------------------------------------------------------*----------",IER2|ENSG00000160888.6_2,ENST00000292433.3_1;ENST00000588173.1_1,3UTR
chr19,13265286,13265288,potential G-quadruplex & G>=40%,141,+,chr19:13265228-13265288:+,False,"            5'- GCGTGGGTGTGGGGCCTGGGAGGAGGTCCTGGGGCGTGCACCCGCCCTGGGCAGTGGGGAGGAGAGTGGC -3'
       rG4seq-K ----------------------------------------------------------**----------",IER2|ENSG00000160888.6_2,ENST00000292433.3_1;ENST00000588173.1_1,3UTR
chr19,13265290,13265291,potential G-quadruplex & G>=40%,199,+,chr19:13265231-13265291:+,False,"            5'- TGGGTGTGGGGCCTGGGAGGAGGTCCTGGGGCGTGCACCCGCCCTGGGCAGTGGGGAGGAGAGTGGCCTG -3'
       rG4seq-K -----------------------------------------------------------*----------",IER2|ENSG00000160888.6_2,ENST00000292433.3_1;ENST00000588173.1_1,3UTR
chr19,13265588,13265590,bulges,180,+,chr19:13265559-13265590:+,False,"            5'- GCTGGTGAAACTGGGCCAATCTGGGGAGGGGAACATCCTTG -3'
       rG4seq-K -----------------------------**----------",IER2|ENSG00000160888.6_2,ENST00000292433.3_1;ENST00000588173.1_1,3UTR
chr19,13942475,13942478,canonical/G3L1-7,28,+,chr19:13942457-13942477:+,False,"            5'- GGGTGGGCTCAGGGTTGGGGAAGTCCTCGC -3'
       rG4seq-K ------------------***---------",ZSWIM4|ENSG00000132003.9_4,ENST00000254323.6_2,3UTR
chr19,14040890,14040891,bulges,24,+,chr19:14040450-14040473:+,False,"            5'- GGGGGGTGTGGGCATCCGACGGGAATACGCAGC -3'
       rG4seq-K -----------------------*---------",CC2D1A|ENSG00000132024.17_4,ENST00000318003.11_1;ENST00000586955.5_3;ENST00000587508.1_1;ENST00000589606.5_2,3UTR;CDS
chr19,14063424,14063425,canonical/G3L1-7,22,+,chr19:14063396-14063424:+,False,"            5'- GGGAAGCGGGCAGCAGGGCGGCGGCGGGAGCACGTCCT -3'
       rG4seq-K ----------------------------*---------",DCAF15|ENSG00000132017.10_3,ENST00000254337.10_1;ENST00000591802.1_1,CDS
chr19,14673340,14673341,two-quartet,462,+,"chr19:14628177-14628196:+,chr19:14673336-14673340:+",True,"            5'- GGTCCAGGGTCGGCTTTCGGTGGAGATTCTGGA -3'
       rG4seq-K -----------------------*---------",TECR|ENSG00000099797.14_4,ENST00000215567.9_1;ENST00000593637.5_1;ENST00000594545.5_2;ENST00000594807.5_1;ENST00000596073.6_2;ENST00000596164.5_1;ENST00000596953.5_2;ENST00000597607.5_2;ENST00000598298.5_2;ENST00000598333.5_2;ENST00000598715.5_4;ENST00000598918.5_2;ENST00000598987.5_2;ENST00000600076.5_1;ENST00000600083.5_2;ENST00000601461.1_2;ENST00000601652.5_1;ENST00000642961.1_1,CDS
chr19,14675980,14675982,canonical/G3L1-7,14,+,chr19:14675956-14675982:+,False,"            5'- GGGGACAGCTGGGCTGGGTGAGGGGGTCTGACTTTC -3'
       rG4seq-K ------------------------**----------",TECR|ENSG00000099797.14_4,ENST00000215567.9_1;ENST00000593637.5_1;ENST00000593775.5_1;ENST00000594958.1_1;ENST00000596073.6_2;ENST00000596953.5_2;ENST00000597607.5_2;ENST00000598333.5_2;ENST00000598408.1_1;ENST00000598987.5_2;ENST00000599101.5_1;ENST00000600083.5_2;ENST00000600395.5_1;ENST00000601187.1_1;ENST00000601350.5_1;ENST00000642961.1_1,non_coding
chr19,16198897,16198898,bulges,829,+,chr19:16198859-16198899:+,False,"            5'- GGAGGGTGAGCTGGAGAGGGCAGAGGAGCGTGCGGAGGTGTCTGAACTAA -3'
       rG4seq-K --------------------------------------*-----------",TPM4|ENSG00000167460.15_5,ENST00000300933.8_3;ENST00000344824.10_3;ENST00000586499.5_3;ENST00000586833.6_4;ENST00000587201.5_1;ENST00000588032.5_3;ENST00000588410.1_4;ENST00000588507.5_1;ENST00000590180.2_2;ENST00000592138.5_3;ENST00000642221.1_1;ENST00000642789.1_1;ENST00000643494.1_1;ENST00000643579.1_1;ENST00000645471.1_1;ENST00000646575.1_1;ENST00000646974.1_1;ENST00000647037.1_1;ENST00000647464.1_1,CDS
chr19,16212671,16212672,bulges,824,+,chr19:16212646-16212671:+,False,"            5'- GGGGGCCGGGGGTGGCTATTGTGGGAAGTCATAAC -3'
       rG4seq-K -------------------------*---------",TPM4|ENSG00000167460.15_5,ENST00000300933.8_3;ENST00000586833.6_4;ENST00000588032.5_3;ENST00000590180.2_2;ENST00000591226.1_1;ENST00000591645.2_2;ENST00000642221.1_1;ENST00000642789.1_1;ENST00000643494.1_1;ENST00000643579.1_1;ENST00000645471.1_1;ENST00000646575.1_1;ENST00000646974.1_1;ENST00000647037.1_1;ENST00000647464.1_1,3UTR
chr19,16302681,16302682,longloop,186,+,chr19:16302647-16302681:+,False,"            5'- GGGAGGGTCCAGGTGTCCGTGTTGGAGGGCTGGGATCTTGTAGG -3'
       rG4seq-K ----------------------------------*---------",FAM32A|ENSG00000105058.11_2,ENST00000263384.11_1,3UTR
chr19,17389954,17389956,canonical/G3L1-7,124,+,chr19:17389925-17389955:+,False,"            5'- GGGTTCCTTGGGACCTCCGGGGTGGGGGGGTTCCAGGAGG -3'
       rG4seq-K -----------------------------**---------",AC010463.1|ENSG00000269307.1_6;BABAM1|ENSG00000105393.15_5,ENST00000359435.8_3;ENST00000594247.5_1;ENST00000595632.5_3;ENST00000596542.1_1;ENST00000598188.5_3;ENST00000598567.1_4;ENST00000601043.5_3;ENST00000601232.1_1,3UTR;non_coding
chr19,17430865,17430866,canonical/G3L1-7,78,+,chr19:17430842-17430865:+,False,"            5'- GGGCGACAGGGGCGGGCCCGGGGTGGCCTGACC -3'
       rG4seq-K -----------------------*---------",DDA1|ENSG00000130311.10_2,ENST00000359866.8_1;ENST00000593466.5_1;ENST00000596582.1_1,3UTR
chr19,17690400,17690401,bulges,202,+,chr19:17690381-17690400:+,False,"            5'- GGGATGTGGAGCGGGAGGGCCTGGACTGG -3'
       rG4seq-K -------------------*---------",COLGALT1|ENSG00000130309.10_6,ENST00000252599.8_4;ENST00000597075.1_1;ENST00000597147.1_4,CDS
chr19,18977618,18977619,bulges,42,+,chr19:18977593-18977621:+,False,"            5'- GGGCTGCGGCCAGGGCGGAGGGAGGAAGACCCTCATCT -3'
       rG4seq-K -------------------------*------------",UPF1|ENSG00000005007.12_3,ENST00000262803.9_2;ENST00000596842.5_1;ENST00000599848.5_2;ENST00000600689.1_1,3UTR
chr19,19168603,19168604,longloop,72,+,chr19:19168574-19168603:+,False,"            5'- GGGTCGGGGGAGGGGGGAGCCTTGTAGGGAGGCCTCTAC -3'
       rG4seq-K -----------------------------*---------",ARMC6|ENSG00000105676.13_5,ENST00000269932.10_3;ENST00000392335.6_3;ENST00000392336.7_3;ENST00000535478.5_1;ENST00000535612.5_3;ENST00000535795.1_1;ENST00000540634.2_1;ENST00000546344.5_2,3UTR
chr19,19303728,19303730,two-quartet,21,+,chr19:19303710-19303731:+,False,"            5'- GGGGGAGCTCTGGGGTGGGGGTAGCGGTCGA -3'
       rG4seq-K ------------------**-----------",RFXANK|ENSG00000064490.13_4,ENST00000303088.8_1;ENST00000392324.8_1;ENST00000407360.7_1;ENST00000421262.7_4;ENST00000456252.7_1;ENST00000540981.5_2;ENST00000541873.6_1;ENST00000543157.7_1;ENST00000593273.5_3,5UTR
chr19,30433259,30433261,bulges,63,+,chr19:30433231-30433259:+,False,"            5'- GGAGCCCGCTGCGGGGCGGCGGCGGCGGGGACATGCAC -3'
       rG4seq-K ----------------------------**--------",URI1|ENSG00000105176.17_3,ENST00000360605.8_1;ENST00000392271.5_1;ENST00000570564.5_3;ENST00000574110.5_1;ENST00000574233.5_3;ENST00000574666.5_1,5UTR
chr19,34710350,34710354,canonical/G3L1-7,251,+,chr19:34710324-34710353:+,False,"            5'- GGGCGTGGGGGTCATCGGGGTGGCAGGGGAAGATTTGGT -3'
       rG4seq-K --------------------------****---------",LSM14A|ENSG00000257103.8_4,ENST00000433627.9_1;ENST00000540746.6_1;ENST00000544216.7_1;ENST00000586157.2_4;ENST00000588582.3_1,CDS
chr19,34712561,34712562,bulges,105,+,chr19:34712527-34712561:+,False,"            5'- GTGGTGGCAGAGGGCGTGGTGGTGGCAGAGGTGGTACCTTCACT -3'
       rG4seq-K ----------------------------------*---------",LSM14A|ENSG00000257103.8_4,ENST00000433627.9_1;ENST00000540746.6_1;ENST00000544216.7_1;ENST00000585887.3_1;ENST00000588582.3_1;ENST00000590416.1_1,CDS
chr19,34712620,34712621,bulges,168,+,chr19:34712587-34712622:+,False,"            5'- GCGGTGGATTCAGAGGAGGTCGTGGGGGCCGGGAGTTTGCGGATT -3'
       rG4seq-K ---------------------------------*-----------",LSM14A|ENSG00000257103.8_4,ENST00000433627.9_1;ENST00000540746.6_1;ENST00000544216.7_1;ENST00000585887.3_1;ENST00000588582.3_1;ENST00000590416.1_1,CDS
chr19,34884163,34884164,bulges,773,+,"chr19:34872419-34872424:+,chr19:34884152-34884166:+",True,"            5'- GGGATTGGGTGGGAGGACGCTACTCGCTG -3'
       rG4seq-K ----------------*------------",GPI|ENSG00000105220.15_4,ENST00000356487.10_3;ENST00000415930.8_3;ENST00000586425.2_2;ENST00000588991.7_4;ENST00000589985.5_1;ENST00000643067.1_1;ENST00000644934.1_1;ENST00000647446.1_1,CDS
chr19,34919407,34919411,bulges,105,+,chr19:34919385-34919409:+,False,"            5'- GGGGGCCGGGTGCTGGTGGTGGGGGCGGGCGGCA -3'
       rG4seq-K ----------------------****--------",UBA2|ENSG00000126261.12_4,ENST00000246548.8_1;ENST00000586313.1_1;ENST00000590048.6_3;ENST00000592841.5_1;ENST00000607361.5_1,CDS
chr19,34919413,34919415,longloop,232,+,chr19:34919385-34919414:+,False,"            5'- GGGGGCCGGGTGCTGGTGGTGGGGGCGGGCGGCATCGGC -3'
       rG4seq-K ----------------------------**---------",UBA2|ENSG00000126261.12_4,ENST00000246548.8_1;ENST00000586313.1_1;ENST00000590048.6_3;ENST00000592841.5_1;ENST00000607361.5_1,CDS
chr19,34919417,34919418,bulges,377,+,chr19:34919393-34919417:+,False,"            5'- GGTGCTGGTGGTGGGGGCGGGCGGCATCGGCTGC -3'
       rG4seq-K ------------------------*---------",UBA2|ENSG00000126261.12_4,ENST00000246548.8_1;ENST00000586313.1_1;ENST00000590048.6_3;ENST00000592841.5_1;ENST00000607361.5_1,CDS
chr19,35769618,35769619,two-quartet,257,+,chr19:35769601-35769618:+,False,"            5'- GGAGCGGAGGCGGAGGGACAAGATCAA -3'
       rG4seq-K -----------------*---------",USF2|ENSG00000105698.15_3,ENST00000222305.7_2;ENST00000343550.9_2;ENST00000379134.7_2;ENST00000594064.5_1;ENST00000594264.1_1;ENST00000595068.5_1;ENST00000596380.5_2;ENST00000597671.5_2;ENST00000599471.5_2;ENST00000599625.1_2;ENST00000600341.5_1;ENST00000600898.1_1;ENST00000607959.5_1,3UTR;CDS
chr19,35770547,35770549,longloop,107,+,chr19:35770513-35770548:+,False,"            5'- GGGAAGGAGGGGAGCCTTTGGGGGGCCACCCGGGGCCTGGACCTA -3'
       rG4seq-K ----------------------------------**---------",USF2|ENSG00000105698.15_3,ENST00000222305.7_2;ENST00000343550.9_2;ENST00000594264.1_1;ENST00000595068.5_1;ENST00000599471.5_2;ENST00000600341.5_1;ENST00000607959.5_1,3UTR
chr19,36237811,36237813,G>=40%,110,+,chr19:36237753-36237813:+,False,"            5'- TCTGCACATACTGGGGCCCTGCTTATTCTCCCAGGACAGGCTCCTTAAAGCAGAGGAGCCTGTCCTGGGA -3'
       rG4seq-K ----------------------------------------------------------**----------",AD000671.1|ENSG00000188223.9_6;PSENEN|ENSG00000205155.7_3,ENST00000222266.2_1;ENST00000587708.6_1;ENST00000591613.2_1;ENST00000591949.1_1,3UTR;non_coding
chr19,36243886,36243888,bulges,19,+,chr19:36243856-36243887:+,False,"            5'- GGAGATGGATGATGGGCTGGCTGAGGGAGGGCCGCAGCGAT -3'
       rG4seq-K ------------------------------**---------",AD000671.1|ENSG00000188223.9_6;LIN37|ENSG00000267796.7_3,ENST00000301159.13_1;ENST00000587108.5_1;ENST00000590706.6_1;ENST00000591163.1_1;ENST00000591613.2_1;ENST00000592871.1_1;ENST00000595455.1_1,3UTR;CDS
chr19,36631981,36631983,canonical/G3L1-7,47,+,chr19:36631958-36631984:+,False,"            5'- GGGGGAGGCGGGGGCCTGGGTGGGGGCCTGGGAAAT -3'
       rG4seq-K -----------------------**-----------",CAPNS1|ENSG00000126247.10_6,ENST00000246533.7_1;ENST00000587718.5_1;ENST00000588780.5_2;ENST00000588815.5_1;ENST00000589146.5_1;ENST00000590874.5_1;ENST00000591041.5_2;ENST00000592483.5_2;ENST00000628018.2_2;ENST00000628306.2_1;ENST00000629983.2_1,CDS
chr19,36632077,36632078,bulges,109,+,chr19:36632039-36632080:+,False,"            5'- GGCGGCGGCGGCGGCGGTGGTGGAGGCGGCGGTGGCGGTGGAACGGCCATG -3'
       rG4seq-K --------------------------------------*------------",CAPNS1|ENSG00000126247.10_6,ENST00000246533.7_1;ENST00000587718.5_1;ENST00000588780.5_2;ENST00000588815.5_1;ENST00000589146.5_1;ENST00000590049.5_2;ENST00000590874.5_1;ENST00000591041.5_2;ENST00000592483.5_2;ENST00000628018.2_2;ENST00000628306.2_1;ENST00000629983.2_1,CDS
chr19,36632080,36632081,bulges,165,+,chr19:36632039-36632080:+,False,"            5'- GGCGGCGGCGGCGGCGGTGGTGGAGGCGGCGGTGGCGGTGGAACGGCCATG -3'
       rG4seq-K -----------------------------------------*---------",CAPNS1|ENSG00000126247.10_6,ENST00000246533.7_1;ENST00000587718.5_1;ENST00000588780.5_2;ENST00000588815.5_1;ENST00000589146.5_1;ENST00000590049.5_2;ENST00000590874.5_1;ENST00000591041.5_2;ENST00000592483.5_2;ENST00000628018.2_2;ENST00000628306.2_1;ENST00000629983.2_1,CDS
chr19,36729317,36729319,potential G-quadruplex & G>=40%,96,+,chr19:36729259-36729319:+,False,"            5'- CTTGATAGTGGTCACCTGTGAAGAGTGGAGAAGGGAAAATAATGAGTGTGGGAGGTGGGATGGGTATTGG -3'
       rG4seq-K ----------------------------------------------------------**----------",ZNF146|ENSG00000167635.11_2,ENST00000443387.2_1;ENST00000456324.5_1,3UTR
chr19,36729322,36729324,two-quartet,413,+,chr19:36729308-36729323:+,False,"            5'- GGGAGGTGGGATGGGTATTGGTTAA -3'
       rG4seq-K --------------**---------",ZNF146|ENSG00000167635.11_2,ENST00000443387.2_1;ENST00000456324.5_1,3UTR
chr19,36729336,36729339,longloop,753,+,chr19:36729308-36729338:+,False,"            5'- GGGAGGTGGGATGGGTATTGGTTAAAGGGGACTTCAGCTT -3'
       rG4seq-K ----------------------------***---------",ZNF146|ENSG00000167635.11_2,ENST00000443387.2_1;ENST00000456324.5_1,3UTR
chr19,38899547,38899550,bulges,14,+,chr19:38899523-38899550:+,False,"            5'- GGGGGACTGGTGGTCGGGGGCGGGGGGTCCTCCATGA -3'
       rG4seq-K ------------------------***----------",FAM98C|ENSG00000130244.12_3,ENST00000252530.9_2;ENST00000343358.11_2;ENST00000586372.5_1;ENST00000588262.5_2;ENST00000588348.5_1;ENST00000589027.1_1,3UTR
chr19,39138336,39138338,bulges,40,+,chr19:39138302-39138339:+,False,"            5'- GGCGGTAGCGGCGGCGGCTCGGGCAGAGGGGCGGGAGCTGAGGCGGG -3'
       rG4seq-K ----------------------------------**-----------",ACTN4|ENSG00000130402.11_4,ENST00000252699.6_1;ENST00000588618.5_1,5UTR
chr19,39138348,39138350,longloop,76,+,chr19:39138322-39138349:+,False,"            5'- GGGCAGAGGGGCGGGAGCTGAGGCGGGAGCGGACAGG -3'
       rG4seq-K --------------------------**---------",ACTN4|ENSG00000130402.11_4,ENST00000252699.6_1;ENST00000588618.5_1,5UTR
chr19,39220199,39220201,canonical/G3L1-7,27,+,chr19:39220184-39220200:+,False,"            5'- GGGGTGGGTGGGTGGGCAGGGAGGGG -3'
       rG4seq-K ---------------**---------",ACTN4|ENSG00000130402.11_4,ENST00000252699.6_1;ENST00000440400.1_1;ENST00000497637.5_1;ENST00000589528.1_2,3UTR
chr19,39220204,39220206,bulges,51,+,chr19:39220184-39220204:+,False,"            5'- GGGGTGGGTGGGTGGGCAGGGAGGGGCTGG -3'
       rG4seq-K --------------------**--------",ACTN4|ENSG00000130402.11_4,ENST00000252699.6_1;ENST00000440400.1_1;ENST00000497637.5_1;ENST00000589528.1_2,3UTR
chr19,39220209,39220210,canonical/G3L1-7,72,+,chr19:39220184-39220210:+,False,"            5'- GGGGTGGGTGGGTGGGCAGGGAGGGGCTGGGGCAGG -3'
       rG4seq-K -------------------------*----------",ACTN4|ENSG00000130402.11_4,ENST00000252699.6_1;ENST00000440400.1_1;ENST00000497637.5_1;ENST00000589528.1_2,3UTR
chr19,39220214,39220217,canonical/G3L1-7,127,+,chr19:39220189-39220216:+,False,"            5'- GGGTGGGTGGGCAGGGAGGGGCTGGGGCAGGCTCTCT -3'
       rG4seq-K -------------------------***---------",ACTN4|ENSG00000130402.11_4,ENST00000252699.6_1;ENST00000440400.1_1;ENST00000497637.5_1;ENST00000589528.1_2,3UTR
chr19,39220220,39220223,bulges,197,+,chr19:39220185-39220220:+,False,"            5'- GGGTGGGTGGGTGGGCAGGGAGGGGCTGGGGCAGGCTCTCTCCTC -3'
       rG4seq-K -----------------------------------*-*-------",ACTN4|ENSG00000130402.11_4,ENST00000252699.6_1;ENST00000440400.1_1;ENST00000497637.5_1;ENST00000589528.1_2,3UTR
chr19,39398596,39398599,bulges,16,+,chr19:39398574-39398598:+,False,"            5'- GGGGGTGGGTGGTAGCGCTGGGGGTGATTTTAGG -3'
       rG4seq-K ----------------------***---------",NFKBIB|ENSG00000104825.16_2,ENST00000313582.5_1;ENST00000392079.7_1;ENST00000509705.3_1;ENST00000572515.5_1,3UTR
chr19,39874410,39874412,longloop,38,+,chr19:39874375-39874411:+,False,"            5'- GGGGAGTTGGGGGCAGCCAGGATAAAGGGGGCAGGGACTGGCCAGA -3'
       rG4seq-K -----------------------------------**---------",SAMD4B|ENSG00000179134.15_4,ENST00000314471.10_2;ENST00000596368.1_1;ENST00000598913.5_2;ENST00000610417.4_2;ENST00000611159.4_1,3UTR
chr19,39875326,39875327,longloop,12,+,chr19:39875295-39875327:+,False,"            5'- GGGTTGTGTTGGGGCCCAGGTGGAGGGAGGGGATTTGGGGGT -3'
       rG4seq-K -------------------------------*----------",SAMD4B|ENSG00000179134.15_4,ENST00000314471.10_2;ENST00000596368.1_1;ENST00000610417.4_2;ENST00000611159.4_1,3UTR
chr19,39875334,39875336,longloop,33,+,chr19:39875305-39875336:+,False,"            5'- GGGGCCCAGGTGGAGGGAGGGGATTTGGGGGTTCAGACTGC -3'
       rG4seq-K -----------------------------**----------",SAMD4B|ENSG00000179134.15_4,ENST00000314471.10_2;ENST00000596368.1_1;ENST00000610417.4_2;ENST00000611159.4_1,3UTR
chr19,39875349,39875350,longloop,70,+,chr19:39875319-39875350:+,False,"            5'- GGGAGGGGATTTGGGGGTTCAGACTGCGGGGAAGCCAGGGT -3'
       rG4seq-K ------------------------------*----------",SAMD4B|ENSG00000179134.15_4,ENST00000314471.10_2;ENST00000596368.1_1;ENST00000610417.4_2;ENST00000611159.4_1,3UTR
chr19,40854659,40854660,bulges,191,+,chr19:40854639-40854660:+,False,"            5'- GGGGCTGGGTCTCGGAGTGGGAGACGTGGAG -3'
       rG4seq-K --------------------*----------",PLD3|ENSG00000105223.19_3,ENST00000356508.9_1;ENST00000392032.6_1;ENST00000409419.5_1;ENST00000409587.5_1;ENST00000409735.8_1;ENST00000594085.5_1;ENST00000594908.5_1;ENST00000596682.5_1;ENST00000598962.5_1;ENST00000599685.5_1;ENST00000600479.5_1;ENST00000600948.5_1;ENST00000602131.5_1,5UTR
chr19,41286354,41286355,bulges,19,+,chr19:41286334-41286354:+,False,"            5'- GGGTGGTCAACGTGGGTGGGAAGACTGTGA -3'
       rG4seq-K --------------------*---------",MIA-RAB4B|ENSG00000268975.2_4;RAB4B-EGLN2|ENSG00000171570.11_4;RAB4B|ENSG00000167578.17_3,ENST00000357052.7_1;ENST00000378307.9_1;ENST00000594136.2_2;ENST00000594800.5_1;ENST00000596216.2_2;ENST00000597476.5_1;ENST00000600078.5_1;ENST00000600729.2_2;ENST00000601949.5_1;ENST00000602069.5_1;ENST00000602173.5_1,3UTR;CDS
chr19,41770952,41770955,longloop,31,+,chr19:41770921-41770954:+,False,"            5'- GGGTTTCGGAGGTGAGGGACGGGGGTGGCGGGGAGGATTCCGT -3'
       rG4seq-K -------------------------------***---------",HNRNPUL1|ENSG00000105323.16_3,ENST00000352456.7_1;ENST00000378215.8_1;ENST00000392006.7_2;ENST00000595018.5_1;ENST00000595196.5_1;ENST00000597725.5_1;ENST00000599719.5_1;ENST00000601309.5_1;ENST00000601336.5_1;ENST00000602130.5_2;ENST00000617305.4_1;ENST00000617774.1_1,5UTR
chr19,41813346,41813350,canonical/G3L1-7,97,+,chr19:41813318-41813348:+,False,"            5'- GGGTGAGAGGGAAGAAGGGGAGGTTGGGGGGCTCCTTCCC -3'
       rG4seq-K ----------------------------****--------",HNRNPUL1|ENSG00000105323.16_3,ENST00000352456.7_1,3UTR
chr19,45324385,45324386,bulges,15,+,chr19:45324356-45324384:+,False,"            5'- GGGAAGGAGAGGGAGGGTGGGTGGGTGGGAGGGGGCCT -3'
       rG4seq-K -----------------------------*--------",BCAM|ENSG00000187244.11_3,ENST00000270233.11_2;ENST00000611077.5_2,3UTR
chr19,45324389,45324391,canonical/G3L1-7,35,+,chr19:45324366-45324391:+,False,"            5'- GGGAGGGTGGGTGGGTGGGAGGGGGCCTTCCTCCA -3'
       rG4seq-K -----------------------**----------",BCAM|ENSG00000187244.11_3,ENST00000270233.11_2;ENST00000611077.5_2,3UTR
chr19,45496454,45496457,canonical/G3L1-7,16,+,chr19:45496437-45496456:+,False,"            5'- GGGGGTGGGTTGGGCGGGGGTGGGGCCGG -3'
       rG4seq-K -----------------***---------",CLPTM1|ENSG00000104853.15_5,ENST00000337392.9_2;ENST00000541297.6_2;ENST00000546079.5_2;ENST00000586915.1_1,3UTR
chr19,45496478,45496480,longloop,36,+,chr19:45496448-45496479:+,False,"            5'- GGGCGGGGGTGGGGCCGGGCCCCCCTACGGGATGCCCACGG -3'
       rG4seq-K ------------------------------**---------",CLPTM1|ENSG00000104853.15_5,ENST00000337392.9_2;ENST00000541297.6_2;ENST00000586915.1_1,3UTR
chr19,45574137,45574141,canonical/G3L1-7,15,+,chr19:45574113-45574140:+,False,"            5'- GGGGGGTGGGGAGGACAAGGGGGTGGGTAAGGGGCTC -3'
       rG4seq-K ------------------------****---------",CLASRP|ENSG00000104859.14_3,ENST00000221455.7_2;ENST00000391952.7_1;ENST00000544944.6_1;ENST00000585615.5_1;ENST00000587472.5_1;ENST00000588070.1_1;ENST00000591904.1_2,3UTR
chr19,45574146,45574148,canonical/G3L1-7,71,+,chr19:45574121-45574147:+,False,"            5'- GGGAGGACAAGGGGGTGGGTAAGGGGCTCAAGCTGT -3'
       rG4seq-K -------------------------**---------",CLASRP|ENSG00000104859.14_3,ENST00000221455.7_2;ENST00000391952.7_1;ENST00000544944.6_1;ENST00000585615.5_1;ENST00000587472.5_1;ENST00000588070.1_1;ENST00000591904.1_2,3UTR
chr19,45650298,45650300,canonical/G3L1-7,12,+,chr19:45650279-45650299:+,False,"            5'- GGGCAGGGTGGGGGGATGGGAGCAGAGGAT -3'
       rG4seq-K -------------------**---------",MARK4|ENSG00000007047.14_3;PPP1R37|ENSG00000104866.10_3,ENST00000221462.8_1;ENST00000422370.2_1;ENST00000540059.1_1;ENST00000587566.5_1,3UTR;non_coding
chr19,45650479,45650481,canonical/G3L1-7,15,+,chr19:45650454-45650480:+,False,"            5'- GGGTGAGGGTGGGCAGAGGGCTGGGGCTACTCCTGT -3'
       rG4seq-K -------------------------**---------",MARK4|ENSG00000007047.14_3;PPP1R37|ENSG00000104866.10_3,ENST00000221462.8_1;ENST00000422370.2_1;ENST00000540059.1_1;ENST00000587566.5_1,3UTR;non_coding
chr19,46029894,46029895,potential G-quadruplex & G>=40%,82,+,chr19:46029835-46029895:+,False,"            5'- GTTTTGGGGGAAAAGGGAAATTTTTTTTTCTCTTTGGTTTTGATAAAATGGGATGTGGGAGTTTTTAAAT -3'
       rG4seq-K -----------------------------------------------------------*----------",VASP|ENSG00000125753.13_2,ENST00000245932.10_1;ENST00000586014.5_1,3UTR
chr19,47260297,47260300,longloop,14,+,chr19:47260265-47260299:+,False,"            5'- GGGGTGGAGGGATGTCGCGGAGAGGGGAAGGGGGAAACTGACCA -3'
       rG4seq-K --------------------------------***---------",FKRP|ENSG00000181027.10_5,ENST00000318584.9_1;ENST00000391909.7_1;ENST00000597339.5_1;ENST00000600646.5_1,3UTR
chr19,47764034,47764036,bulges,33,+,chr19:47764009-47764035:+,False,"            5'- GGGGGCCGTGGCCGGAGGGGCCGGGGCCGAGGTTCA -3'
       rG4seq-K -------------------------**---------",CCDC9|ENSG00000105321.13_3,ENST00000221922.10_3;ENST00000599398.5_2;ENST00000643617.1_1,CDS
chr19,47824775,47824776,two-quartet,211,+,chr19:47824759-47824775:+,False,"            5'- GGGAGGCTGAGGTGGGAGAATTGCTC -3'
       rG4seq-K ----------------*---------",C5AR1|ENSG00000197405.7_3,ENST00000355085.3_1,3UTR
chr19,47846401,47846402,bulges,93,+,chr19:47846368-47846402:+,False,"            5'- GGGTCCTTTTAAGAGGGAGGCAGGAGGGTCAGGGTCAGTCACAG -3'
       rG4seq-K ---------------------------------*----------",C5AR2|ENSG00000134830.5_4,ENST00000595464.2_2,3UTR
chr19,48258055,48258057,bulges,336,+,chr19:48258033-48258056:+,False,"            5'- GGGCGAGGGGCCGGAGGCTGGGGATGCCGAGGT -3'
       rG4seq-K ----------------------**---------",NOP53|ENSG00000105373.18_5,ENST00000246802.9_1;ENST00000595143.5_1;ENST00000597985.5_1;ENST00000598681.5_1;ENST00000598959.5_1;ENST00000600410.5_1,CDS
chr19,48258743,48258744,bulges,197,+,chr19:48258705-48258743:+,False,"            5'- GGCGCGGCGGCAGAGGCGGCGGCAGGCGCGGCGGGAGGCTGAGGCTGA -3'
       rG4seq-K --------------------------------------*---------",NOP53|ENSG00000105373.18_5,ENST00000246802.9_1;ENST00000594182.1_1;ENST00000595143.5_1;ENST00000597985.5_1;ENST00000598681.5_1;ENST00000598959.5_1;ENST00000600410.5_1,CDS
chr19,48698869,48698871,longloop,22,+,chr19:48698834-48698870:+,False,"            5'- GGGGCGGGGCTCAGTTCGAAGGTGAGAAGGGGAGGGCACTGCAGAT -3'
       rG4seq-K -----------------------------------**---------",ZSWIM9|ENSG00000185453.12_4,ENST00000328759.11_1;ENST00000614654.1_1,CDS
chr19,48700494,48700495,longloop,23,+,chr19:48700466-48700494:+,False,"            5'- GGGAGTGCAGCGGGGAGAGGGGAAAGGGAGAAAGTACA -3'
       rG4seq-K ----------------------------*---------",ZSWIM9|ENSG00000185453.12_4,ENST00000328759.11_1;ENST00000614654.1_1,3UTR;CDS
chr19,48700650,48700653,bulges,16,+,chr19:48700631-48700652:+,False,"            5'- GGGACGGGATGTAGGAGGGGGAAGAAAAATC -3'
       rG4seq-K -------------------***---------",ZSWIM9|ENSG00000185453.12_4,ENST00000328759.11_1;ENST00000614654.1_1,3UTR
chr19,49458201,49458202,bulges,114,+,chr19:49458172-49458201:+,False,"            5'- GGGAGCGGCGGTGATGGACGGGTCCGGGGAGCAGCCCAG -3'
       rG4seq-K -----------------------------*---------",BAX|ENSG00000087088.19_4,ENST00000293288.12_1;ENST00000345358.11_1;ENST00000354470.7_1;ENST00000356483.8_1;ENST00000391871.4_1;ENST00000415969.6_1;ENST00000502487.5_1;ENST00000506183.5_4;ENST00000513545.5_1;ENST00000515540.5_1;ENST00000539787.2_1,5UTR;CDS
chr19,49464965,49464968,canonical/G3L1-7,21,+,chr19:49464947-49464968:+,False,"            5'- GGGAGGGGTGGGGATTGGGGGACGTGGGCAT -3'
       rG4seq-K ------------------***----------",BAX|ENSG00000087088.19_4,ENST00000293288.12_1;ENST00000345358.11_1;ENST00000391871.4_1;ENST00000502487.5_1;ENST00000513545.5_1,3UTR
chr19,49465012,49465014,potential G-quadruplex & G>=40%,63,+,chr19:49464954-49465014:+,False,"            5'- GTGGGGATTGGGGGACGTGGGCATTTTTCTTACTTTTGTAATTATTGGGGGGTGTGGGGAAGAGTGGTCT -3'
       rG4seq-K ----------------------------------------------------------**----------",BAX|ENSG00000087088.19_4,ENST00000293288.12_1;ENST00000345358.11_1;ENST00000391871.4_1;ENST00000502487.5_1;ENST00000513545.5_1,3UTR
chr19,49606007,49606009,canonical/G3L1-7,19,+,chr19:49605987-49606008:+,False,"            5'- GGGGCTTGGGGTGTGGGAGGGACCAAGGGGT -3'
       rG4seq-K --------------------**---------",SNRNP70|ENSG00000104852.14_4,ENST00000221448.9_2;ENST00000401730.5_1;ENST00000544278.2_1;ENST00000595231.5_1;ENST00000598441.5_2;ENST00000601065.5_1,3UTR
chr19,49606965,49606967,canonical/G3L1-7,27,+,chr19:49606945-49606966:+,False,"            5'- GGGCTGGGTGGGGGAACGGGGACTTTTTGGC -3'
       rG4seq-K --------------------**---------",SNRNP70|ENSG00000104852.14_4,ENST00000221448.9_2;ENST00000401730.5_1;ENST00000544278.2_1;ENST00000595231.5_1;ENST00000598441.5_2;ENST00000601065.5_1,non_coding
chr19,49607170,49607173,canonical/G3L1-7,10,+,chr19:49607147-49607173:+,False,"            5'- GGGCGAGATGGGGCAGGGCTGGGGGGAGGCAGAGTC -3'
       rG4seq-K -----------------------***----------",SNRNP70|ENSG00000104852.14_4,ENST00000221448.9_2;ENST00000401730.5_1;ENST00000544278.2_1;ENST00000595231.5_1;ENST00000598441.5_2;ENST00000601065.5_1,non_coding
chr19,49607809,49607810,potential G-quadruplex & G>=40%,11,+,chr19:49607750-49607810:+,False,"            5'- AGTTGCCTGGCTGTCTGTTGGGCGTGTGCGTGTGCGTGATGATGGGGACACGGGGCGGGGATTCTGTAGA -3'
       rG4seq-K -----------------------------------------------------------*----------",SNRNP70|ENSG00000104852.14_4,ENST00000221448.9_2;ENST00000401730.5_1;ENST00000544278.2_1;ENST00000595231.5_1;ENST00000598441.5_2;ENST00000601065.5_1,non_coding
chr19,49611552,49611555,longloop,73,+,chr19:49611524-49611554:+,False,"            5'- GGGGGGAGCGGGGCAGTGAGCGGGGCAGGGATGAGGCCCG -3'
       rG4seq-K ----------------------------***---------",SNRNP70|ENSG00000104852.14_4,ENST00000221448.9_2;ENST00000401730.5_1;ENST00000544278.2_1;ENST00000595231.5_1;ENST00000598441.5_2;ENST00000601065.5_1,3UTR;CDS
chr19,49611571,49611574,bulges,115,+,chr19:49611543-49611575:+,False,"            5'- GCGGGGCAGGGATGAGGCCCGAGGTGGGGGCGGTGGCCAGGA -3'
       rG4seq-K ----------------------------***-----------",SNRNP70|ENSG00000104852.14_4,ENST00000221448.9_2;ENST00000401730.5_1;ENST00000544278.2_1;ENST00000595231.5_1;ENST00000598441.5_2;ENST00000601065.5_1,3UTR;CDS
chr19,50191618,50191620,canonical/G3L1-7,47,+,chr19:50191593-50191621:+,False,"            5'- GGGGGTTTTAGGGGCCTGGGCTGGGGGGATGGGGAGGG -3'
       rG4seq-K -------------------------**-----------",PRMT1|ENSG00000126457.21_4,ENST00000391851.8_2;ENST00000454376.6_2;ENST00000527866.1_1;ENST00000530361.5_1;ENST00000532489.5_1;ENST00000610806.4_1,3UTR
chr19,50191625,50191632,canonical/G3L1-7,246,+,chr19:50191603-50191631:+,False,"            5'- GGGGCCTGGGCTGGGGGGATGGGGAGGGCACATCGTGA -3'
       rG4seq-K ----------------------***-***---------",PRMT1|ENSG00000126457.21_4,ENST00000391851.8_2;ENST00000454376.6_2;ENST00000527866.1_1;ENST00000530361.5_1;ENST00000532489.5_1;ENST00000610806.4_1,3UTR
chr19,50363538,50363540,bulges,71,+,"chr19:50363437-50363440:+,chr19:50363524-50363539:+",True,"            5'- GGGATGGGGGGGTAGTGGTTACCCCGGG -3'
       rG4seq-K -----------------**---------",PTOV1|ENSG00000104960.15_2,ENST00000391842.5_1;ENST00000597730.1_1;ENST00000597793.5_1;ENST00000598325.5_1;ENST00000599732.5_1;ENST00000600603.5_2;ENST00000601093.5_1;ENST00000601612.5_1;ENST00000601638.5_1;ENST00000601675.5_1,3UTR;CDS
chr19,50436842,50436843,bulges,20,+,chr19:50436815-50436844:+,False,"            5'- GGTGGTTGTCTGGGGTGGGTGGAGTGGCGACAGGATAGA -3'
       rG4seq-K ---------------------------*-----------",ATF5|ENSG00000169136.10_3,ENST00000423777.6_1,3UTR
chr19,50437136,50437139,longloop,19,+,chr19:50437108-50437138:+,False,"            5'- GGGGCTGTGTCTGGGTGAGGGATGGCGGGGTACTGATTTT -3'
       rG4seq-K ----------------------------***---------",ATF5|ENSG00000169136.10_3,ENST00000423777.6_1,3UTR
chr19,50981207,50981208,bulges,286,+,"chr19:50979912-50979915:+,chr19:50981185-50981208:+",True,"            5'- GGGGCTGGGGCGGAAGGTCGAGAGGGCGAGGCCTGT -3'
       rG4seq-K -------------------------*----------",EMC10|ENSG00000161671.16_5,ENST00000334976.10_3;ENST00000376918.7_3;ENST00000597426.1_5;ENST00000597799.1_5;ENST00000598585.1_1;ENST00000599293.1_1;ENST00000601780.5_1,3UTR;CDS
chr19,50985501,50985503,canonical/G3L1-7,41,+,chr19:50985470-50985501:+,False,"            5'- GGGTGGGGGTGGGGGTGGGGGTGGTGGTGGGGGTAGTGGCC -3'
       rG4seq-K -------------------------------**--------",EMC10|ENSG00000161671.16_5,ENST00000334976.10_3;ENST00000376918.7_3;ENST00000598585.1_1;ENST00000599293.1_1;ENST00000601780.5_1,3UTR;CDS
chr19,54378503,54378504,bulges,13,+,chr19:54378487-54378504:+,False,"            5'- GGGGGGTGGGGGGTGGGTAGCTGGGGA -3'
       rG4seq-K ----------------*----------",MYADM|ENSG00000179820.15_3,ENST00000336967.7_1;ENST00000391769.2_1;ENST00000391770.8_1;ENST00000391771.1_1,3UTR
chr19,54378511,54378514,canonical/G3L1-7,51,+,chr19:54378487-54378513:+,False,"            5'- GGGGGGTGGGGGGTGGGTAGCTGGGGATTGGGCCCT -3'
       rG4seq-K ------------------------***---------",MYADM|ENSG00000179820.15_3,ENST00000336967.7_1;ENST00000391769.2_1;ENST00000391770.8_1;ENST00000391771.1_1,3UTR
chr19,54378519,54378520,canonical/G3L1-7,94,+,chr19:54378494-54378519:+,False,"            5'- GGGGGGTGGGTAGCTGGGGATTGGGCCCTCTTTCT -3'
       rG4seq-K -------------------------*---------",MYADM|ENSG00000179820.15_3,ENST00000336967.7_1;ENST00000391769.2_1;ENST00000391770.8_1;ENST00000391771.1_1,3UTR
chr19,54379387,54379389,bulges,59,+,chr19:54379371-54379389:+,False,"            5'- GTAGGTGGGAGGGTGGGGATTGCTGCGT -3'
       rG4seq-K ----------------**----------",MYADM|ENSG00000179820.15_3,ENST00000336967.7_1;ENST00000391769.2_1;ENST00000391770.8_1;ENST00000391771.1_1,3UTR
chr19,54711415,54711417,canonical/G3L1-7,733,+,chr19:54711397-54711417:+,False,"            5'- GGGCCAGGGTGGGGCTGGGGCTGGAGACGA -3'
       rG4seq-K ------------------**----------",RPS9|ENSG00000170889.13_3,ENST00000302907.8_1;ENST00000391751.7_2;ENST00000391752.5_1;ENST00000391753.6_1;ENST00000402367.5_1;ENST00000441429.1_1;ENST00000445961.5_1;ENST00000448962.5_1;ENST00000495002.5_1,3UTR;CDS
chr19,54711438,54711439,two-quartet,852,+,chr19:54711408-54711438:+,False,"            5'- GGGCTGGGGCTGGAGACGACGAGGAGGAGGATTAAGTCCA -3'
       rG4seq-K ------------------------------*---------",RPS9|ENSG00000170889.13_3,ENST00000302907.8_1;ENST00000391751.7_2;ENST00000391752.5_1;ENST00000391753.6_1;ENST00000402367.5_1;ENST00000441429.1_1;ENST00000445961.5_1;ENST00000448962.5_1;ENST00000495002.5_1,3UTR;CDS
chr19,54972343,54972345,canonical/G3L1-7,24,+,chr19:54972317-54972344:+,False,"            5'- GGGGAGGAGGGGATGGGCAGCGGAGGGTTGGGGGCAT -3'
       rG4seq-K --------------------------**---------",LENG8|ENSG00000167615.16_5,ENST00000326764.9_3;ENST00000376514.6_3;ENST00000421200.1_3;ENST00000610347.1_4;ENST00000616932.4_3,3UTR
chr19,54972349,54972351,canonical/G3L1-7,66,+,chr19:54972325-54972351:+,False,"            5'- GGGGATGGGCAGCGGAGGGTTGGGGGCATGGTCTGC -3'
       rG4seq-K ------------------------**----------",LENG8|ENSG00000167615.16_5,ENST00000326764.9_3;ENST00000376514.6_3;ENST00000421200.1_3;ENST00000610347.1_4;ENST00000616932.4_3,3UTR
chr19,55902163,55902165,bulges,27,+,chr19:55902131-55902166:+,False,"            5'- GGTGGAGGAACCAGGAGAGGGCTGGAGGGAGGGAGATGGTCTCAG -3'
       rG4seq-K --------------------------------**-----------",RPL28|ENSG00000108107.14_3,ENST00000344063.6_1;ENST00000426763.3_1;ENST00000558815.5_1;ENST00000560055.5_1,3UTR
chr19,55998276,55998278,bulges,27,+,chr19:55998244-55998277:+,False,"            5'- GGGCTGTGGCTACCAGGCCGAGGGGGGCTGGGGCTGCCTGGGC -3'
       rG4seq-K --------------------------------**---------",NAT14|ENSG00000090971.4_2,ENST00000205194.4_1;ENST00000587400.1_1;ENST00000588985.1_1;ENST00000592719.1_1,CDS
chr19,55998361,55998363,canonical/G3L1-7,30,+,chr19:55998342-55998363:+,False,"            5'- GGGCAGGGGAGGAGGGAGGGGCGCCAGCACC -3'
       rG4seq-K -------------------**----------",NAT14|ENSG00000090971.4_2,ENST00000205194.4_1;ENST00000587400.1_1;ENST00000588985.1_1;ENST00000592719.1_1,3UTR
chr19,56185627,56185630,canonical/G3L1-7,52,+,chr19:56185599-56185629:+,False,"            5'- GGGGGGTTGGGGGGTTAGGGCAGGGAGGGGACTGGGGAAG -3'
       rG4seq-K ----------------------------***---------",U2AF2|ENSG00000063244.12_3,ENST00000308924.8_1;ENST00000450554.6_1;ENST00000590551.1_1,3UTR
chr19,56185703,56185706,canonical/G3L1-7,73,+,chr19:56185685-56185705:+,False,"            5'- GGGAAGGGGTTGGGATGGGGACAGGGTGCA -3'
       rG4seq-K ------------------***---------",U2AF2|ENSG00000063244.12_3,ENST00000450554.6_1,3UTR
chr19,56185711,56185712,canonical/G3L1-7,123,+,chr19:56185685-56185711:+,False,"            5'- GGGAAGGGGTTGGGATGGGGACAGGGTGCACAGCAG -3'
       rG4seq-K --------------------------*---------",U2AF2|ENSG00000063244.12_3,ENST00000450554.6_1,3UTR
chr19,56185726,56185730,longloop,182,+,chr19:56185690-56185728:+,False,"            5'- GGGGTTGGGATGGGGACAGGGTGCACAGCAGGGCGGGGTAGGACCCCA -3'
       rG4seq-K ------------------------------------**-*--------",U2AF2|ENSG00000063244.12_3,ENST00000450554.6_1,3UTR
chr19,56652703,56652707,bulges,18,+,chr19:56652683-56652707:+,False,"            5'- GGGGAGGTGAGGGGGCTTGGGGGGCCTCGCCTGA -3'
       rG4seq-K --------------------****----------",ZNF444|ENSG00000167685.14_3,ENST00000337080.7_1;ENST00000586123.5_1;ENST00000587195.5_1;ENST00000587467.5_3;ENST00000587664.5_1;ENST00000588358.5_3;ENST00000592949.5_3,5UTR
chr19,1010086,1010087,bulges,107,-,chr19:1010086-1010119:-,False,"            5'- GGGGGTGGGGTTCCGCGGAAGGTTCTGGAGGGGTCTTGGTAGG -3'
       rG4seq-K --------------------------------*----------",TMEM259|ENSG00000182087.13_5,ENST00000333175.9_3;ENST00000356663.7_3;ENST00000586704.5_1;ENST00000592052.1_1;ENST00000592590.6_2;ENST00000592618.5_1;ENST00000593068.7_3,3UTR
chr19,1123568,1123571,two-quartet,311,-,chr19:1123569-1123600:-,False,"            5'- GGCTGAGGAGGAGGAGGCGGAGGAGCTGGGGCACACAGAGA -3'
       rG4seq-K -----------------------------***---------",SBNO2|ENSG00000064932.15_2,ENST00000361757.7_1;ENST00000438103.6_1;ENST00000587024.5_1;ENST00000592222.5_1,CDS
chr19,1123576,1123577,bulges,227,-,chr19:1123575-1123614:-,False,"            5'- GAGGAGGAGGACGAGGCTGAGGAGGAGGAGGCGGAGGAGCTGGGGCACA -3'
       rG4seq-K -------------------------------------*-----------",SBNO2|ENSG00000064932.15_2,ENST00000361757.7_1;ENST00000438103.6_1;ENST00000587024.5_1;ENST00000592222.5_1,CDS
chr19,1123579,1123580,bulges,161,-,chr19:1123578-1123614:-,False,"            5'- GAGGAGGAGGACGAGGCTGAGGAGGAGGAGGCGGAGGAGCTGGGGC -3'
       rG4seq-K ----------------------------------*-----------",SBNO2|ENSG00000064932.15_2,ENST00000361757.7_1;ENST00000438103.6_1;ENST00000587024.5_1;ENST00000592222.5_1,CDS
chr19,1555011,1555013,canonical/G3L1-7,22,-,chr19:1555012-1555038:-,False,"            5'- GGGGGCAGGGGGGCGGGGGCGAGGGGCGTTCCAATC -3'
       rG4seq-K -------------------------**---------",MEX3D|ENSG00000181588.16_4,ENST00000402693.4_2;ENST00000605173.2_4,3UTR
chr19,1609469,1609473,two-quartet,40,-,chr19:1609470-1609483:-,False,"            5'- GGGGGGTGGGGGGTGTGATCTGA -3'
       rG4seq-K ----------*-**---------",TCF3|ENSG00000071564.14_5,ENST00000262965.9_1;ENST00000344749.9_2;ENST00000453954.6_2;ENST00000587425.5_2;ENST00000592395.5_1;ENST00000592628.5_2;ENST00000593064.5_2;ENST00000611869.4_1,3UTR
chr19,1852706,1852708,canonical/G3L1-7,12,-,chr19:1852706-1852728:-,False,"            5'- GGGGGTGGGTGGGGGACTGGGGCCCCGTTTTC -3'
       rG4seq-K --------------------**----------",KLF16|ENSG00000129911.8_3,ENST00000250916.5_1;ENST00000541015.5_1;ENST00000617223.1_1,3UTR
chr19,1853168,1853170,potential G-quadruplex & G>=40%,10,-,chr19:1853168-1853228:-,False,"            5'- TCCTCAGGGGGTGTGAGTGTGTGTGGGGGGTCTCTGAGCTGAACTTGGGTGGGGTGGGGACTTGTTCCTC -3'
       rG4seq-K ----------------------------------------------------------**----------",KLF16|ENSG00000129911.8_3,ENST00000250916.5_1;ENST00000541015.5_1;ENST00000617223.1_1,3UTR
chr19,1853765,1853768,canonical/G3L1-7,13,-,chr19:1853766-1853784:-,False,"            5'- GGGATGGGGAGGGAGGGGACCTCTGGGT -3'
       rG4seq-K ----------------***---------",KLF16|ENSG00000129911.8_3,ENST00000250916.5_1;ENST00000541015.5_1;ENST00000617223.1_1,3UTR
chr19,2039342,2039344,longloop,25,-,chr19:2039343-2039373:-,False,"            5'- GGGAAGGTGAGCAGAGGGTAGGTGGGTGGGCTTGTCCCCT -3'
       rG4seq-K -----------------------------**---------",MKNK2|ENSG00000099875.14_4,ENST00000250896.7_1;ENST00000309340.11_1;ENST00000587416.5_1;ENST00000588014.5_1;ENST00000589441.5_1;ENST00000591142.5_2;ENST00000591601.5_1,3UTR
chr19,2101520,2101521,potential G-quadruplex & G>=40%,52,-,chr19:2101520-2101580:-,False,"            5'- GGCAGGGCGGGGCCAGGGACGCCAAAGAGAGGTTGCAGTCAGAACCGTGGACGGGGTGGGTTGAGGCCTC -3'
       rG4seq-K -----------------------------------------------------------*----------",AP3D1|ENSG00000065000.17_5,ENST00000345016.9_1;ENST00000355272.10_1;ENST00000585652.5_1;ENST00000586370.6_2;ENST00000589223.5_1;ENST00000643116.2_2;ENST00000644728.1_1,3UTR
chr19,2101561,2101562,canonical/G3L1-7,32,-,chr19:2101562-2101581:-,False,"            5'- GGGCAGGGCGGGGCCAGGGACGCCAAAGA -3'
       rG4seq-K -------------------*---------",AP3D1|ENSG00000065000.17_5,ENST00000345016.9_1;ENST00000355272.10_1;ENST00000585652.5_1;ENST00000586370.6_2;ENST00000589223.5_1;ENST00000643116.2_2;ENST00000644728.1_1,3UTR
chr19,2428861,2428863,potential G-quadruplex & G>=40%,70,-,chr19:2428861-2428921:-,False,"            5'- TTGGGTGGAGCTGGGGGTGGTCCTAGGACTGCGGGTGCCCTTAGCTGAAGGGGGTGGGGAGAAGCGTGGA -3'
       rG4seq-K ----------------------------------------------------------**----------",LMNB2|ENSG00000176619.12_4,ENST00000325327.3_1;ENST00000532465.1_1,3UTR
chr19,2429682,2429684,bulges,49,-,chr19:2429682-2429702:-,False,"            5'- GGGGTGGCGTGGGGCTGGGGCACCCTCCGA -3'
       rG4seq-K ------------------**----------",LMNB2|ENSG00000176619.12_4,ENST00000325327.3_1;ENST00000475819.1_1;ENST00000532465.1_1,3UTR
chr19,2430127,2430129,bulges,64,-,chr19:2430127-2430148:-,False,"            5'- GGGAGGGGAGATGTGGAGGGGACACATCTGG -3'
       rG4seq-K -------------------**----------",LMNB2|ENSG00000176619.12_4,ENST00000325327.3_1;ENST00000475819.1_1;ENST00000532465.1_1,3UTR
chr19,2430198,2430200,canonical/G3L1-7,59,-,chr19:2430199-2430223:-,False,"            5'- GGGCAGGGGAGGGGAAGACCTGGGGAAGGAAGAA -3'
       rG4seq-K -----------------------**---------",LMNB2|ENSG00000176619.12_4,ENST00000325327.3_1;ENST00000475819.1_1;ENST00000532465.1_1,3UTR
chr19,2430208,2430211,bulges,35,-,chr19:2430209-2430235:-,False,"            5'- GCAAGGCCAACAGGGCAGGGGAGGGGAAGACCTGGG -3'
       rG4seq-K ------------------------***---------",LMNB2|ENSG00000176619.12_4,ENST00000325327.3_1;ENST00000475819.1_1;ENST00000532465.1_1,3UTR
chr19,2717747,2717748,bulges,7,-,chr19:2717748-2717765:-,False,"            5'- GGGGCGGGCGGCGTGGGCAAGAGCTCG -3'
       rG4seq-K -----------------*---------",DIRAS1|ENSG00000176490.4_3,ENST00000323469.4_1;ENST00000585334.1_1;ENST00000588128.1_2,CDS
chr19,3053204,3053206,canonical/G3L1-7,271,-,chr19:3053205-3053228:-,False,"            5'- GGGAGGAGCAGGGTGAGGGTGGGCGACCCAGGA -3'
       rG4seq-K ----------------------**---------",AES|ENSG00000104964.14_2,ENST00000221561.12_1;ENST00000327141.8_1;ENST00000586742.5_1;ENST00000587393.5_1;ENST00000592414.1_1,3UTR
chr19,3053773,3053776,canonical/G3L1-7,351,-,chr19:3053774-3053801:-,False,"            5'- GGGAGGTTGGGAGGGGGGACAGAGGGGAGACAGAGGC -3'
       rG4seq-K -------------------------***---------",AES|ENSG00000104964.14_2,ENST00000221561.12_1;ENST00000327141.8_1;ENST00000586742.5_1;ENST00000586839.1_1;ENST00000587393.5_1;ENST00000590067.5_1;ENST00000592330.5_1;ENST00000592414.1_1,3UTR
chr19,3053784,3053786,canonical/G3L1-7,78,-,chr19:3053783-3053807:-,False,"            5'- GGGACAGGGAGGTTGGGAGGGGGGACAGAGGGGA -3'
       rG4seq-K ---------------------**-----------",AES|ENSG00000104964.14_2,ENST00000221561.12_1;ENST00000327141.8_1;ENST00000586742.5_1;ENST00000586839.1_1;ENST00000587393.5_1;ENST00000590067.5_1;ENST00000592330.5_1;ENST00000592414.1_1,3UTR
chr19,3055252,3055254,canonical/G3L1-7,35,-,chr19:3055253-3055281:-,False,"            5'- GGGTGTTAGGGGATTGTGGGGGAAGGGGTAGCACAGGG -3'
       rG4seq-K ---------------------------**---------",AES|ENSG00000104964.14_2,ENST00000221561.12_1;ENST00000327141.8_1;ENST00000585557.1_1;ENST00000586742.5_1;ENST00000586839.1_1;ENST00000587083.1_1;ENST00000587393.5_1;ENST00000590067.5_1;ENST00000592330.5_1;ENST00000592414.1_1,non_coding
chr19,3538414,3538417,bulges,1403,-,chr19:3538415-3538450:-,False,"            5'- GGGGGACCTGGGGGTGACTAGGTGACATAATGGGGACAGGGCTGC -3'
       rG4seq-K ---------------------------------***---------",MFSD12|ENSG00000161091.12_3,ENST00000398558.8_2;ENST00000585788.1_1;ENST00000615073.4_2,3UTR
chr19,3538435,3538439,canonical/G3L1-7,326,-,chr19:3538436-3538461:-,False,"            5'- GGGACTGGGGAGGGGGACCTGGGGGTGACTAGGTG -3'
       rG4seq-K ----------------------****---------",MFSD12|ENSG00000161091.12_3,ENST00000398558.8_2;ENST00000585788.1_1;ENST00000615073.4_2,3UTR
chr19,3538446,3538448,canonical/G3L1-7,105,-,chr19:3538445-3538468:-,False,"            5'- GGGTGCCGGGACTGGGGAGGGGGACCTGGGGGT -3'
       rG4seq-K --------------------**-----------",MFSD12|ENSG00000161091.12_3,ENST00000398558.8_2;ENST00000585788.1_1;ENST00000615073.4_2,3UTR
chr19,3544530,3544531,longloop,711,-,chr19:3544531-3544561:-,False,"            5'- GGGTGAGGGCAGCAGGGATGCCCGCCAGGGACTTGCAAGG -3'
       rG4seq-K ------------------------------*---------",MFSD12|ENSG00000161091.12_3,ENST00000355415.6_1;ENST00000389395.7_1;ENST00000398558.8_2;ENST00000588918.5_1;ENST00000615073.4_2,3UTR
chr19,3544543,3544545,canonical/G3L1-7,554,-,chr19:3544544-3544571:-,False,"            5'- GGGTGGGGTCGGGTGAGGGCAGCAGGGATGCCCGCCA -3'
       rG4seq-K --------------------------**---------",MFSD12|ENSG00000161091.12_3,ENST00000355415.6_1;ENST00000389395.7_1;ENST00000398558.8_2;ENST00000588918.5_1;ENST00000615073.4_2,3UTR
chr19,3544551,3544553,canonical/G3L1-7,507,-,chr19:3544552-3544573:-,False,"            5'- GGGGGTGGGGTCGGGTGAGGGCAGCAGGGAT -3'
       rG4seq-K --------------------**---------",MFSD12|ENSG00000161091.12_3,ENST00000355415.6_1;ENST00000389395.7_1;ENST00000398558.8_2;ENST00000588918.5_1;ENST00000615073.4_2,3UTR
chr19,3958658,3958660,canonical/G3L1-7,21,-,chr19:3958659-3958676:-,False,"            5'- GGGACGGGGAGGGTGGGATGGACGGCG -3'
       rG4seq-K ----------------**---------",DAPK3|ENSG00000167657.13_3,ENST00000301264.7_1;ENST00000545797.6_1;ENST00000595279.1_1,3UTR
chr19,3958910,3958912,canonical/G3L1-7,35,-,chr19:3958910-3958930:-,False,"            5'- GGGGTGGGTGTGGGACGGGGCTGCTTCTCT -3'
       rG4seq-K ------------------**----------",DAPK3|ENSG00000167657.13_3,ENST00000301264.7_1;ENST00000545797.6_1;ENST00000595279.1_1,3UTR
chr19,3976287,3976289,canonical/G3L1-7,13286,-,chr19:3976288-3976310:-,False,"            5'- GGGGAGGGGGAGGCGGGATGGGACACCCAACA -3'
       rG4seq-K ---------------------**---------",EEF2|ENSG00000167658.15_2,ENST00000309311.6_1;ENST00000600794.1_1,3UTR;CDS
chr19,3976292,3976296,canonical/G3L1-7,3621,-,chr19:3976293-3976319:-,False,"            5'- GGGCCGGTCGGGGAGGGGGAGGCGGGATGGGACACC -3'
       rG4seq-K -----------------------****---------",EEF2|ENSG00000167658.15_2,ENST00000309311.6_1;ENST00000600794.1_1,3UTR;CDS
chr19,3976299,3976303,canonical/G3L1-7,1510,-,chr19:3976300-3976329:-,False,"            5'- GGGACTTAATGGGCCGGTCGGGGAGGGGGAGGCGGGATG -3'
       rG4seq-K --------------------------****---------",EEF2|ENSG00000167658.15_2,ENST00000309311.6_1;ENST00000600794.1_1,3UTR
chr19,4047322,4047323,canonical/G3L1-7,86,-,chr19:4047323-4047351:-,False,"            5'- GGGGGCGCTGGGGGGGGACTGGGGTGGGCTTTTAATTT -3'
       rG4seq-K ----------------------------*---------",ZBTB7A|ENSG00000178951.8_3,ENST00000322357.8_1,3UTR
chr19,4047334,4047335,canonical/G3L1-7,8,-,chr19:4047334-4047361:-,False,"            5'- GGGTAGACGTGGGGGCGCTGGGGGGGGACTGGGGTGG -3'
       rG4seq-K --------------------------*----------",ZBTB7A|ENSG00000178951.8_3,ENST00000322357.8_1,3UTR
chr19,4174589,4174590,canonical/G3L1-7,48,-,chr19:4174589-4174610:-,False,"            5'- GGGTGCTTGGGGAGGGTGGGGCTTTTTGTAG -3'
       rG4seq-K --------------------*----------",SIRT6|ENSG00000077463.14_4,ENST00000305232.10_1;ENST00000337491.6_1;ENST00000594279.5_2;ENST00000599365.5_1;ENST00000600938.5_1;ENST00000601488.5_2,3UTR
chr19,4361403,4361406,canonical/G3L1-7,107,-,chr19:4361404-4361434:-,False,"            5'- GGGTGGGGGGGCTTATCTGGGTGGGTGGGGATGCCTGTTT -3'
       rG4seq-K ----------------------------***---------",SH3GL1|ENSG00000141985.9_3,ENST00000269886.7_1;ENST00000417295.6_1;ENST00000598564.5_1,3UTR
chr19,4446562,4446563,G>=40%,154,-,chr19:4446562-4446622:-,False,"            5'- CGTGCGCGCCAAGCTGGACAGGCAGCGCCGCGTCTTCCAGCCCTCGCCCCTGGCCTCGCAGTTCGAACTG -3'
       rG4seq-K -----------------------------------------------------------*----------",UBXN6|ENSG00000167671.11_3,ENST00000301281.10_2;ENST00000394765.7_2;ENST00000587009.5_1;ENST00000587324.1_1;ENST00000588238.1_1;ENST00000590466.2_1;ENST00000591919.5_1,CDS
chr19,4657710,4657713,canonical/G3L1-7,1071,-,chr19:4657712-4657740:-,False,"            5'- GGGTGGGGAACATGGGGGCTATGCTGGGGAAAGCAGCC -3'
       rG4seq-K ---------------------------***--------",MYDGF|ENSG00000074842.7_5,ENST00000262947.7_1;ENST00000599761.5_1,3UTR
chr19,4657722,4657724,longloop,357,-,chr19:4657722-4657752:-,False,"            5'- GGGGCACAAAGAGGGTGGGGAACATGGGGGCTATGCTGGG -3'
       rG4seq-K ----------------------------**----------",MYDGF|ENSG00000074842.7_5,ENST00000262947.7_1;ENST00000599761.5_1,3UTR
chr19,4815988,4815989,bulges,66,-,chr19:4815987-4816012:-,False,"            5'- GGGTGAAGGGTCTTGGTGGTGGGGGTATTGCTACG -3'
       rG4seq-K -----------------------*-----------",TICAM1|ENSG00000127666.9_2,ENST00000248244.5_2,3UTR
chr19,4817939,4817940,bulges,26,-,chr19:4817938-4817968:-,False,"            5'- GAAACCGGTGTGGGTGGGACATTGCTGGGGATCCAGGGAG -3'
       rG4seq-K ----------------------------*-----------",TICAM1|ENSG00000127666.9_2,ENST00000248244.5_2;ENST00000621756.1_2,CDS
chr19,5206455,5206457,potential G-quadruplex & G>=40%,48,-,chr19:5206455-5206515:-,False,"            5'- TGGGGGGTGGGGGGATGGTGAGCAAATAGGAGTGCTCCCCAGAACCAGAGGAGGGTGGGGCACAGACCAT -3'
       rG4seq-K ----------------------------------------------------------**----------",PTPRS|ENSG00000105426.16_4,ENST00000587303.5_3;ENST00000588552.5_1,3UTR
chr19,5705995,5705996,two-quartet,610,-,"chr19:5707070-5707080:-,chr19:5705996-5706003:-",True,"            5'- GGGGCGGGAGGTGGAGGAGAAGATCAA -3'
       rG4seq-K -----------------*---------",LONP1|ENSG00000196365.11_3,ENST00000360614.7_2;ENST00000540670.6_1;ENST00000585374.5_2;ENST00000587365.1_1;ENST00000587552.5_1;ENST00000588589.5_1;ENST00000590206.1_1;ENST00000590558.5_1;ENST00000590729.5_2;ENST00000591321.1_1;ENST00000593119.5_2,3UTR;CDS
chr19,5720051,5720054,two-quartet,132,-,chr19:5720052-5720082:-,False,"            5'- GGCCGATGCTGGCCGCCGCCGGGGGGCGGGTTCCCACTGC -3'
       rG4seq-K ----------------------------***---------",LONP1|ENSG00000196365.11_3,ENST00000360614.7_2;ENST00000540670.6_1;ENST00000585374.5_2;ENST00000586617.1_1;ENST00000587365.1_1;ENST00000590511.1_1;ENST00000590728.1_1;ENST00000593119.5_2,5UTR;CDS
chr19,6212405,6212408,longloop,23,-,chr19:6212406-6212435:-,False,"            5'- GGGGTGGGTGGGGGGTGCGTACGGTGGGGCTTGTAGGTT -3'
       rG4seq-K ---------------------------***---------",MLLT1|ENSG00000130382.8_3,ENST00000252674.8_2,3UTR
chr19,6381410,6381411,bulges,86,-,chr19:6381409-6381449:-,False,"            5'- GGAGAAGCCGCCTGAGGAGGACAAGGAGGAGGAGGAGGAGAAGAAGGCAC -3'
       rG4seq-K --------------------------------------*-----------",GTF2F1|ENSG00000125651.13_3,ENST00000394456.9_1;ENST00000593678.5_1;ENST00000594213.5_1;ENST00000594965.1_1;ENST00000595047.5_1,CDS
chr19,6383501,6383502,bulges,84,-,"chr19:6387399-6387425:-,chr19:6383502-6383506:-",True,"            5'- GAGGAGGCCGAGGAGGAGTGGGAGAGGAGGAACAAGGTGC -3'
       rG4seq-K ------------------------------*---------",AC011491.2|ENSG00000269444.1_6;GTF2F1|ENSG00000125651.13_3,ENST00000394456.9_1;ENST00000593678.5_1;ENST00000595047.5_1;ENST00000599584.1_1,CDS;non_coding
chr19,6413956,6413957,canonical/G3L1-7,274,-,chr19:6413957-6413986:-,False,"            5'- GGGTGGGGGGGACTTGGGGGCATGCCGGGCCCTCACTCT -3'
       rG4seq-K -----------------------------*---------",KHSRP|ENSG00000088247.17_4,ENST00000398148.7_4;ENST00000594745.5_1;ENST00000595223.5_1;ENST00000597656.5_1;ENST00000619396.4_4,3UTR
chr19,6413965,6413969,canonical/G3L1-7,150,-,chr19:6413966-6413986:-,False,"            5'- GGGTGGGGGGGACTTGGGGGCATGCCGGGC -3'
       rG4seq-K -----------------****---------",KHSRP|ENSG00000088247.17_4,ENST00000398148.7_4;ENST00000594745.5_1;ENST00000595223.5_1;ENST00000597656.5_1;ENST00000619396.4_4,3UTR
chr19,6413974,6413979,longloop,30,-,chr19:6413975-6414017:-,False,"            5'- GGGGAGTACTGGGGAGCCCTCGCGGCAAGCAGGGTGGGGGGGACTTGGGGGC -3'
       rG4seq-K --------------------------------------*****---------",KHSRP|ENSG00000088247.17_4,ENST00000398148.7_4;ENST00000594745.5_1;ENST00000595223.5_1;ENST00000597656.5_1;ENST00000619396.4_4,3UTR
chr19,7115937,7115939,canonical/G3L1-7,24,-,chr19:7115938-7115957:-,False,"            5'- GGGGCCGGGAAGGGGAGGGAGTCAGGCAC -3'
       rG4seq-K ------------------**---------",INSR|ENSG00000171105.13_3,ENST00000341500.9_1,3UTR
chr19,7117035,7117037,bulges,15,-,chr19:7117035-7117055:-,False,"            5'- GTGGCGGGGGCGGGCAGGGGTTCCCATTTT -3'
       rG4seq-K ------------------**----------",INSR|ENSG00000171105.13_3,ENST00000302850.9_1;ENST00000341500.9_1,3UTR
chr19,9759222,9759223,bulges,10,-,chr19:9759222-9759238:-,False,"            5'- GGGAGGTGGGGGTGGGCAGATCATTT -3'
       rG4seq-K ---------------*----------",ZNF562|ENSG00000171466.9_3,ENST00000293648.8_1,3UTR
chr19,9921664,9921666,canonical/G3L1-7,12,-,chr19:9921665-9921683:-,False,"            5'- GGGGCTGGGGTGGGAGGGTCAGGAGGCG -3'
       rG4seq-K -----------------**---------",FBXL12|ENSG00000127452.8_4,ENST00000247977.8_1;ENST00000585379.5_2;ENST00000586651.5_1;ENST00000588922.5_1;ENST00000589626.5_1;ENST00000591009.1_2,3UTR;CDS
chr19,10251577,10251578,canonical/G3L1-7,134,-,"chr19:10251780-10251794:-,chr19:10251578-10251585:-",True,"            5'- GGGCAAGGGAAAAGGGAAGGGCAAGCCCAAG -3'
       rG4seq-K ---------------------*---------",DNMT1|ENSG00000130816.15_4,ENST00000340748.8_3;ENST00000359526.8_3;ENST00000586588.5_1;ENST00000587604.1_1;ENST00000589091.1_1;ENST00000589351.5_1;ENST00000589538.5_1;ENST00000592705.5_1;ENST00000593049.5_1,3UTR;CDS
chr19,10426551,10426554,canonical/G3L1-7,24,-,chr19:10426553-10426579:-,False,"            5'- GGGTCGGGGGAGGGGGTGGCGCTGGGGACAACCAGA -3'
       rG4seq-K -------------------------***--------",AC011511.1|ENSG00000167807.15_6;AC011511.4|ENSG00000267303.1_6;FDX2|ENSG00000267673.6_5,ENST00000343376.8_1;ENST00000393708.3_2;ENST00000452032.6_1;ENST00000453681.1_1;ENST00000460631.5_1;ENST00000486454.1_1;ENST00000494368.5_1;ENST00000586529.1_1,CDS;non_coding
chr19,10683660,10683662,bulges,116,-,chr19:10683661-10683678:-,False,"            5'- GGGAGGGCAGGTGCGGGCTGTGTGTGT -3'
       rG4seq-K ----------------**---------",AP1M2|ENSG00000129354.11_3,ENST00000250244.10_2;ENST00000587069.5_1;ENST00000589348.1_1;ENST00000590923.5_2,3UTR
chr19,10946792,10946794,bulges,120,-,chr19:10946792-10946813:-,False,"            5'- GTGGAGGTGGGAGGGGCGGGGCCCCCGCCAA -3'
       rG4seq-K -------------------**----------",TMED1|ENSG00000099203.6_3,ENST00000214869.6_2;ENST00000588259.5_1;ENST00000589638.1_2;ENST00000591157.1_1;ENST00000591695.5_1,CDS
chr19,11275388,11275389,two-quartet,89,-,chr19:11275389-11275415:-,False,"            5'- GGATGGATGGATGGATGGATGGATGGATGAATAGAT -3'
       rG4seq-K --------------------------*---------",KANK2|ENSG00000197256.10_4,ENST00000586659.5_1;ENST00000588787.5_1,3UTR
chr19,11275396,11275397,two-quartet,44,-,chr19:11275397-11275423:-,False,"            5'- GGATGGATGGATGGATGGATGGATGGATGGATGGAT -3'
       rG4seq-K --------------------------*---------",KANK2|ENSG00000197256.10_4,ENST00000586659.5_1;ENST00000588787.5_1,3UTR
chr19,11276847,11276848,two-quartet,66,-,chr19:11276847-11276859:-,False,"            5'- GGAGGGGGTGGGAATCTTAGGA -3'
       rG4seq-K -----------*----------",KANK2|ENSG00000197256.10_4,ENST00000586659.5_1;ENST00000588787.5_1,3UTR
chr19,12811432,12811433,longloop,14,-,chr19:12811433-12811466:-,False,"            5'- GGGGGGCCTCAGGCGGGATCTCGGGGCGGGGGGAGGAGGATGG -3'
       rG4seq-K ---------------------------------*---------",TNPO2|ENSG00000105576.15_5,ENST00000356861.9_4;ENST00000425528.5_4;ENST00000450764.6_4,3UTR
chr19,12811842,12811843,two-quartet,35,-,chr19:12811843-12811858:-,False,"            5'- GGGGAGGTGGGGGGGACTTCTGGTG -3'
       rG4seq-K ---------------*---------",TNPO2|ENSG00000105576.15_5,ENST00000356861.9_4;ENST00000425528.5_4;ENST00000450764.6_4,3UTR
chr19,12811957,12811959,bulges,46,-,chr19:12811958-12811983:-,False,"            5'- GGGGGGTTAGGGAGGAGTGAGTGGGACTCAAATCC -3'
       rG4seq-K ------------------------**---------",TNPO2|ENSG00000105576.15_5,ENST00000356861.9_4;ENST00000425528.5_4;ENST00000450764.6_4;ENST00000589149.5_3;ENST00000592287.5_4,3UTR
chr19,12873940,12873941,canonical/G3L1-7,46,-,chr19:12873941-12873957:-,False,"            5'- GGGGAGGGAGGGCGGGAGGTAGATAT -3'
       rG4seq-K ----------------*---------",HOOK2|ENSG00000095066.11_6,ENST00000264827.9_2;ENST00000397668.7_2,3UTR
chr19,12986499,12986501,canonical/G3L1-7,161,-,chr19:12986500-12986522:-,False,"            5'- GGGGGGGCGGGGGACGGGTGGGTGCAGTGGCT -3'
       rG4seq-K ---------------------**---------",DNASE2|ENSG00000105612.8_2,ENST00000222219.7_1,3UTR
chr19,12986503,12986505,bulges,39,-,chr19:12986505-12986522:-,False,"            5'- GGGGGGGCGGGGGACGGGTGGGTGCAG -3'
       rG4seq-K -----------------**--------",DNASE2|ENSG00000105612.8_2,ENST00000222219.7_1,3UTR
chr19,13260993,13260994,longloop,93,-,chr19:13260993-13261019:-,False,"            5'- GGGGGGTTCGGCCTGGGGGGGAAGGGACTGACATGT -3'
       rG4seq-K -------------------------*----------",STX10|ENSG00000104915.14_3,ENST00000343587.9_1;ENST00000440593.3_1;ENST00000587230.5_1;ENST00000588848.5_3;ENST00000589083.5_1;ENST00000591197.1_1;ENST00000591843.1_1,5UTR
chr19,13260998,13261001,longloop,60,-,chr19:13260998-13261023:-,False,"            5'- GGGAGGGGGGTTCGGCCTGGGGGGGAAGGGACTGA -3'
       rG4seq-K ----------------------***----------",STX10|ENSG00000104915.14_3,ENST00000343587.9_1;ENST00000440593.3_1;ENST00000587230.5_1;ENST00000588848.5_3;ENST00000589083.5_1;ENST00000591197.1_1;ENST00000591843.1_1,5UTR
chr19,13946975,13946976,canonical/G3L1-7,50,-,chr19:13946976-13947003:-,False,"            5'- GGGATGTGGTGGGTGGGGTTGGCTGGGCCCAAATGTG -3'
       rG4seq-K ---------------------------*---------",AC020916.1|ENSG00000267519.6_6,ENST00000587762.2_2,non_coding
chr19,13946985,13946987,bulges,26,-,chr19:13946985-13947003:-,False,"            5'- GGGATGTGGTGGGTGGGGTTGGCTGGGC -3'
       rG4seq-K ----------------**----------",AC020916.1|ENSG00000267519.6_6,ENST00000587762.2_2,non_coding
chr19,14202602,14202605,canonical/G3L1-7,35,-,chr19:14202603-14202626:-,False,"            5'- GGGGCCCCGGGTGGGTGCGGGGGCGATTCAACC -3'
       rG4seq-K ---------------------***---------",PRKACA|ENSG00000072062.13_2,ENST00000308677.8_1;ENST00000350356.7_1,3UTR
chr19,14203853,14203855,canonical/G3L1-7,19,-,chr19:14203854-14203869:-,False,"            5'- GGGGGGGTGGGAGGGTTGGATTGAA -3'
       rG4seq-K --------------**---------",PRKACA|ENSG00000072062.13_2,ENST00000308677.8_1;ENST00000350356.7_1;ENST00000587372.5_1;ENST00000589994.5_1;ENST00000590853.5_1,3UTR
chr19,14588622,14588624,longloop,120,-,chr19:14588623-14588648:-,False,"            5'- GGGAGGGAGGGACGATGGCGGTGGGTTTTTGTATC -3'
       rG4seq-K ------------------------**---------",GIPC1|ENSG00000123159.15_3,ENST00000345425.6_1;ENST00000393028.5_1;ENST00000393033.8_1;ENST00000585606.5_1,3UTR
chr19,14588636,14588637,bulges,96,-,chr19:14588637-14588662:-,False,"            5'- GGCCCAGAGCAGGAGGGAGGGAGGGACGATGGCGG -3'
       rG4seq-K -------------------------*---------",GIPC1|ENSG00000123159.15_3,ENST00000345425.6_1;ENST00000393028.5_1;ENST00000393033.8_1;ENST00000585606.5_1,3UTR
chr19,14602498,14602499,bulges,124,-,chr19:14602498-14602520:-,False,"            5'- GGGGGTGAGGGTGGAAGCTGGGAAACCCACAG -3'
       rG4seq-K ---------------------*----------",GIPC1|ENSG00000123159.15_3,ENST00000345425.6_1;ENST00000393028.5_1;ENST00000393033.8_1;ENST00000586027.5_1;ENST00000587210.1_1;ENST00000587934.1_1;ENST00000589497.5_1;ENST00000591349.5_1,5UTR
chr19,14606852,14606853,bulges,58,-,chr19:14606851-14606887:-,False,"            5'- GCGGCGGCGGCGGCGGCGGCGGCGGCGGCGGCGGAGCAGATCTTCT -3'
       rG4seq-K ----------------------------------*-----------",GIPC1|ENSG00000123159.15_3,ENST00000345425.6_1;ENST00000393028.5_1;ENST00000393033.8_1;ENST00000586027.5_1;ENST00000587210.1_1;ENST00000589497.5_1;ENST00000591349.5_1,5UTR
chr19,14606855,14606856,bulges,30,-,chr19:14606854-14606894:-,False,"            5'- GGAGGCAGCGGCGGCGGCGGCGGCGGCGGCGGCGGCGGCGGAGCAGATCT -3'
       rG4seq-K --------------------------------------*-----------",GIPC1|ENSG00000123159.15_3,ENST00000345425.6_1;ENST00000393028.5_1;ENST00000393033.8_1;ENST00000586027.5_1;ENST00000587210.1_1;ENST00000589497.5_1;ENST00000591349.5_1,5UTR
chr19,14625724,14625725,potential G-quadruplex & G>=40%,170,-,chr19:14625724-14625784:-,False,"            5'- CCAGTGCTCTCTGTATAGGGCCATAATGGAATTCTGAAGAAATCTTGGGGAGGGAAGGGGAGTTGGAACA -3'
       rG4seq-K -----------------------------------------------------------*----------",DNAJB1|ENSG00000132002.7_4,ENST00000254322.2_1,3UTR
chr19,14626641,14626644,canonical/G3L1-7,387,-,chr19:14626644-14626666:-,False,"            5'- GGGTGGGAGGGCCCAGGGAGGGCTTTCGTACT -3'
       rG4seq-K ----------------------*-*-------",DNAJB1|ENSG00000132002.7_4,ENST00000254322.2_1;ENST00000396969.8_1,3UTR
chr19,14626647,14626649,two-quartet,134,-,chr19:14626649-14626677:-,False,"            5'- GGACCATGAGAGGGTGGGAGGGCCCAGGGAGGGCTTTC -3'
       rG4seq-K ----------------------------**--------",DNAJB1|ENSG00000132002.7_4,ENST00000254322.2_1;ENST00000396969.8_1,3UTR
chr19,14629155,14629156,longloop,163,-,chr19:14629156-14629187:-,False,"            5'- GGGTCGGCGGGCCGCAGGAGGGGGTCATGGGTAAAGACTAC -3'
       rG4seq-K -------------------------------*---------",DNAJB1|ENSG00000132002.7_4,ENST00000254322.2_1;ENST00000396969.8_1;ENST00000594099.5_3;ENST00000595992.5_3;ENST00000596075.1_3;ENST00000596853.5_3;ENST00000598692.1_3;ENST00000601533.5_3,5UTR;CDS
chr19,15349105,15349108,two-quartet,18,-,chr19:15349106-15349126:-,False,"            5'- GGGGCGGTGGTGGAGGTGGGATCAGCGGCC -3'
       rG4seq-K ------------------***---------",BRD4|ENSG00000141867.17_5,ENST00000263377.6_2,3UTR
chr19,15357988,15357989,bulges,28,-,chr19:15357989-15358010:-,False,"            5'- GGAGTGGGGCTGGGGGGTGGGTGGAATCAGT -3'
       rG4seq-K ---------------------*---------",BRD4|ENSG00000141867.17_5,ENST00000263377.6_2;ENST00000371835.8_2,3UTR
chr19,15484613,15484615,longloop,32,-,chr19:15484614-15484642:-,False,"            5'- GGGGCGGGAGCGGCGGCGGTGGGGAGGGCATACAGGAC -3'
       rG4seq-K ---------------------------**---------",AKAP8|ENSG00000105127.8_3,ENST00000269701.6_2;ENST00000537303.5_2;ENST00000595416.1_2;ENST00000599883.1_2,CDS
chr19,15533154,15533156,canonical/G3L1-7,28,-,chr19:15533155-15533185:-,False,"            5'- GGGCCCTGGAGGGTGGGGTTGGGGGGTGGGACTCTCCTCC -3'
       rG4seq-K -----------------------------**---------",WIZ|ENSG00000011451.19_5,ENST00000263381.11_2;ENST00000389282.8_1;ENST00000545156.5_2;ENST00000599686.3_3;ENST00000599910.6_2;ENST00000643092.1_1;ENST00000648664.1_1,3UTR
chr19,16466476,16466478,canonical/G3L1-7,11,-,chr19:16466477-16466496:-,False,"            5'- GGGACAGGGCACGGGCGGGTTCCAGAGAG -3'
       rG4seq-K ------------------**---------",EPS15L1|ENSG00000127527.13_3,ENST00000455140.6_2;ENST00000594851.5_1;ENST00000602022.5_1,3UTR
chr19,16686695,16686697,canonical/G3L1-7,21,-,chr19:16686696-16686713:-,False,"            5'- GGGAGGGAGGGGGCGGGAGTCACGCGG -3'
       rG4seq-K ----------------**---------",AC008764.1|ENSG00000141979.4_6;MED26|ENSG00000105085.10_3,ENST00000263390.7_1;ENST00000409035.1_1;ENST00000597244.1_1,3UTR;non_coding
chr19,17513796,17513797,potential G-quadruplex & G>=40%,598,-,chr19:17513796-17513856:-,False,"            5'- GGCATGTGCTGCCTGTTGTTATGGGTTTTTTTTGCGGGGGGGGTTGCTTTTTTCTGGGGTCTTTGAGCTC -3'
       rG4seq-K -----------------------------------------------------------*----------",BST2|ENSG00000130303.12_3,ENST00000252593.6_1,3UTR
chr19,17513812,17513816,potential G-quadruplex & G>=40%,413,-,chr19:17513812-17513872:-,False,"            5'- GGGGTGCGGTGTGGGGGGCATGTGCTGCCTGTTGTTATGGGTTTTTTTTGCGGGGGGGGTTGCTTTTTTC -3'
       rG4seq-K --------------------------------------------------------****----------",BST2|ENSG00000130303.12_3,ENST00000252593.6_1,3UTR
chr19,17513964,17513966,canonical/G3L1-7,356,-,chr19:17513964-17513993:-,False,"            5'- GGGGCCATGGGGAAGTCCTGGGTGTGGGGACACAGTCGG -3'
       rG4seq-K ---------------------------**----------",BST2|ENSG00000130303.12_3,ENST00000252593.6_1,3UTR
chr19,18652646,18652647,bulges,229,-,chr19:18652647-18652681:-,False,"            5'- GAGGGTGAGGAGGAAGAGGAGGAGGAAGAGGAGGAAGAGGATGA -3'
       rG4seq-K ----------------------------------*---------",FKBP8|ENSG00000105701.15_4,ENST00000222308.8_4;ENST00000544835.7_1;ENST00000594844.5_3;ENST00000596558.6_4;ENST00000597547.1_1;ENST00000597611.7_3;ENST00000597960.7_3;ENST00000599540.6_3;ENST00000601844.5_1;ENST00000608443.5_1,CDS
chr19,18652802,18652803,two-quartet,308,-,"chr19:18653697-18653712:-,chr19:18652803-18652805:-",True,"            5'- GGGAGGAGCAGGCAGGGCCAATTCCTG -3'
       rG4seq-K -----------------*---------",FKBP8|ENSG00000105701.15_4,ENST00000222308.8_4;ENST00000544835.7_1;ENST00000594844.5_3;ENST00000596558.6_4;ENST00000597547.1_1;ENST00000597611.7_3;ENST00000597960.7_3;ENST00000599540.6_3;ENST00000601844.5_1;ENST00000608443.5_1;ENST00000609656.1_1,5UTR
chr19,18654309,18654312,bulges,166,-,chr19:18654309-18654346:-,False,"            5'- GGGGGCGGGGAGGGGGGCGCAGGACCCCAAGTGGGGGTCCCGGAGCC -3'
       rG4seq-K ----------------------------------***----------",FKBP8|ENSG00000105701.15_4,ENST00000222308.8_4;ENST00000544835.7_1;ENST00000597611.7_3;ENST00000597960.7_3;ENST00000601844.5_1;ENST00000608443.5_1;ENST00000609656.1_1,5UTR
chr19,18654328,18654331,bulges,80,-,chr19:18654327-18654346:-,False,"            5'- GGGGGCGGGGAGGGGGGCGCAGGACCCCA -3'
       rG4seq-K ---------------***-----------",FKBP8|ENSG00000105701.15_4,ENST00000222308.8_4;ENST00000544835.7_1;ENST00000597611.7_3;ENST00000597960.7_3;ENST00000601844.5_1;ENST00000608443.5_1;ENST00000609656.1_1,5UTR
chr19,19040105,19040106,canonical/G3L1-7,48,-,chr19:19040106-19040138:-,False,"            5'- GGGTGGGCCGGGCCGGGCTGGGCTGGGGTGGGCCCCAGTCGG -3'
       rG4seq-K --------------------------------*---------",AC002985.1|ENSG00000268193.5_6;HOMER3|ENSG00000051128.18_4,ENST00000221222.15_2;ENST00000392351.7_2;ENST00000433218.6_2;ENST00000539827.5_2;ENST00000593484.1_1;ENST00000594794.5_1;ENST00000596918.5_1,3UTR;non_coding
chr19,19105915,19105917,canonical/G3L1-7,25,-,chr19:19105915-19105934:-,False,"            5'- GGGGTGGGAGTGGGTGGGGCCTCAGTCCT -3'
       rG4seq-K -----------------**----------",SUGP2|ENSG00000064607.16_2,ENST00000330854.15_1;ENST00000337018.10_2;ENST00000452918.6_2;ENST00000593795.5_1;ENST00000594773.5_1;ENST00000597280.5_1;ENST00000598240.1_1;ENST00000600239.5_1;ENST00000600377.1_2;ENST00000601879.5_2,3UTR;CDS
chr19,19141888,19141889,two-quartet,83,-,"chr19:19144245-19144257:-,chr19:19141889-19141891:-",True,"            5'- GGTGGTCTCGGGGGCAAAATAACA -3'
       rG4seq-K --------------*---------",SUGP2|ENSG00000064607.16_2,ENST00000330854.15_1;ENST00000337018.10_2;ENST00000452918.6_2;ENST00000594445.1_1;ENST00000594773.5_1;ENST00000598202.1_1;ENST00000600239.5_1;ENST00000600377.1_2;ENST00000601879.5_2,5UTR;CDS
chr19,19287815,19287819,longloop,35,-,chr19:19287816-19287849:-,False,"            5'- GGGAACCAGGCCGGGGCGAGGGGTTCCGGGGGGACCTGAGAAC -3'
       rG4seq-K ------------------------------****---------",BORCS8-MEF2B|ENSG00000064489.22_3;BORCS8|ENSG00000254901.7_4,ENST00000354191.8_3;ENST00000444486.7_3;ENST00000462790.7_2;ENST00000488252.6_1;ENST00000494489.6_1;ENST00000514819.7_1;ENST00000585679.1_1;ENST00000588208.6_1;ENST00000591566.1_1;ENST00000602276.5_1;ENST00000602438.1_1;ENST00000602689.1_3;ENST00000602804.5_3;ENST00000630940.2_3,3UTR;non_coding
chr19,19312890,19312891,canonical/G3L1-7,13,-,chr19:19312891-19312913:-,False,"            5'- GGGGTGGGGGCCTGCGGGTGGGAAACCAGAAA -3'
       rG4seq-K ----------------------*---------",NR2C2AP|ENSG00000184162.14_2,ENST00000331552.11_1;ENST00000420605.7_1;ENST00000537399.1_1;ENST00000538165.2_1;ENST00000539678.1_1;ENST00000539693.1_1;ENST00000544883.5_1,3UTR
chr19,19314009,19314011,bulges,74,-,chr19:19314008-19314030:-,False,"            5'- GGGGTGGGCGAGGGAGTGGCGGTTCTCGTCCC -3'
       rG4seq-K -------------------**-----------",NR2C2AP|ENSG00000184162.14_2,ENST00000331552.11_1;ENST00000420605.7_1;ENST00000537399.1_1;ENST00000538165.2_1;ENST00000539693.1_1;ENST00000544883.5_1,5UTR
chr19,30193867,30193869,canonical/G3L1-7,18,-,"chr19:30196180-30196186:-,chr19:30193868-30193884:-",True,"            5'- GGGCAGGGGGGGCTGTCGGGGGGCTGTTAGGT -3'
       rG4seq-K ---------------------**---------",C19orf12|ENSG00000131943.17_2,ENST00000323670.13_1;ENST00000342680.5_1;ENST00000392275.1_1;ENST00000392276.1_1;ENST00000392278.2_1;ENST00000591243.1_1;ENST00000592153.5_1;ENST00000614091.4_1;ENST00000623113.1_1,3UTR;5UTR;CDS
chr19,35989353,35989355,two-quartet,19,-,chr19:35989351-35989370:-,False,"            5'- GGGAGGCTGGGGTGGGAGGATCACTTGAG -3'
       rG4seq-K ---------------**------------",DMKN|ENSG00000161249.20_5,ENST00000339686.7_3;ENST00000402589.6_3;ENST00000408915.6_3;ENST00000414866.6_3;ENST00000419602.5_3;ENST00000429837.5_3;ENST00000434389.5_4;ENST00000436012.5_4;ENST00000443640.5_3;ENST00000460327.5_1;ENST00000462126.5_1;ENST00000462721.5_1;ENST00000467532.5_1;ENST00000467637.5_3;ENST00000469960.5_1;ENST00000470964.1_1;ENST00000472252.6_3;ENST00000478648.6_1;ENST00000480502.5_3;ENST00000484064.5_1;ENST00000486756.6_1;ENST00000488542.6_1;ENST00000488762.5_1;ENST00000490622.5_1;ENST00000593342.5_4;ENST00000597212.5_1;ENST00000601368.5_1;ENST00000601650.1_4,non_coding
chr19,39327165,39327167,bulges,664,-,chr19:39327166-39327196:-,False,"            5'- GCTGGAAATCTGCAGGGGGAGGGAGAGGGGAACTGTTATC -3'
       rG4seq-K -----------------------------**---------",AC008982.1|ENSG00000268083.5_6;HNRNPL|ENSG00000104824.17_5,ENST00000221419.9_1;ENST00000388749.7_1;ENST00000594769.5_5;ENST00000595164.5_1;ENST00000595443.5_1;ENST00000595804.5_1;ENST00000597731.1_1;ENST00000601449.5_3;ENST00000602021.1_3;ENST00000647557.1_1,3UTR;non_coding
chr19,39331697,39331699,canonical/G3L1-7,14,-,chr19:39331698-39331724:-,False,"            5'- GGGACTGGGAGGGAGGGGGGACTGGGATTAAGAAAG -3'
       rG4seq-K -------------------------**---------",HNRNPL|ENSG00000104824.17_5,ENST00000221419.9_1;ENST00000388749.7_1;ENST00000595164.5_1;ENST00000597731.1_1;ENST00000598985.5_1;ENST00000600873.5_1;ENST00000601449.5_3;ENST00000647557.1_1,non_coding
chr19,39338072,39338074,bulges,214,-,chr19:39340339-39340366:-,False,"            5'- GGGGCGGCGGGCGGCGGCGGCGGTGGGGAGAACTACG -3'
       rG4seq-K ---------------------------**--------",HNRNPL|ENSG00000104824.17_5,ENST00000221419.9_1;ENST00000388749.7_1;ENST00000598985.5_1;ENST00000600873.5_1;ENST00000601047.5_1;ENST00000601449.5_3;ENST00000601813.1_3,CDS
chr19,40029875,40029879,bulges,107,-,chr19:40029876-40029909:-,False,"            5'- GCACAGGTGGAGGGGAAAAAAAGGGGGAGGGGGAAGCTTATCT -3'
       rG4seq-K ------------------------------****---------",EID2|ENSG00000176396.10_3,ENST00000390658.3_2,3UTR
chr19,40316202,40316205,bulges,10,-,chr19:40316202-40316235:-,False,"            5'- GGCCTGCACTGATTGGGGCCTGGGGCAGGGGGGTCAAGGAGAG -3'
       rG4seq-K ------------------------------***----------",DYRK1B|ENSG00000105204.13_4,ENST00000323039.9_3;ENST00000348817.7_1;ENST00000593685.5_3,3UTR
chr19,40331147,40331148,bulges,296,-,"chr19:40331256-40331287:-,chr19:40331148-40331155:-",True,"            5'- GGCGGCGGCGGTGGAGGAGGAGGAAGAGGTGGTGGAGGCTTCCATTCT -3'
       rG4seq-K --------------------------------------*---------",FBL|ENSG00000105202.8_6,ENST00000221801.7_2;ENST00000594309.5_3;ENST00000594443.5_1;ENST00000597224.5_3;ENST00000597634.5_1;ENST00000598417.5_1;ENST00000599134.1_3;ENST00000599159.1_1;ENST00000601274.5_3,CDS
chr19,40331150,40331151,bulges,194,-,"chr19:40331256-40331293:-,chr19:40331152-40331155:-",True,"            5'- GGAGGCGGCGGCGGCGGTGGAGGAGGAGGAAGAGGTGGTGGAGGCTTCCA -3'
       rG4seq-K -----------------------------------------*--------",FBL|ENSG00000105202.8_6,ENST00000221801.7_2;ENST00000594309.5_3;ENST00000594443.5_1;ENST00000597224.5_3;ENST00000597634.5_1;ENST00000598417.5_1;ENST00000599134.1_3;ENST00000599159.1_1;ENST00000601274.5_3,CDS
chr19,40331263,40331264,bulges,121,-,chr19:40331264-40331304:-,False,"            5'- GAGGAGGAGGTGGAGGCGGCGGCGGCGGTGGAGGAGGAGGAAGAGGTGGT -3'
       rG4seq-K ----------------------------------------*---------",FBL|ENSG00000105202.8_6,ENST00000221801.7_2;ENST00000594309.5_3;ENST00000594443.5_1;ENST00000597224.5_3;ENST00000597634.5_1;ENST00000598417.5_1;ENST00000599134.1_3;ENST00000599159.1_1;ENST00000601274.5_3,CDS
chr19,40331266,40331267,bulges,71,-,chr19:40331264-40331304:-,False,"            5'- GAGGAGGAGGTGGAGGCGGCGGCGGCGGTGGAGGAGGAGGAAGAGGTGGT -3'
       rG4seq-K -------------------------------------*------------",FBL|ENSG00000105202.8_6,ENST00000221801.7_2;ENST00000594309.5_3;ENST00000594443.5_1;ENST00000597224.5_3;ENST00000597634.5_1;ENST00000598417.5_1;ENST00000599134.1_3;ENST00000599159.1_1;ENST00000601274.5_3,CDS
chr19,40331269,40331270,bulges,34,-,chr19:40331268-40331304:-,False,"            5'- GAGGAGGAGGTGGAGGCGGCGGCGGCGGTGGAGGAGGAGGAAGAGG -3'
       rG4seq-K ----------------------------------*-----------",FBL|ENSG00000105202.8_6,ENST00000221801.7_2;ENST00000594309.5_3;ENST00000594443.5_1;ENST00000597224.5_3;ENST00000597634.5_1;ENST00000598417.5_1;ENST00000599134.1_3;ENST00000599159.1_1;ENST00000601274.5_3,CDS
chr19,40331338,40331340,bulges,131,-,chr19:40331342-40331376:-,False,"            5'- GTGGTGGTCGTGGAGGCCGAGGGGGCTTTGGCGGGGGCCGAGGT -3'
       rG4seq-K ------------------------------------**------",FBL|ENSG00000105202.8_6,ENST00000221801.7_2;ENST00000594309.5_3;ENST00000594443.5_1;ENST00000597224.5_3;ENST00000597634.5_1;ENST00000598417.5_1;ENST00000599134.1_3;ENST00000599159.1_1;ENST00000601274.5_3,CDS
chr19,40738349,40738351,canonical/G3L1-7,64,-,chr19:40738350-40738383:-,False,"            5'- GGGAGGGGTGGGGTTGGTTCGGGTGGGTGAGGGTCTTTTTCCT -3'
       rG4seq-K --------------------------------**---------",AKT2|ENSG00000105221.16_5,ENST00000392038.6_1;ENST00000424901.5_2;ENST00000476266.5_1;ENST00000483166.5_1,3UTR
chr19,40738355,40738356,canonical/G3L1-7,30,-,chr19:40738356-40738383:-,False,"            5'- GGGAGGGGTGGGGTTGGTTCGGGTGGGTGAGGGTCTT -3'
       rG4seq-K ---------------------------*---------",AKT2|ENSG00000105221.16_5,ENST00000392038.6_1;ENST00000424901.5_2;ENST00000476266.5_1;ENST00000483166.5_1,3UTR
chr19,40738371,40738372,canonical/G3L1-7,10,-,chr19:40738370-40738388:-,False,"            5'- GGGTGGGGAGGGGTGGGGTTGGTTCGGG -3'
       rG4seq-K ----------------*-----------",AKT2|ENSG00000105221.16_5,ENST00000392038.6_1;ENST00000424901.5_2;ENST00000476266.5_1;ENST00000483166.5_1,3UTR
chr19,42751765,42751767,canonical/G3L1-7,25,-,chr19:42751765-42751794:-,False,"            5'- GGGGACTGAGGGTGGGGGGAGTAGAGGGGCCGCTGGAGA -3'
       rG4seq-K ---------------------------**----------",AC006486.1|ENSG00000268643.1_6;ERF|ENSG00000105722.9_3,ENST00000222329.8_1;ENST00000594664.1_4,3UTR;non_coding
chr19,42752024,42752027,canonical/G3L1-7,20,-,chr19:42752025-42752055:-,False,"            5'- GGGGGGTGGGGGGCGGAGGAGGGTGAGGGGTGCCGCCCAT -3'
       rG4seq-K ----------------------------***---------",AC006486.1|ENSG00000268643.1_6;ERF|ENSG00000105722.9_3,ENST00000222329.8_1;ENST00000594664.1_4,3UTR;non_coding
chr19,42752342,42752345,canonical/G3L1-7,58,-,chr19:42752345-42752370:-,False,"            5'- GGGGGAGGGAGGGGGAAGTTAAGGGGGTCACCTCC -3'
       rG4seq-K -------------------------***-------",AC006486.1|ENSG00000268643.1_6;ERF|ENSG00000105722.9_3,ENST00000222329.8_1;ENST00000440177.6_1;ENST00000594664.1_4,3UTR;non_coding
chr19,42752353,42752358,bulges,18,-,chr19:42752355-42752385:-,False,"            5'- GGCAAAGTGGTGGTAGGGGGAGGGAGGGGGAAGTTAAGGG -3'
       rG4seq-K ---------------------------*****--------",AC006486.1|ENSG00000268643.1_6;ERF|ENSG00000105722.9_3,ENST00000222329.8_1;ENST00000440177.6_1;ENST00000594664.1_4,3UTR;non_coding
chr19,42752434,42752435,bulges,11,-,chr19:42752434-42752450:-,False,"            5'- GGTGGGGGTGGGTGGGTGCCCAGGGC -3'
       rG4seq-K ---------------*----------",AC006486.1|ENSG00000268643.1_6;ERF|ENSG00000105722.9_3,ENST00000222329.8_1;ENST00000440177.6_1;ENST00000594664.1_4,3UTR;non_coding
chr19,42752704,42752706,bulges,22,-,chr19:42752702-42752739:-,False,"            5'- GAGGACAAGAAGGTGCGTGGGGAGGGGCCTGGGGAGGCTGGGGGGCC -3'
       rG4seq-K ---------------------------------**------------",AC006486.1|ENSG00000268643.1_6;ERF|ENSG00000105722.9_3,ENST00000222329.8_1;ENST00000440177.6_1;ENST00000594664.1_4,CDS;non_coding
chr19,43965121,43965123,bulges,36,-,chr19:43965122-43965148:-,False,"            5'- GGACTTTGGAGCGTGGGGTGGGTGGGACAATGGCTC -3'
       rG4seq-K -------------------------**---------",LYPD3|ENSG00000124466.8_2,ENST00000244333.3_1,3UTR
chr19,44111672,44111674,bulges,36,-,chr19:44111673-44111704:-,False,"            5'- GGGGTTGTGACAGTGGTCATGGGGGATGGGGTACTGCCGGT -3'
       rG4seq-K ------------------------------**---------",ZNF428|ENSG00000131116.11_2,ENST00000300811.7_1,3UTR
chr19,45853675,45853676,longloop,18,-,chr19:45853676-45853705:-,False,"            5'- GGGGCTAGGGGCTCACCGAGAGGGGCGGGTAGGTCCTCC -3'
       rG4seq-K -----------------------------*---------",ERCC2|ENSG00000104884.15_5,ENST00000391945.9_2,3UTR
chr19,46112751,46112752,potential G-quadruplex & G>=40%,463,-,chr19:46112751-46112811:-,False,"            5'- TGGGGGCGGGAGGGTAGACTGACATACAGAAGTCTCTATTTATCCGGGTGGGAAGAGGGAGTCACATCGC -3'
       rG4seq-K -----------------------------------------------------------*----------",EML2|ENSG00000125746.16_6,ENST00000245925.7_1;ENST00000536630.5_2;ENST00000586195.5_1;ENST00000588308.5_1;ENST00000589876.5_5,3UTR
chr19,46112757,46112759,potential G-quadruplex & G>=40%,413,-,chr19:46112757-46112817:-,False,"            5'- GGGTTATGGGGGCGGGAGGGTAGACTGACATACAGAAGTCTCTATTTATCCGGGTGGGAAGAGGGAGTCA -3'
       rG4seq-K ----------------------------------------------------------**----------",EML2|ENSG00000125746.16_6,ENST00000245925.7_1;ENST00000536630.5_2;ENST00000586195.5_1;ENST00000588308.5_1;ENST00000589876.5_5,3UTR
chr19,46112796,46112802,canonical/G3L1-7,111,-,chr19:46112797-46112819:-,False,"            5'- GGGGGTTATGGGGGCGGGAGGGTAGACTGACA -3'
       rG4seq-K -----------------**-***---------",EML2|ENSG00000125746.16_6,ENST00000245925.7_1;ENST00000536630.5_2;ENST00000586195.5_1;ENST00000588308.5_1;ENST00000589876.5_5,3UTR
chr19,46116907,46116908,two-quartet,215,-,"chr19:46117862-46117863:-,chr19:46116908-46116929:-",True,"            5'- GGGATCTGGTCTGAGGGGGCGGACGGCACTGA -3'
       rG4seq-K ----------------------*---------",EML2|ENSG00000125746.16_6,ENST00000245925.7_1;ENST00000536630.5_2;ENST00000586195.5_1;ENST00000586405.1_1;ENST00000587152.5_2;ENST00000588308.5_1;ENST00000589876.5_5;ENST00000592433.5_1,3UTR;CDS
chr19,46124889,46124891,longloop,142,-,"chr19:46127976-46128014:-,chr19:46124890-46124895:-",True,"            5'- GGGGGACTCTGGGGGGAACCTCTATGTTTGGGGCAAAGGTGGGAACCGTATCA -3'
       rG4seq-K ------------------------------------------**---------",EML2|ENSG00000125746.16_6,ENST00000245925.7_1;ENST00000399594.7_1;ENST00000536630.5_2;ENST00000586195.5_1;ENST00000586902.5_1;ENST00000587152.5_2;ENST00000588000.5_1;ENST00000588272.1_3;ENST00000588308.5_1;ENST00000588496.5_1;ENST00000588610.5_1;ENST00000589876.5_5;ENST00000590575.5_2;ENST00000590580.5_1;ENST00000590819.5_1;ENST00000592853.5_1,3UTR;CDS
chr19,46214156,46214157,canonical/G3L1-7,41,-,chr19:46214157-46214178:-,False,"            5'- GGGGGGGCCCCGTGGGCAGGGACTTCGGATT -3'
       rG4seq-K ---------------------*---------",FBXO46|ENSG00000177051.5_3,ENST00000317683.3_1,3UTR
chr19,46219827,46219830,bulges,12,-,chr19:46219826-46219863:-,False,"            5'- GTGGAATTGGGAGATAATGGAGGAGGGTTGGGGGGAGTATAGGATTC -3'
       rG4seq-K ---------------------------------***-----------",AC007191.1|ENSG00000279407.1_6;FBXO46|ENSG00000177051.5_3,ENST00000317683.3_1;ENST00000586899.1_3;ENST00000623179.1_1,non_coding
chr19,46268225,46268227,canonical/G3L1-7,60,-,chr19:46268226-46268257:-,False,"            5'- GGGGGGTGGGGCAGCTGTGGGGAGACGGGGGTCTTCCTTCA -3'
       rG4seq-K ------------------------------**---------",SIX5|ENSG00000177045.8_4,ENST00000317578.6_2;ENST00000560160.1_3;ENST00000622857.1_1;ENST00000643139.1_1,3UTR
chr19,46268235,46268236,canonical/G3L1-7,18,-,chr19:46268236-46268262:-,False,"            5'- GGGGCGGGGGGTGGGGCAGCTGTGGGGAGACGGGGG -3'
       rG4seq-K --------------------------*---------",SIX5|ENSG00000177045.8_4,ENST00000317578.6_2;ENST00000560160.1_3;ENST00000622857.1_1;ENST00000643139.1_1,3UTR
chr19,46272298,46272302,potential G-quadruplex & G>=40%,43,-,chr19:46272298-46272358:-,False,"            5'- AAAGCGCGGCCAGAGGCGGAGGGAAAACAAAGGGAGAATCACAGACAGACGGGAGGGGGACGGACACACA -3'
       rG4seq-K --------------------------------------------------------****----------",SIX5|ENSG00000177045.8_4,ENST00000317578.6_2;ENST00000622857.1_1,5UTR
chr19,46318757,46318759,canonical/G3L1-7,21,-,chr19:46318758-46318780:-,False,"            5'- GGGGCTGGGGGACGGGGCGGGGCTTGACCTGC -3'
       rG4seq-K ---------------------**---------",SYMPK|ENSG00000125755.18_3,ENST00000245934.11_1;ENST00000593504.5_1;ENST00000598155.5_1;ENST00000598364.1_1;ENST00000600237.5_1,3UTR
chr19,47285779,47285780,bulges,500,-,"chr19:47287353-47287360:-,chr19:47285781-47285806:-",True,"            5'- GGTGAAGGTGCCCGTGGGGCAGGAGGTGGAGGGGATGAACAT -3'
       rG4seq-K ---------------------------------*--------",SLC1A5|ENSG00000105281.12_3,ENST00000412532.6_1;ENST00000434726.6_2;ENST00000542575.6_2;ENST00000593713.1_1;ENST00000594991.5_2;ENST00000598022.1_3,5UTR;CDS
chr19,47290991,47290995,canonical/G3L1-7,98,-,chr19:47290992-47291019:-,False,"            5'- GGGACTGGGGGTGTCGGGGGCCGGGGGTGCGCTGGCG -3'
       rG4seq-K ------------------------****---------",SLC1A5|ENSG00000105281.12_3,ENST00000542575.6_2,CDS
chr19,47354028,47354029,canonical/G3L1-7,236,-,chr19:47354030-47354059:-,False,"            5'- GGGACCGGGGCCGCTGGGGTCTGGACGGGGGTCGCCATG -3'
       rG4seq-K ------------------------------*--------",AP2S1|ENSG00000042753.11_2,ENST00000263270.10_1;ENST00000352203.8_1;ENST00000593442.5_1;ENST00000597421.1_1,5UTR
chr19,47724213,47724214,longloop,89,-,chr19:47724214-47724239:-,False,"            5'- GGGAGGAGTCTGGGAGTGGGGAGGGATGGCCCAGC -3'
       rG4seq-K -------------------------*---------",BBC3|ENSG00000105327.17_3,ENST00000300880.11_1;ENST00000341983.8_1;ENST00000439096.2_1;ENST00000449228.5_1;ENST00000601438.2_1,3UTR
chr19,47724217,47724219,bulges,37,-,chr19:47724219-47724239:-,False,"            5'- GGGAGGAGTCTGGGAGTGGGGAGGGATGGC -3'
       rG4seq-K --------------------**--------",BBC3|ENSG00000105327.17_3,ENST00000300880.11_1;ENST00000341983.8_1;ENST00000439096.2_1;ENST00000449228.5_1;ENST00000601438.2_1,3UTR
chr19,48618760,48618763,bulges,56,-,chr19:48618763-48618789:-,False,"            5'- GGAGGGGTGTGTGTGTGAGGGGGTGGCTTACTCCGG -3'
       rG4seq-K --------------------------*-*-------",LIG1|ENSG00000105486.13_5,ENST00000263274.11_1;ENST00000427526.6_1;ENST00000536218.5_1;ENST00000594067.5_1;ENST00000594759.5_1;ENST00000597146.1_1;ENST00000599322.5_1;ENST00000601091.5_1;ENST00000613670.4_1,3UTR
chr19,48885924,48885927,longloop,227,-,chr19:48885925-48885957:-,False,"            5'- GGGGGGCCCGGGGCTCAAGTGCGGGAAGGGGGCTGGCCCGAG -3'
       rG4seq-K ------------------------------***---------",KDELR1|ENSG00000105438.8_2,ENST00000330720.6_1;ENST00000597017.5_1,3UTR
chr19,49149209,49149210,two-quartet,139,-,chr19:49149210-49149226:-,False,"            5'- GGAGAGGAGGTGTGGGTTAGGAACCA -3'
       rG4seq-K ----------------*---------",CA11|ENSG00000063180.8_2,ENST00000084798.8_1,5UTR
chr19,49149283,49149284,bulges,64,-,chr19:49149282-49149317:-,False,"            5'- GGAGCTGGAAAGGAGAGAGGGAGGAGGAGGAGGAGATGCGGGATG -3'
       rG4seq-K ---------------------------------*-----------",CA11|ENSG00000063180.8_2,ENST00000084798.8_1,5UTR
chr19,49149347,49149348,bulges,11,-,chr19:49149346-49149362:-,False,"            5'- GGGAGGGCGGGAGGAGGTGAAGAAGG -3'
       rG4seq-K --------------*-----------",CA11|ENSG00000063180.8_2,ENST00000084798.8_1,5UTR
chr19,49149453,49149454,longloop,20,-,chr19:49149454-49149483:-,False,"            5'- GGGAGAGGAGAGAGGGAGGGGGAGGAGGGAGGAAGGGAC -3'
       rG4seq-K -----------------------------*---------",CA11|ENSG00000063180.8_2,ENST00000084798.8_1,5UTR
chr19,49302953,49302955,canonical/G3L1-7,35,-,chr19:49302953-49302971:-,False,"            5'- GGGCCTGGGTGGGCGGGGTCGGCAACTA -3'
       rG4seq-K ----------------**----------",BCAT2|ENSG00000105552.14_4,ENST00000316273.10_2;ENST00000402551.5_2;ENST00000545387.6_1;ENST00000593515.5_2;ENST00000595376.1_1;ENST00000597011.5_2;ENST00000598162.5_1;ENST00000599246.5_1,CDS
chr19,49863202,49863204,longloop,22,-,chr19:49863204-49863240:-,False,"            5'- GGGGGCTGGGGGTGACGGGGGCCCGGATGCAGAGGGGGTGTGGAGC -3'
       rG4seq-K ------------------------------------**--------",TEAD2|ENSG00000074219.13_4,ENST00000311227.6_1;ENST00000377214.8_2;ENST00000539846.5_1;ENST00000593945.5_3;ENST00000596757.1_2;ENST00000598810.5_3;ENST00000601519.5_2,CDS
chr19,50368610,50368613,canonical/G3L1-7,30,-,chr19:50368610-50368639:-,False,"            5'- GGGGTTGGAGGGCTCTCTGGGGGTGGGGGACACACTGTA -3'
       rG4seq-K --------------------------***----------",PNKP|ENSG00000039650.11_4,ENST00000322344.7_1;ENST00000593946.5_1;ENST00000594661.5_1;ENST00000596014.5_1;ENST00000596726.3_1;ENST00000598020.3_1;ENST00000599543.3_1;ENST00000600573.5_1;ENST00000600910.5_1;ENST00000625299.1_1;ENST00000627232.2_1;ENST00000627317.1_1;ENST00000629179.1_1;ENST00000631020.2_1;ENST00000636214.1_1;ENST00000637897.1_2,3UTR;CDS
chr19,50372330,50372333,longloop,20,-,chr19:50372331-50372360:-,False,"            5'- GGGGTTGGGGGATCGGCAGTTGGGAGGGGCGCTCTGAGA -3'
       rG4seq-K ---------------------------***---------",AKT1S1|ENSG00000204673.10_4;PNKP|ENSG00000039650.11_4,ENST00000344175.9_2;ENST00000391831.5_2;ENST00000391832.7_2;ENST00000391833.5_2;ENST00000391834.6_2;ENST00000391835.1_2;ENST00000629179.1_1,3UTR;non_coding
chr19,50372349,50372351,bulges,9,-,chr19:50372349-50372385:-,False,"            5'- GGCCCTGGTGTGGGGGAGAGAGTGAGGGGTTGGGGGATCGGCAGTT -3'
       rG4seq-K ----------------------------------**----------",AKT1S1|ENSG00000204673.10_4;PNKP|ENSG00000039650.11_4,ENST00000344175.9_2;ENST00000391831.5_2;ENST00000391832.7_2;ENST00000391833.5_2;ENST00000391834.6_2;ENST00000391835.1_2;ENST00000629179.1_1,3UTR;non_coding
chr19,51869638,51869640,canonical/G3L1-7,62,-,chr19:51869638-51869665:-,False,"            5'- GGGGCGCGGGGGGCGGGGGTGGTGGGGCTTCTGGACT -3'
       rG4seq-K -------------------------**----------",AC008750.8|ENSG00000269403.1_6;ETFB|ENSG00000105379.9_3,ENST00000309244.8_1;ENST00000600067.1_1,5UTR;non_coding
chr19,54618816,54618818,canonical/G3L1-7,23,-,chr19:54618817-54618844:-,False,"            5'- GGGATTCGGGGTGGACGTGGGGGTGGGCCGAAGCGAA -3'
       rG4seq-K --------------------------**---------",TFPT|ENSG00000105619.13_4,ENST00000391759.5_2,5UTR
chr19,54677359,54677360,bulges,76,-,chr19:54677359-54677381:-,False,"            5'- GGGGGCAGGTCCTGGGAGTGGGAAGCCTCTTC -3'
       rG4seq-K ---------------------*----------",MBOAT7|ENSG00000125505.16_4,ENST00000245615.5_2;ENST00000338624.10_2;ENST00000431666.6_2;ENST00000437868.5_1;ENST00000494142.1_1,3UTR
chr19,54972981,54972983,canonical/G3L1-7,21,-,chr19:54972982-54972997:-,False,"            5'- GGGAGGGAGGGAGGGCCAAAA -3'
       rG4seq-K --------------**-----",LENG9|ENSG00000275183.1_2,ENST00000611161.1_1,3UTR
chr19,55741372,55741374,longloop,40,-,chr19:55741373-55741405:-,False,"            5'- GGGTGGGGGTGCCAGAGGGTCCCGAGTGGGGGCCGTGCCTTT -3'
       rG4seq-K -------------------------------**---------",AC010327.5|ENSG00000276570.1_6;PPP6R1|ENSG00000105063.18_3,ENST00000412770.6_2;ENST00000586923.1_1;ENST00000587457.1_1,3UTR;non_coding
chr19,55743509,55743511,bulges,47,-,chr19:55743511-55743545:-,False,"            5'- GAGGAGGACGAGGAGGAGGAGGAAGACGAGGAGGGCATTGGCTG -3'
       rG4seq-K ----------------------------------**--------",PPP6R1|ENSG00000105063.18_3,ENST00000412770.6_2;ENST00000587283.5_2;ENST00000587457.1_1,CDS
chr19,55773631,55773632,canonical/G3L1-7,26,-,chr19:55773632-55773658:-,False,"            5'- GGGGCACGGGTTTAAGGGACTTGGGGAGCCACTGGA -3'
       rG4seq-K --------------------------*---------",HSPBP1|ENSG00000133265.10_3,ENST00000255631.9_1,3UTR
chr19,55773653,55773654,canonical/G3L1-7,14,-,chr19:55773654-55773680:-,False,"            5'- GGGTGCATGGGGGACGGGAGGAGGGGCACGGGTTTA -3'
       rG4seq-K --------------------------*---------",HSPBP1|ENSG00000133265.10_3,ENST00000255631.9_1,3UTR
chr19,55876993,55876994,canonical/G3L1-7,289,-,chr19:55876994-55877022:-,False,"            5'- GGGGACGGAGGGGAAAGGGAAGCCTGGGTTTTTGTACA -3'
       rG4seq-K ----------------------------*---------",IL11|ENSG00000095752.6_4,ENST00000264563.6_1;ENST00000585513.1_1;ENST00000590625.5_1,3UTR
chr19,55877002,55877004,canonical/G3L1-7,209,-,chr19:55877003-55877027:-,False,"            5'- GGGGTGGGGACGGAGGGGAAAGGGAAGCCTGGGT -3'
       rG4seq-K -----------------------**---------",IL11|ENSG00000095752.6_4,ENST00000264563.6_1;ENST00000585513.1_1;ENST00000590625.5_1,3UTR
chr19,55877009,55877011,two-quartet,118,-,chr19:55877009-55877027:-,False,"            5'- GGGGTGGGGACGGAGGGGAAAGGGAAGC -3'
       rG4seq-K ----------------**----------",IL11|ENSG00000095752.6_4,ENST00000264563.6_1;ENST00000585513.1_1;ENST00000590625.5_1,3UTR
chr19,55877140,55877141,bulges,70,-,chr19:55877141-55877168:-,False,"            5'- GGGTCCCCGAGGAGGAGGGGACTGGGGTCCCGGATTC -3'
       rG4seq-K ---------------------------*---------",IL11|ENSG00000095752.6_4,ENST00000264563.6_1;ENST00000585513.1_1;ENST00000590625.5_1,3UTR
chr19,55964408,55964411,canonical/G3L1-7,87,-,chr19:55964409-55964428:-,False,"            5'- GGGGCGGGAAGGGGAGGGGAAGAAGAGTC -3'
       rG4seq-K -----------------***---------",ISOC2|ENSG00000063241.7_3,ENST00000085068.7_2;ENST00000425675.6_2;ENST00000438389.6_1;ENST00000590921.1_1,3UTR
chr19,55964413,55964416,longloop,15,-,chr19:55964415-55964440:-,False,"            5'- GGGCCACTTCACGGGGCGGGAAGGGGAGGGGAAGA -3'
       rG4seq-K ------------------------***--------",ISOC2|ENSG00000063241.7_3,ENST00000085068.7_2;ENST00000425675.6_2;ENST00000438389.6_1;ENST00000590921.1_1,3UTR
chr19,59067352,59067356,longloop,209,-,chr19:59067353-59067384:-,False,"            5'- GGGTAGGGGTTTGGGGGGCGGCCGGTGGGGGAATCCCCTGC -3'
       rG4seq-K ----------------------------****---------",UBE2M|ENSG00000130725.7_2,ENST00000253023.7_1,3UTR
chr19,59069790,59069792,canonical/G3L1-7,60,-,chr19:59069791-59069821:-,False,"            5'- GGGCGGCGGCGGGGGGCCGGGTGGCCGGGGTCCCGGGCCC -3'
       rG4seq-K -----------------------------**---------",UBE2M|ENSG00000130725.7_2,ENST00000253023.7_1;ENST00000595957.5_1,5UTR
chr2,3609127,3609128,bulges,58,+,chr2:3609106-3609130:+,False,"            5'- GGGGTGGGGGTCGAGGGGAGGCAGAGCAGTAGGA -3'
       rG4seq-K ---------------------*------------",RNASEH1-AS1|ENSG00000234171.2_5,ENST00000426725.1_1;ENST00000438436.2_1,non_coding
chr2,3623126,3623127,canonical/G3L1-7,11,+,chr2:3623096-3623126:+,False,"            5'- GGGCCTGGCCGGGGGGTGCGGGCGGGAGGGCGAGCCAGCG -3'
       rG4seq-K ------------------------------*---------",RPS7|ENSG00000171863.14_4,ENST00000304921.10_2;ENST00000403564.5_1;ENST00000406376.1_1;ENST00000407445.8_2;ENST00000462576.5_2;ENST00000481006.1_1;ENST00000491937.6_2;ENST00000645674.2_2;ENST00000646909.1_1;ENST00000647131.1_1,5UTR
chr2,3628135,3628137,bulges,8,+,chr2:3628118-3628136:+,False,"            5'- GGGGTGGGTGGTGATGGGATCAGTGTCT -3'
       rG4seq-K -----------------**---------",RPS7|ENSG00000171863.14_4,ENST00000304921.10_2;ENST00000403564.5_1;ENST00000406376.1_1;ENST00000462576.5_2;ENST00000472966.1_1;ENST00000481006.1_1;ENST00000645540.1_1;ENST00000645674.2_2;ENST00000646909.1_1;ENST00000647131.1_1,non_coding
chr2,10567353,10567355,longloop,168,+,chr2:10567324-10567354:+,False,"            5'- GGGAAGGGTGGGGACGAGGCGTCGGGAGGGTATACAGGGA -3'
       rG4seq-K -----------------------------**---------",HPCAL1|ENSG00000115756.12_3,ENST00000307845.7_1;ENST00000381765.7_1;ENST00000419810.6_1;ENST00000613496.4_1;ENST00000620771.4_1;ENST00000622018.4_1,3UTR
chr2,15732050,15732053,bulges,218,+,chr2:15732017-15732054:+,False,"            5'- GAGGGAGCGAGCAGGCGAAGCCGCGGAGGACGGGGTGAAGATGGCGG -3'
       rG4seq-K ---------------------------------***-----------",DDX1|ENSG00000079785.14_3,ENST00000233084.7_1;ENST00000381341.6_1;ENST00000434671.1_3;ENST00000617198.4_1,5UTR
chr2,20648287,20648290,canonical/G3L1-7,150,+,chr2:20648259-20648289:+,False,"            5'- GGGTACTGCGGGAGGGGAGGGCTGCTGGGGAGGATGGGGG -3'
       rG4seq-K ----------------------------***---------",RHOB|ENSG00000143878.9_2,ENST00000272233.5_1,3UTR
chr2,20648297,20648301,canonical/G3L1-7,347,+,chr2:20648268-20648299:+,False,"            5'- GGGAGGGGAGGGCTGCTGGGGAGGATGGGGGGATGTTATAT -3'
       rG4seq-K -----------------------------****--------",RHOB|ENSG00000143878.9_2,ENST00000272233.5_1,3UTR
chr2,20648563,20648564,bulges,502,+,chr2:20648537-20648563:+,False,"            5'- GGGAGGAGGGAGGATGCGCTGTGGGGTTGTTTTTGC -3'
       rG4seq-K --------------------------*---------",RHOB|ENSG00000143878.9_2,ENST00000272233.5_1,3UTR
chr2,25043047,25043048,longloop,8,+,chr2:25043021-25043049:+,False,"            5'- GGGAGCCTAGACTGAGGGCGGGTGGGGGCTTTGGGTGG -3'
       rG4seq-K --------------------------*-----------",CENPO|ENSG00000138092.10_3,ENST00000260662.2_2;ENST00000380834.6_2;ENST00000473706.5_2,3UTR
chr2,25043525,25043526,canonical/G3L1-7,30,+,chr2:25043495-25043525:+,False,"            5'- GGGCCAGGGTGGGAGGCAGGGGCACGTGGGAAAGCACTGT -3'
       rG4seq-K ------------------------------*---------",CENPO|ENSG00000138092.10_3,ENST00000260662.2_2;ENST00000380834.6_2;ENST00000473706.5_2,3UTR
chr2,27003829,27003831,bulges,32,+,chr2:27003814-27003830:+,False,"            5'- GTGGGGGGAGGGAGGGTCCATTCCAC -3'
       rG4seq-K ---------------**---------",CENPA|ENSG00000115163.14_3;SLC35F6|ENSG00000213699.8_3,ENST00000344420.9_1;ENST00000414029.1_1;ENST00000429494.5_1;ENST00000475662.5_1,3UTR;non_coding
chr2,27255917,27255918,bulges,35,+,chr2:27255885-27255920:+,False,"            5'- GGCGACCAAGACGGCGGGCGTGGGGCGGTGGGAGGTAGTGAAGAA -3'
       rG4seq-K --------------------------------*------------",TMEM214|ENSG00000119777.19_4,ENST00000238788.13_1;ENST00000321326.11_1;ENST00000404032.7_1;ENST00000435172.6_3;ENST00000495312.1_1,CDS
chr2,27274642,27274643,bulges,38,+,chr2:27274615-27274642:+,False,"            5'- GGCCTCGCTAGCGGGAGAGGGAGCGGGATCACCGGCC -3'
       rG4seq-K ---------------------------*---------",AGBL5|ENSG00000084693.15_3,ENST00000323064.12_1;ENST00000360131.4_1;ENST00000421915.5_1;ENST00000451003.5_1;ENST00000453161.5_1;ENST00000477136.5_1;ENST00000487078.5_1;ENST00000489683.5_1,5UTR
chr2,27665036,27665037,two-quartet,97,+,chr2:27665020-27665037:+,False,"            5'- GGGGCGGCCGGGGCGGGAGAGAAAGGT -3'
       rG4seq-K ----------------*----------",NRBP1|ENSG00000115216.13_3,ENST00000233557.7_2;ENST00000379852.7_2;ENST00000379863.7_3;ENST00000460499.5_1,3UTR
chr2,27852017,27852019,bulges,98,+,chr2:27851990-27852018:+,False,"            5'- GTTGGTGTTGGGAATGGCGGGATCCGGGAAAACCACTT -3'
       rG4seq-K ---------------------------**---------",AC074091.1|ENSG00000259080.1_6;GPN1|ENSG00000198522.13_4,ENST00000264718.7_2;ENST00000407583.7_1;ENST00000424214.5_1;ENST00000436280.5_1;ENST00000458167.6_1;ENST00000478484.5_1;ENST00000481754.1_1;ENST00000503738.5_1;ENST00000505973.1_1;ENST00000515877.5_1;ENST00000610189.1_2;ENST00000616939.4_2,CDS;non_coding
chr2,27994600,27994603,potential G-quadruplex & G>=40%,88,+,chr2:27994543-27994603:+,False,"            5'- TGCCGGATGTCCTCTTCCAGAACCGGGCCGTGCCCCGGAAGCAGTTGTTGTTGGTTGGGGGCCTTTTGGC -3'
       rG4seq-K ---------------------------------------------------------*-*----------",MRPL33|ENSG00000243147.7_3,ENST00000296102.7_1;ENST00000379666.7_1,5UTR
chr2,28639205,28639208,canonical/G3L1-7,37,+,chr2:28639186-28639208:+,False,"            5'- GGGTTATGGGAAAGGGAGGGGGAGAAGAAATT -3'
       rG4seq-K -------------------***----------",FOSL2|ENSG00000075426.11_3,ENST00000264716.8_1;ENST00000379619.5_1,3UTR
chr2,32694612,32694613,two-quartet,20,+,chr2:32694593-32694613:+,False,"            5'- GGTGGTGAAAGGTGGTGGGGTCAATTTCTT -3'
       rG4seq-K -------------------*----------",BIRC6|ENSG00000115760.14_4,ENST00000421745.6_1;ENST00000648282.1_1,CDS
chr2,36776156,36776162,canonical/G3L1-7,42,+,chr2:36776142-36776161:+,False,"            5'- GGGGAAATGGGTGGGAGGGTGGTGTTGGG -3'
       rG4seq-K --------------**-***---------",CRIM1|ENSG00000150938.9_2,ENST00000280527.6_1,3UTR
chr2,36776164,36776165,bulges,105,+,chr2:36776142-36776166:+,False,"            5'- GGGGAAATGGGTGGGAGGGTGGTGTTGGGAAGAA -3'
       rG4seq-K ----------------------*-----------",CRIM1|ENSG00000150938.9_2,ENST00000280527.6_1,3UTR
chr2,36776170,36776172,canonical/G3L1-7,272,+,chr2:36776142-36776171:+,False,"            5'- GGGGAAATGGGTGGGAGGGTGGTGTTGGGAAGAAAAATT -3'
       rG4seq-K ----------------------------**---------",CRIM1|ENSG00000150938.9_2,ENST00000280527.6_1,3UTR
chr2,42285480,42285481,bulges,16,+,chr2:42285456-42285481:+,False,"            5'- GCCAGGACCTGGGGCGGGGGTGGGGCCGGGGCCTT -3'
       rG4seq-K ------------------------*----------",PKDCC|ENSG00000162878.12_2,ENST00000294964.5_1;ENST00000490302.1_1,3UTR
chr2,42285486,42285488,canonical/G3L1-7,76,+,chr2:42285466-42285487:+,False,"            5'- GGGGCGGGGGTGGGGCCGGGGCCTTTCTGCC -3'
       rG4seq-K --------------------**---------",PKDCC|ENSG00000162878.12_2,ENST00000294964.5_1;ENST00000490302.1_1,3UTR
chr2,42795883,42795884,bulges,22,+,chr2:42795848-42795883:+,False,"            5'- GGGGCTCGGCTCGGGCTCCGCGGGCGGGCGGGCGGACATGGCGGC -3'
       rG4seq-K -----------------------------------*---------",MTA3|ENSG00000057935.13_3,ENST00000405592.5_1;ENST00000406652.5_1;ENST00000406911.5_2;ENST00000407270.7_2;ENST00000409019.5_1;ENST00000430763.5_1;ENST00000454356.5_1;ENST00000461256.5_1;ENST00000484780.5_1,5UTR
chr2,46413729,46413730,canonical/G3L1-7,18,+,chr2:46413706-46413730:+,False,"            5'- GGGGGATGGGGGGGTGTGTTGGGGATTCTTTGTA -3'
       rG4seq-K -----------------------*----------",PRKCE|ENSG00000171132.13_2,ENST00000306156.7_1,3UTR
chr2,46612893,46612895,bulges,27,+,chr2:46612865-46612894:+,False,"            5'- GATGGCACGTTGTGGGGTCGGGGGGTGGGGCGGGGAAGT -3'
       rG4seq-K ----------------------------**---------",EPAS1|ENSG00000116016.13_2,ENST00000263734.4_1;ENST00000466465.5_1,3UTR
chr2,46612898,46612901,canonical/G3L1-7,111,+,chr2:46612878-46612900:+,False,"            5'- GGGGTCGGGGGGTGGGGCGGGGAAGTGCTCTA -3'
       rG4seq-K --------------------***---------",EPAS1|ENSG00000116016.13_2,ENST00000263734.4_1;ENST00000466465.5_1,3UTR
chr2,46809794,46809796,G>=40%,844,+,chr2:46809736-46809796:+,False,"            5'- ATTTAAACTTGCTGTTGCCCAAATTATAATTTTTTAAATGTCTTTGGTGGGCTTCTGTTAATTCACATGA -3'
       rG4seq-K ----------------------------------------------------------**----------",RHOQ|ENSG00000119729.11_3,ENST00000238738.8_1,3UTR
chr2,47301133,47301134,canonical/G3L1-7,20,+,chr2:47301112-47301134:+,False,"            5'- GGGAACGTGGGTCAGGGTGGGGCAACAGTGGC -3'
       rG4seq-K ---------------------*----------",TTC7A|ENSG00000068724.15_3,ENST00000319190.9_1;ENST00000394850.6_1;ENST00000409245.5_1;ENST00000409825.5_1;ENST00000484061.5_1;ENST00000491786.5_1,3UTR
chr2,47630267,47630269,canonical/G3L1-7,30,+,chr2:47630244-47630268:+,False,"            5'- GGGGGACGTGGGAGGGGAGGCGGGAAACAGCTTA -3'
       rG4seq-K -----------------------**---------",MSH2|ENSG00000095002.14_4,ENST00000233146.6_1;ENST00000454849.5_1;ENST00000543555.5_1;ENST00000644092.1_1;ENST00000645339.1_1;ENST00000645506.1_1;ENST00000646415.1_1,5UTR
chr2,54014367,54014368,bulges,50,+,chr2:54014334-54014369:+,False,"            5'- GCGGCGGCGGAGGATGGAGGAAGGAGGCGGCGGCGTACGGAGTCT -3'
       rG4seq-K ---------------------------------*-----------",ERLEC1|ENSG00000068912.13_3,ENST00000185150.8_3;ENST00000378239.5_3;ENST00000405123.7_1;ENST00000494373.1_1,5UTR;CDS
chr2,54895915,54895916,potential G-triplex & G>=40%,179,+,chr2:54895856-54895916:+,False,"            5'- GTGGGGGAAACACACCTAAACACTTTATCTCCAAGTTACAAAAGTTTGAGGTGCAGAGGGAAGGCCAGAT -3'
       rG4seq-K -----------------------------------------------------------*----------",SPTBN1|ENSG00000115306.15_4,ENST00000356805.8_2;ENST00000467371.1_1;ENST00000615901.4_2,3UTR
chr2,55746977,55746978,two-quartet,96,+,chr2:55746960-55746977:+,False,"            5'- GGTGGAGTGGGTAGTGGAGAGCATCGC -3'
       rG4seq-K -----------------*---------",CFAP36|ENSG00000163001.11_3,ENST00000339012.7_1;ENST00000349456.8_2;ENST00000403007.4_2;ENST00000406691.7_2;ENST00000407816.7_2,CDS
chr2,64068200,64068204,longloop,54,+,chr2:64068172-64068203:+,False,"            5'- GGGAGCCGGCTGACGGGTGGACAAGGGGGGGTTAGCAGCTG -3'
       rG4seq-K ----------------------------****---------",UGP2|ENSG00000169764.15_5,ENST00000394417.6_3;ENST00000466642.5_2;ENST00000467400.5_2;ENST00000467648.6_3;ENST00000480679.5_4;ENST00000482668.5_2;ENST00000483108.5_2;ENST00000483461.1_1;ENST00000484142.1_1;ENST00000487469.5_1;ENST00000493222.5_2;ENST00000497510.5_2,5UTR
chr2,64068233,64068236,bulges,87,+,chr2:64068200-64068235:+,False,"            5'- GGGTTAGCAGCTGGGCTGCGACCGTTAGGGAGGGGCTCAAGGTGT -3'
       rG4seq-K ---------------------------------*-*---------",UGP2|ENSG00000169764.15_5,ENST00000394417.6_3;ENST00000466642.5_2;ENST00000467400.5_2;ENST00000467648.6_3;ENST00000480679.5_4;ENST00000482668.5_2;ENST00000483108.5_2;ENST00000483461.1_1;ENST00000484142.1_1;ENST00000487469.5_1;ENST00000493222.5_2;ENST00000497510.5_2,5UTR
chr2,64069715,64069716,canonical/G3L1-7,16,+,chr2:64069694-64069715:+,False,"            5'- GGGAAGGGCTGGGGAAGCGGGAGGACTGAGA -3'
       rG4seq-K ---------------------*---------",UGP2|ENSG00000169764.15_5,ENST00000337130.9_2;ENST00000394417.6_3;ENST00000445915.6_1;ENST00000466642.5_2;ENST00000467400.5_2;ENST00000467648.6_3;ENST00000467999.6_1;ENST00000475462.5_2;ENST00000475550.5_1;ENST00000480679.5_4;ENST00000482668.5_2;ENST00000483108.5_2;ENST00000483461.1_1;ENST00000484056.6_1;ENST00000484142.1_1;ENST00000487042.5_2;ENST00000487469.5_1;ENST00000487640.5_2;ENST00000488245.6_2;ENST00000493222.5_2;ENST00000496334.6_1;ENST00000497510.5_2;ENST00000497883.5_1;ENST00000626380.2_2;ENST00000627474.2_2;ENST00000640075.1_1,5UTR;CDS
chr2,65496291,65496292,two-quartet,102,+,chr2:65496266-65496290:+,False,"            5'- GGGATGGGGGGTGGTTCGGGATGGGTGGGCAGCT -3'
       rG4seq-K -------------------------*--------",ACTR2|ENSG00000138071.13_4,ENST00000260641.9_2;ENST00000377982.8_2,3UTR
chr2,65496294,65496296,canonical/G3L1-7,290,+,chr2:65496266-65496295:+,False,"            5'- GGGATGGGGGGTGGTTCGGGATGGGTGGGCAGCTGCTGA -3'
       rG4seq-K ----------------------------**---------",ACTR2|ENSG00000138071.13_4,ENST00000260641.9_2;ENST00000377982.8_2,3UTR
chr2,65496448,65496451,bulges,99,+,chr2:65496427-65496449:+,False,"            5'- GGGTGGGTTTTGTTGCGGGGGGGAGGGTAACA -3'
       rG4seq-K ---------------------***--------",ACTR2|ENSG00000138071.13_4,ENST00000260641.9_2;ENST00000377982.8_2,3UTR
chr2,65496453,65496455,longloop,420,+,chr2:65496431-65496454:+,False,"            5'- GGGTTTTGTTGCGGGGGGGAGGGTAACAATGGG -3'
       rG4seq-K ----------------------**---------",ACTR2|ENSG00000138071.13_4,ENST00000260641.9_2;ENST00000377982.8_2,3UTR
chr2,65496464,65496465,canonical/G3L1-7,634,+,chr2:65496443-65496464:+,False,"            5'- GGGGGGGAGGGTAACAATGGGTGGTCTTCTG -3'
       rG4seq-K ---------------------*---------",ACTR2|ENSG00000138071.13_4,ENST00000260641.9_2;ENST00000377982.8_2,3UTR
chr2,69240736,69240739,canonical/G3L1-7,149,+,chr2:69240709-69240738:+,False,"            5'- GGGCAAGGGGGACGCAGGGAGGATGGGGGTCCAGCCTGC -3'
       rG4seq-K ---------------------------***---------",ANTXR1|ENSG00000169604.19_3,ENST00000303714.8_1;ENST00000409349.7_1;ENST00000409829.7_1;ENST00000463335.1_1,CDS
chr2,70167611,70167612,longloop,16,+,chr2:70167586-70167611:+,False,"            5'- GGGCTTGCACTGGGGGAGGGAAGGGAACAAAATTT -3'
       rG4seq-K -------------------------*---------",MXD1|ENSG00000059728.10_3,ENST00000264444.6_1;ENST00000465446.1_1;ENST00000540449.5_1,3UTR
chr2,70169481,70169482,bulges,10,+,chr2:70169454-70169483:+,False,"            5'- GGGTTAGAGGGTGGGGTGTGCAATAGGTGATTTATCATG -3'
       rG4seq-K ---------------------------*-----------",MXD1|ENSG00000059728.10_3,ENST00000264444.6_1;ENST00000465446.1_1;ENST00000540449.5_1,3UTR
chr2,71297632,71297635,two-quartet,120,+,"chr2:71295446-71295466:+,chr2:71297631-71297637:+",True,"            5'- GGGCGTTTACAGGCAGGCAGGGGAGGCACACGATCC -3'
       rG4seq-K ---------------------***------------",NAGK|ENSG00000124357.12_3,ENST00000244204.10_2;ENST00000418807.7_3;ENST00000428360.2_1;ENST00000443872.6_2;ENST00000443938.6_2;ENST00000450272.5_1;ENST00000455197.5_1;ENST00000455662.6_1;ENST00000464638.5_1;ENST00000465105.5_2;ENST00000472519.5_2;ENST00000475709.5_1;ENST00000480411.5_2;ENST00000484984.1_2;ENST00000489309.5_1;ENST00000493102.5_2;ENST00000497690.1_1;ENST00000531799.1_1;ENST00000531934.5_1;ENST00000533981.5_2;ENST00000613852.4_1,5UTR;CDS
chr2,71622511,71622513,bulges,14,+,chr2:71622478-71622512:+,False,"            5'- GGGGGAGATGTAGGAGATCAGTCAGGGTGGTGGGAAAAGTTATA -3'
       rG4seq-K ---------------------------------**---------",ZNF638|ENSG00000075292.18_3,ENST00000264447.8_1;ENST00000409544.5_1;ENST00000410075.5_1;ENST00000491843.2_1,3UTR
chr2,74683304,74683305,two-quartet,84,+,chr2:74683273-74683304:+,False,"            5'- GGAGGGTTAGGGGGTCAGGAGGAAGAGGAGGAACAGAGGTG -3'
       rG4seq-K -------------------------------*---------",INO80B-WBP1|ENSG00000274049.4_3;INO80B|ENSG00000115274.14_3,ENST00000233331.11_1;ENST00000409493.3_1;ENST00000409917.5_1;ENST00000431187.5_1;ENST00000441673.2_1;ENST00000452361.5_1;ENST00000455562.1_1;ENST00000469849.1_1;ENST00000471577.5_1;ENST00000473618.5_1;ENST00000494986.5_1,3UTR;CDS
chr2,74757511,74757514,two-quartet,25,+,chr2:74757497-74757513:+,False,"            5'- GGGGCGGGGGTCGGGGTCCTCCGGCC -3'
       rG4seq-K --------------***---------",HTRA2|ENSG00000115317.11_2,ENST00000258080.7_1;ENST00000352222.7_1;ENST00000437202.1_2;ENST00000462909.5_1;ENST00000467961.5_1;ENST00000484352.5_1;ENST00000484881.5_1,CDS
chr2,75113720,75113722,two-quartet,148,+,chr2:75113701-75113721:+,False,"            5'- GGAATGGGGGGCCTTCGGGGACAATGGATG -3'
       rG4seq-K -------------------**---------",HK2|ENSG00000159399.9_3,ENST00000290573.6_1;ENST00000409174.1_1,CDS
chr2,75118562,75118564,bulges,104,+,chr2:75118546-75118566:+,False,"            5'- GTGGGGAGGGTGGAGGGGTGACAGTGGAGG -3'
       rG4seq-K ----------------**------------",HK2|ENSG00000159399.9_3,ENST00000290573.6_1;ENST00000409174.1_1,3UTR
chr2,85281813,85281814,canonical/G3L1-7,24,+,chr2:85281785-85281813:+,False,"            5'- GGGACAGCGGGTTTGGGGGTTGGGAGGGCAGTTTTTGG -3'
       rG4seq-K ----------------------------*---------",KCMF1|ENSG00000176407.17_3,ENST00000409785.8_1,3UTR
chr2,85770499,85770501,two-quartet,442,+,chr2:85770480-85770500:+,False,"            5'- GGTAGGGTGTGGGCGGCGGGACCTTGGTAA -3'
       rG4seq-K -------------------**---------",MAT2A|ENSG00000168906.12_2,ENST00000306434.7_1;ENST00000409017.1_1,3UTR
chr2,85804704,85804705,potential G-quadruplex & G>=40%,138,+,chr2:85804645-85804705:+,False,"            5'- CGAGATGCGAGGTGGGCGGGGGCAGGCTGAAAGTTGGAGCAAGCAGGAAGTGAACTGAGGGCCACCCTGG -3'
       rG4seq-K -----------------------------------------------------------*----------",VAMP8|ENSG00000118640.10_2,ENST00000263864.9_1;ENST00000432071.1_1,5UTR
chr2,86333446,86333447,bulges,72,+,chr2:86333418-86333447:+,False,"            5'- GGCCAGCCGCTGACGGGTCGGCGGGCGGGTTTGTGTGAA -3'
       rG4seq-K ----------------------------*----------",PTCD3|ENSG00000132300.18_2,ENST00000254630.11_2;ENST00000409326.6_1;ENST00000409783.6_2;ENST00000418628.5_1;ENST00000465560.5_1;ENST00000473829.1_1;ENST00000488801.5_1;ENST00000627371.1_2,CDS
chr2,86366978,86366980,bulges,28,+,chr2:86366951-86366979:+,False,"            5'- GGACTCATGGAATGGGAAGGGGAAGGGGAGTCTTACTA -3'
       rG4seq-K ---------------------------**---------",PTCD3|ENSG00000132300.18_2,ENST00000254630.11_2,3UTR
chr2,87004511,87004512,longloop,44,+,chr2:87004483-87004511:+,False,"            5'- GGGAATGAATGTGTTGGGGCTGGGAGGGAAGCAGAAGA -3'
       rG4seq-K ----------------------------*---------",RMND5A|ENSG00000153561.12_2,ENST00000283632.4_1,3UTR
chr2,89049716,89049717,two-quartet,14,+,chr2:89049692-89049719:+,False,"            5'- GGACAACTTGTGGTGGGGGGTGGGGGGAAGAGTGGGA -3'
       rG4seq-K ------------------------*------------",RPIA|ENSG00000153574.8_2,ENST00000283646.4_1,3UTR
chr2,89049731,89049735,canonical/G3L1-7,169,+,chr2:89049706-89049734:+,False,"            5'- GGGGGGTGGGGGGAAGAGTGGGAGGGGGAGTTAAATCC -3'
       rG4seq-K -------------------------****---------",RPIA|ENSG00000153574.8_2,ENST00000283646.4_1,3UTR
chr2,97039338,97039339,bulges,62,+,chr2:97039318-97039340:+,False,"            5'- GGAGAGGGGAGGGCAGAGGGGGTGAGGGTACT -3'
       rG4seq-K --------------------*-----------",NCAPH|ENSG00000121152.9_4,ENST00000240423.8_3;ENST00000427946.5_3;ENST00000435349.1_2;ENST00000455200.5_1,3UTR
chr2,97039344,97039347,canonical/G3L1-7,173,+,chr2:97039323-97039346:+,False,"            5'- GGGGAGGGCAGAGGGGGTGAGGGTACTATTCTG -3'
       rG4seq-K ---------------------***---------",NCAPH|ENSG00000121152.9_4,ENST00000240423.8_3;ENST00000427946.5_3;ENST00000455200.5_1,3UTR
chr2,97499489,97499490,bulges,33,+,chr2:97499474-97499492:+,False,"            5'- GGGTAGGGAGGGAGGAGGATTTCTGGAA -3'
       rG4seq-K ---------------*------------",CNNM3|ENSG00000168763.15_2,ENST00000305510.3_1;ENST00000377060.7_1,3UTR
chr2,97499492,97499493,bulges,46,+,chr2:97499474-97499492:+,False,"            5'- GGGTAGGGAGGGAGGAGGATTTCTGGAA -3'
       rG4seq-K ------------------*---------",CNNM3|ENSG00000168763.15_2,ENST00000305510.3_1;ENST00000377060.7_1,3UTR
chr2,99225149,99225151,bulges,58,+,chr2:99225122-99225150:+,False,"            5'- GGGTCGGCTGCTGGGAGGAGGTGGTGGGCTGGTTCGGA -3'
       rG4seq-K ---------------------------**---------",UNC50|ENSG00000115446.11_2,ENST00000357765.6_1;ENST00000409975.5_2,5UTR
chr2,99225165,99225167,two-quartet,88,+,chr2:99225138-99225166:+,False,"            5'- GGAGGTGGTGGGCTGGTTCGGACGTGGGTCGAGGCTGT -3'
       rG4seq-K ---------------------------**---------",UNC50|ENSG00000115446.11_2,ENST00000357765.6_1;ENST00000409975.5_2,5UTR
chr2,99813654,99813655,potential G-quadruplex & G>=40%,146,+,chr2:99813595-99813655:+,False,"            5'- TTCCTTTCTTTTCTATTTTAGATACCTGGAGGGGTGGGGAGAAGTAAGAATTGTAAGGGAGGTTCAGTAG -3'
       rG4seq-K -----------------------------------------------------------*----------",AC079447.1|ENSG00000241962.9_6;MRPL30|ENSG00000185414.19_3,ENST00000338148.7_1;ENST00000409841.1_1;ENST00000424491.5_1;ENST00000465432.1_1,3UTR;non_coding
chr2,99813657,99813658,potential G-quadruplex & G>=40%,171,+,chr2:99813598-99813658:+,False,"            5'- CTTTCTTTTCTATTTTAGATACCTGGAGGGGTGGGGAGAAGTAAGAATTGTAAGGGAGGTTCAGTAGTGG -3'
       rG4seq-K -----------------------------------------------------------*----------",AC079447.1|ENSG00000241962.9_6;MRPL30|ENSG00000185414.19_3,ENST00000338148.7_1;ENST00000409841.1_1;ENST00000424491.5_1;ENST00000465432.1_1,3UTR;non_coding
chr2,99813668,99813670,potential G-quadruplex & G>=40%,233,+,chr2:99813610-99813670:+,False,"            5'- TTTTAGATACCTGGAGGGGTGGGGAGAAGTAAGAATTGTAAGGGAGGTTCAGTAGTGGGGAATTCTGTGA -3'
       rG4seq-K ----------------------------------------------------------**----------",AC079447.1|ENSG00000241962.9_6;MRPL30|ENSG00000185414.19_3,ENST00000338148.7_1;ENST00000409841.1_1;ENST00000424491.5_1;ENST00000465432.1_1,3UTR;non_coding
chr2,99992920,99992922,two-quartet,168,+,chr2:99992906-99992921:+,False,"            5'- GGAGGAAGAGGAGGGAGAAAGTGAA -3'
       rG4seq-K --------------**---------",EIF5B|ENSG00000158417.10_3,ENST00000289371.10_1;ENST00000617677.1_2,CDS
chr2,101886677,101886678,two-quartet,101,+,chr2:101886661-101886677:+,False,"            5'- GGGTGGTGGATGTGGGTTTGAGAAGT -3'
       rG4seq-K ----------------*---------",CNOT11|ENSG00000158435.7_2,ENST00000289382.7_1,3UTR
chr2,110260176,110260177,longloop,46,+,chr2:110260137-110260176:+,False,"            5'- GGGGGCTGGCGGGGTGGATCCATTGAGGGGGTCGGAGGGAGCTTGGAAG -3'
       rG4seq-K ---------------------------------------*---------",SH3RF3|ENSG00000172985.10_2,ENST00000309415.7_1,3UTR
chr2,110373579,110373580,canonical/G3L1-7,20,+,chr2:110373553-110373579:+,False,"            5'- GGGCAGGGGGGAGGAGGGAGTGGGGGAGGAACGACC -3'
       rG4seq-K --------------------------*---------",SOWAHC|ENSG00000198142.4_3,ENST00000356454.4_1,CDS
chr2,112946139,112946142,canonical/G3L1-7,18,+,chr2:112946120-112946141:+,False,"            5'- GGGGTATGGGGTAGGGTGGGGAAGATCATTC -3'
       rG4seq-K -------------------***---------",AC092645.1|ENSG00000278962.1_5,ENST00000624058.1_1,non_coding
chr2,113288188,113288189,longloop,52,+,chr2:113288154-113288189:+,False,"            5'- GGGTTCTGGGTCCCTGGCAAGTCTAGGTGGGCGGGTGACAGGGAA -3'
       rG4seq-K ----------------------------------*----------",TTL|ENSG00000114999.7_2,ENST00000233336.6_1;ENST00000460450.1_1,3UTR
chr2,114715067,114715069,bulges,1338,+,chr2:114715036-114715069:+,False,"            5'- GGCTTCATAGTTATTGGGGTTAGGGAGGTGGGGAAGAGATAAT -3'
       rG4seq-K -------------------------------**----------",ACTR3|ENSG00000115091.11_3,ENST00000263238.6_1;ENST00000478928.1_1;ENST00000535589.3_1,3UTR
chr2,118572282,118572283,potential G-quadruplex & G>=40%,325,+,chr2:118572223-118572283:+,False,"            5'- TGCCAGCGTTCCTGTGACGCGTTTCCTGTTGGCCGAGCTGCGCACGTGCGGCCGGAAGGGAAGTAACGTC -3'
       rG4seq-K -----------------------------------------------------------*----------",DDX18|ENSG00000088205.12_2,ENST00000263239.6_1,5UTR
chr2,118853994,118853996,two-quartet,70,+,"chr2:118846104-118846117:+,chr2:118853994-118853995:+",True,"            5'- GGCGGAGGCGGGGGATTTCTGGTA -3'
       rG4seq-K -------------**---------",INSIG2|ENSG00000125629.14_2,ENST00000245787.8_1;ENST00000411929.5_1;ENST00000467223.5_1;ENST00000471186.5_1;ENST00000485520.5_1;ENST00000614681.1_1,5UTR
chr2,127454075,127454077,canonical/G3L1-7,35,+,chr2:127454048-127454077:+,False,"            5'- GGGTGAGGGGGTGCTGGGGTACCCGGGGGCTGGGGAAGC -3'
       rG4seq-K ---------------------------**----------",GYPC|ENSG00000136732.15_4,ENST00000259254.8_1;ENST00000356887.12_2;ENST00000409836.3_1,3UTR
chr2,127454081,127454084,canonical/G3L1-7,152,+,chr2:127454054-127454083:+,False,"            5'- GGGGGTGCTGGGGTACCCGGGGGCTGGGGAAGCAAGGAA -3'
       rG4seq-K ---------------------------***---------",GYPC|ENSG00000136732.15_4,ENST00000259254.8_1;ENST00000356887.12_2;ENST00000409836.3_1,3UTR
chr2,128947940,128947942,longloop,12,+,chr2:128947907-128947941:+,False,"            5'- GGGCAAATTAATTTTGGGCCAGGATGGGGGTGGGTTGCAGTGAG -3'
       rG4seq-K ---------------------------------**---------",UGGT1|ENSG00000136731.12_2,ENST00000259253.10_1;ENST00000376723.7_1,3UTR
chr2,128947958,128947959,longloop,45,+,chr2:128947922-128947958:+,False,"            5'- GGGCCAGGATGGGGGTGGGTTGCAGTGAGGGTAGGGAAAATGTCAG -3'
       rG4seq-K ------------------------------------*---------",UGGT1|ENSG00000136731.12_2,ENST00000259253.10_1;ENST00000376723.7_1,3UTR
chr2,128947999,128948000,bulges,74,+,chr2:128947970-128947999:+,False,"            5'- GTAGGAAGGTTCGGGGGTTAAGGGAAGGGAAGGAAGACC -3'
       rG4seq-K -----------------------------*---------",UGGT1|ENSG00000136731.12_2,ENST00000259253.10_1;ENST00000376723.7_1,3UTR
chr2,135206851,135206853,canonical/G3L1-7,40,+,chr2:135206827-135206852:+,False,"            5'- GGGGACCGCGGGAGGGAGAGGAGGGATTGATCACA -3'
       rG4seq-K ------------------------**---------",MGAT5|ENSG00000152127.8_2,ENST00000281923.3_1;ENST00000409645.5_1,3UTR
chr2,135926608,135926613,bulges,71,+,chr2:135926595-135926612:+,False,"            5'- GGGGGGGTGGTGGGGGGACACAAACAC -3'
       rG4seq-K -------------*****---------",RAB3GAP1|ENSG00000115839.17_3,ENST00000264158.12_2;ENST00000442034.5_2;ENST00000487003.5_1;ENST00000497080.1_1;ENST00000539493.2_1,3UTR
chr2,136289053,136289054,longloop,20,+,chr2:136289025-136289053:+,False,"            5'- GGGCTAGTGCGTGGTGGGAAGGGGCGGGATTCTGCCAG -3'
       rG4seq-K ----------------------------*---------",R3HDM1|ENSG00000048991.16_3,ENST00000463230.5_1;ENST00000483021.5_1,non_coding
chr2,138722015,138722018,bulges,47,+,chr2:138721980-138722016:+,False,"            5'- GGGAAAGAAAGAGGGAACTGGGAAGAGAAGGAGGGGAACTTAAACC -3'
       rG4seq-K -----------------------------------***--------",HNMT|ENSG00000150540.13_2,ENST00000280097.4_1;ENST00000329366.8_1;ENST00000410115.5_1,5UTR
chr2,149544873,149544875,bulges,25,+,chr2:149544854-149544874:+,False,"            5'- GGTGTTGGGCGGGGGGAGGGTTGTGGCAAG -3'
       rG4seq-K -------------------**---------",EPC2|ENSG00000135999.11_2,ENST00000258484.10_1,3UTR
chr2,157441860,157441862,canonical/G3L1-7,85,+,chr2:157441838-157441861:+,False,"            5'- GGGGTCGGGGTGGGTATGCAGGGATTGCCTTTT -3'
       rG4seq-K ----------------------**---------",GPD2|ENSG00000115159.15_2,ENST00000310454.10_1;ENST00000409861.5_1,3UTR
chr2,162103937,162103938,bulges,30,+,chr2:162103913-162103937:+,False,"            5'- GGAGGAGGGGGTGTTGGGGGTGGGAGGTGATTAG -3'
       rG4seq-K ------------------------*---------",LINC01806|ENSG00000227403.1_4,ENST00000436506.1_1;ENST00000439050.1_1,non_coding
chr2,162103940,162103941,bulges,45,+,chr2:162103919-162103942:+,False,"            5'- GGGGGTGTTGGGGGTGGGAGGTGATTAGTAAAT -3'
       rG4seq-K ---------------------*-----------",LINC01806|ENSG00000227403.1_4,ENST00000436506.1_1;ENST00000439050.1_1,non_coding
chr2,170440916,170440920,bulges,144,+,chr2:170440894-170440917:+,False,"            5'- GGGGGAGGGAGGCGGTTAGCGGGCTTTAGCGCC -3'
       rG4seq-K ----------------------**-*-------",PPIG|ENSG00000138398.15_3,ENST00000260970.7_1;ENST00000409714.7_1;ENST00000433207.5_3;ENST00000462903.5_1;ENST00000530152.5_1,5UTR;CDS
chr2,170497490,170497493,two-quartet,31,+,chr2:170497471-170497492:+,False,"            5'- GGTATGTGAGGGAGTGGTGGGGTGGATTTGT -3'
       rG4seq-K -------------------***---------",PPIG|ENSG00000138398.15_3,ENST00000260970.7_1,3UTR
chr2,170497496,170497497,two-quartet,51,+,chr2:170497471-170497496:+,False,"            5'- GGTATGTGAGGGAGTGGTGGGGTGGATTTGTGTTT -3'
       rG4seq-K -------------------------*---------",PPIG|ENSG00000138398.15_3,ENST00000260970.7_1,3UTR
chr2,172953566,172953567,canonical/G3L1-7,9,+,chr2:172953539-172953568:+,False,"            5'- GGGAATCTGGGGGCATTGGAGGGAGGGGGTTTTATTTAT -3'
       rG4seq-K ---------------------------*-----------",DLX1|ENSG00000144355.14_2,ENST00000341900.6_1;ENST00000361725.4_1;ENST00000475989.2_1,3UTR
chr2,173370731,173370732,two-quartet,38,+,chr2:173370714-173370731:+,False,"            5'- GGGTGTTGGGAGGGTGGTTCAACAAAG -3'
       rG4seq-K -----------------*---------",ITGA6|ENSG00000091409.14_4,ENST00000264107.11_4;ENST00000409080.5_4,3UTR
chr2,174090929,174090931,two-quartet,176,+,chr2:174090908-174090930:+,False,"            5'- GGAATTAGGGGTCGGGGGAGGGTTTAGGAGTG -3'
       rG4seq-K ---------------------**---------",MAP3K20|ENSG00000091436.16_2,ENST00000338983.7_1;ENST00000375213.7_1;ENST00000409176.6_1,3UTR
chr2,176989493,176989494,canonical/G3L1-7,14,+,chr2:176989474-176989494:+,False,"            5'- GGGCCTCGGGCGGGTTGGGGTTTGTCCTCA -3'
       rG4seq-K -------------------*----------",HOXD9|ENSG00000128709.12_3,ENST00000249499.7_2,3UTR
chr2,178081464,178081465,two-quartet,311,+,chr2:178081431-178081464:+,False,"            5'- GGGTCGCGGAGGGAACTTTGGAGGTGGTGGAGGTAATTTTGGC -3'
       rG4seq-K ---------------------------------*---------",HNRNPA3|ENSG00000170144.20_3,ENST00000392524.6_2;ENST00000411529.6_2;ENST00000432457.2_1;ENST00000435711.5_2,CDS
chr2,178081609,178081613,bulges,161,+,"chr2:178081489-178081499:+,chr2:178081587-178081612:+",True,"            5'- GGTGGAAGAGGAGGCTATGGTGGTGGAGGTGGTGGCAGCAGAGGT -3'
       rG4seq-K --------------------------------*-**---------",HNRNPA3|ENSG00000170144.20_3,ENST00000392524.6_2;ENST00000411529.6_2;ENST00000432457.2_1;ENST00000435711.5_2,CDS
chr2,178084005,178084006,two-quartet,394,+,chr2:178083982-178084005:+,False,"            5'- GGATCTGGTGGTGGAAGTGGTGGATATGGTAGC -3'
       rG4seq-K -----------------------*---------",HNRNPA3|ENSG00000170144.20_3,ENST00000392524.6_2;ENST00000411529.6_2;ENST00000432457.2_1;ENST00000435711.5_2;ENST00000483137.1_1,CDS
chr2,178257546,178257548,bulges,42,+,chr2:178257507-178257546:+,False,"            5'- GGCGGTAGCCATGGCGGAGGCGGCGGCTGCAGCGGGTGGGACTGGCTTG -3'
       rG4seq-K ---------------------------------------**--------",AGPS|ENSG00000018510.14_4,ENST00000264167.8_1;ENST00000409888.1_1,5UTR;CDS
chr2,182756962,182756963,bulges,314,+,chr2:182756943-182756965:+,False,"            5'- GAGGAGGAGGACGAGGAGGAGGACCTCCCCGG -3'
       rG4seq-K -------------------*------------",ITPRID2|ENSG00000138434.16_4,ENST00000320370.11_1;ENST00000409001.5_1;ENST00000431877.6_1;ENST00000440623.5_1;ENST00000454579.5_1;ENST00000480753.1_1,5UTR;CDS
chr2,190649245,190649247,canonical/G3L1-7,23,+,chr2:190649225-190649246:+,False,"            5'- GGGTGCGGGTGCGGGGTTGGGCCTGCGCATC -3'
       rG4seq-K --------------------**---------",PMS1|ENSG00000064933.17_4,ENST00000342075.8_2;ENST00000374826.8_3;ENST00000409823.7_3;ENST00000409985.5_3;ENST00000418224.7_2;ENST00000432292.7_1;ENST00000441310.6_3;ENST00000446877.5_2;ENST00000450931.5_2;ENST00000618056.4_2;ENST00000624204.3_1;ENST00000639501.1_1,5UTR
chr2,201676647,201676649,potential G-quadruplex & G>=40%,1108,+,chr2:201676589-201676649:+,False,"            5'- AGCGGTCCGGGCGGGGGTGGCACCTCTCCCTCCTCCTGGCGTTAGTTCCGGTCGCAGAGGAGACACCGCC -3'
       rG4seq-K ----------------------------------------------------------**----------",BZW1|ENSG00000082153.17_4,ENST00000409600.5_2;ENST00000410110.6_3;ENST00000450637.5_2;ENST00000452206.5_1;ENST00000460660.1_1;ENST00000464483.1_1,5UTR
chr2,201676922,201676924,two-quartet,29,+,chr2:201676908-201676924:+,False,"            5'- GGGTGGGGAGGTGGGGTCCGGGTGTG -3'
       rG4seq-K --------------**----------",BZW1|ENSG00000082153.17_4,ENST00000409226.5_1;ENST00000409600.5_2;ENST00000410110.6_3;ENST00000450637.5_2;ENST00000452206.5_1;ENST00000460660.1_1;ENST00000464483.1_1,5UTR
chr2,211421343,211421344,G>=40%,428,+,chr2:211421284-211421344:+,False,"            5'- TGGCTGAAGACATTTAATGGCAGAATGAATGGAAATTCAAAGATCGCTGTGCAGTCAGCCTTAAACACTG -3'
       rG4seq-K -----------------------------------------------------------*----------",CPS1|ENSG00000021826.15_4,ENST00000233072.9_1;ENST00000417946.5_1;ENST00000430249.6_1;ENST00000518043.5_3;ENST00000523702.5_1,5UTR
chr2,219081907,219081909,canonical/G3L1-7,42,+,chr2:219081887-219081908:+,False,"            5'- GGGGGCTGGGCGGGGACCGGGCTTGTCGGTG -3'
       rG4seq-K --------------------**---------",ARPC2|ENSG00000163466.15_2,ENST00000315717.9_1;ENST00000420104.5_1;ENST00000420201.5_1;ENST00000489598.5_1;ENST00000491780.5_1,5UTR
chr2,219269954,219269955,longloop,66,+,chr2:219269927-219269954:+,False,"            5'- GGGGAAGGAGAGAGGGAAGGGTCAGGGTAGAGACACC -3'
       rG4seq-K ---------------------------*---------",CTDSP1|ENSG00000144579.7_3,ENST00000273062.6_1,3UTR
chr2,219270009,219270011,longloop,83,+,chr2:219269983-219270010:+,False,"            5'- GGGCCCAGAAGTTGGGGGGAGGGAGGGAAAGGATTTT -3'
       rG4seq-K --------------------------**---------",CTDSP1|ENSG00000144579.7_3,ENST00000273062.6_1,3UTR
chr2,219270285,219270286,bulges,50,+,chr2:219270247-219270285:+,False,"            5'- GGATCTGTAGGAGGTGGGACCTTCTGTGGGGTTTGGGGATCTCCAGGA -3'
       rG4seq-K --------------------------------------*---------",CTDSP1|ENSG00000144579.7_3,ENST00000273062.6_1,3UTR
chr2,219270562,219270563,bulges,45,+,chr2:219270548-219270564:+,False,"            5'- GGGTGGGCGGGGGGTGAATATGGTTG -3'
       rG4seq-K --------------*-----------",CTDSP1|ENSG00000144579.7_3,ENST00000273062.6_1,3UTR
chr2,219433528,219433529,longloop,9,+,chr2:219433498-219433528:+,False,"            5'- GGGAAGAGGATGTGTGGGTGGGGTCAGGGGTGAGAGGTCA -3'
       rG4seq-K ------------------------------*---------",CNOT9|ENSG00000144580.13_5,ENST00000273064.10_1;ENST00000542068.5_1;ENST00000627282.2_1,5UTR
chr2,219459668,219459670,canonical/G3L1-7,84,+,chr2:219459647-219459669:+,False,"            5'- GGGAGAAATGGGAGGGCAGGGGAAAGATGTAA -3'
       rG4seq-K ---------------------**---------",CNOT9|ENSG00000144580.13_5,ENST00000273064.10_1;ENST00000542068.5_1,3UTR
chr2,219460574,219460575,G>=40%,346,+,chr2:219460515-219460575:+,False,"            5'- AAGGGCTCTTTCAAGCCGACTTTCACAAAGAGAGCCGGACTTGTTAGTTGGCTTCTGTCTCTTTAGAGCC -3'
       rG4seq-K -----------------------------------------------------------*----------",CNOT9|ENSG00000144580.13_5,ENST00000273064.10_1;ENST00000542068.5_1,3UTR
chr2,220046806,220046808,canonical/G3L1-7,32,+,chr2:220046782-220046807:+,False,"            5'- GGGACCTAGGGGAGGGAGAGGAGGGAGAGCTGGCC -3'
       rG4seq-K ------------------------**---------",RETREG2|ENSG00000144567.10_6,ENST00000273048.2_1;ENST00000420189.1_5;ENST00000430297.6_2;ENST00000458520.5_3,3UTR;CDS
chr2,220113492,220113493,longloop,12,+,chr2:220113464-220113494:+,False,"            5'- GGGGACTTACTGAGTGGGGGTGGGTGGGGGTTGGGAAAAG -3'
       rG4seq-K ----------------------------*-----------",STK16|ENSG00000115661.13_2,ENST00000396738.6_1;ENST00000409260.5_1;ENST00000409516.7_1;ENST00000409638.7_1;ENST00000478018.5_1;ENST00000496443.5_1,3UTR
chr2,220113498,220113500,canonical/G3L1-7,34,+,chr2:220113479-220113499:+,False,"            5'- GGGGGTGGGTGGGGGTTGGGAAAAGGGAAA -3'
       rG4seq-K -------------------**---------",STK16|ENSG00000115661.13_2,ENST00000396738.6_1;ENST00000409260.5_1;ENST00000409638.7_1;ENST00000478018.5_1;ENST00000496443.5_1,3UTR
chr2,220113506,220113507,canonical/G3L1-7,60,+,chr2:220113479-220113506:+,False,"            5'- GGGGGTGGGTGGGGGTTGGGAAAAGGGAAACTGGTGG -3'
       rG4seq-K ---------------------------*---------",STK16|ENSG00000115661.13_2,ENST00000396738.6_1;ENST00000409260.5_1;ENST00000409638.7_1;ENST00000478018.5_1;ENST00000496443.5_1,3UTR
chr2,220150867,220150868,bulges,13,+,chr2:220150840-220150870:+,False,"            5'- GGTGGCGGGTGGGGGCCGGGTGGGAGGTGGCAGTAGTCTT -3'
       rG4seq-K ---------------------------*------------",DNAJB2|ENSG00000135924.15_3,ENST00000336576.9_3;ENST00000392086.8_3;ENST00000470530.1_1;ENST00000472019.5_1;ENST00000477917.5_1,3UTR
chr2,220363706,220363708,longloop,19,+,chr2:220363678-220363707:+,False,"            5'- GGGGTGGCGGCAGGGGTAAGGGGCAGGGGACACCCTCTA -3'
       rG4seq-K ----------------------------**---------",GMPPA|ENSG00000144591.18_3,ENST00000313597.9_1;ENST00000341142.7_1;ENST00000358215.8_1;ENST00000373908.5_1;ENST00000373917.7_1;ENST00000435316.5_1;ENST00000443704.5_1;ENST00000455657.5_2;ENST00000480506.5_1;ENST00000635609.1_1,5UTR
chr2,228216748,228216750,bulges,18,+,chr2:228216729-228216749:+,False,"            5'- GGGAGGGAAGGAAGTGTGGGAAATGGAGTT -3'
       rG4seq-K -------------------**---------",MFF|ENSG00000168958.19_6,ENST00000304593.13_4;ENST00000337110.11_1;ENST00000349901.11_1;ENST00000353339.7_4;ENST00000354503.10_1;ENST00000392059.5_1;ENST00000409565.5_1;ENST00000409616.5_1;ENST00000456345.1_1;ENST00000460756.5_1;ENST00000476262.1_1;ENST00000476924.5_1;ENST00000490857.5_1;ENST00000524634.5_1;ENST00000534203.5_1,non_coding
chr2,231743183,231743187,canonical/G3L1-7,20,+,chr2:231743162-231743186:+,False,"            5'- GGGCAAGGGGATGGGGCTGTGGGGGCGGGGCGGC -3'
       rG4seq-K ---------------------****---------",ITM2C|ENSG00000135916.15_3,ENST00000326407.10_1;ENST00000326427.10_1;ENST00000335005.10_1;ENST00000620962.1_1,3UTR;CDS
chr2,231743190,231743192,canonical/G3L1-7,41,+,chr2:231743168-231743192:+,False,"            5'- GGGGATGGGGCTGTGGGGGCGGGGCGGCATGGGC -3'
       rG4seq-K ----------------------**----------",ITM2C|ENSG00000135916.15_3,ENST00000326407.10_1;ENST00000326427.10_1;ENST00000335005.10_1;ENST00000620962.1_1,3UTR;CDS
chr2,232576678,232576679,bulges,977,+,chr2:232576647-232576678:+,False,"            5'- GAGGAAGAAGGTGGGGAGGAAGAGGAGGAGGAAGAAGAAGG -3'
       rG4seq-K -------------------------------*---------",PTMA|ENSG00000187514.16_4,ENST00000341369.11_1;ENST00000409115.7_1;ENST00000409321.5_1;ENST00000409683.5_2;ENST00000410064.5_1;ENST00000412128.1_1;ENST00000448874.5_1;ENST00000466801.5_1;ENST00000467816.1_1;ENST00000468027.5_1;ENST00000481928.1_1,3UTR;CDS
chr2,233390329,233390333,bulges,549,+,chr2:233390309-233390332:+,False,"            5'- GTGGCTGGGTGTGTGTGGGTGGGATGGGGTGGG -3'
       rG4seq-K --------------------****---------",PRSS56|ENSG00000237412.6_2,ENST00000449534.6_1;ENST00000617714.1_1,3UTR
chr2,233390336,233390338,canonical/G3L1-7,778,+,chr2:233390315-233390337:+,False,"            5'- GGGTGTGTGTGGGTGGGATGGGGTGGGGGTCC -3'
       rG4seq-K ---------------------**---------",PRSS56|ENSG00000237412.6_2,ENST00000449534.6_1;ENST00000617714.1_1,3UTR
chr2,233390341,233390345,canonical/G3L1-7,1962,+,chr2:233390315-233390344:+,False,"            5'- GGGTGTGTGTGGGTGGGATGGGGTGGGGGTCCTGGGCCC -3'
       rG4seq-K --------------------------****---------",PRSS56|ENSG00000237412.6_2,ENST00000449534.6_1;ENST00000617714.1_1,3UTR
chr2,233722725,233722726,bulges,30,+,chr2:233722696-233722727:+,False,"            5'- GGAGGATGCAGTGGGCTGGAGGGGATGGGCGAAAATGGGAG -3'
       rG4seq-K -----------------------------*-----------",GIGYF2|ENSG00000204120.14_6;SNORC|ENSG00000182600.9_6,ENST00000373563.8_3;ENST00000409196.7_3;ENST00000409451.7_3;ENST00000409480.5_3;ENST00000409547.5_3;ENST00000448993.1_5;ENST00000474312.5_1;ENST00000629305.2_3,3UTR;non_coding
chr2,234380201,234380202,bulges,103,+,chr2:234380180-234380204:+,False,"            5'- GGGTGGGGAGGGGACATGAGGAGGATAAACAGCT -3'
       rG4seq-K ---------------------*------------",DGKD|ENSG00000077044.10_3,ENST00000264057.6_1;ENST00000409813.7_1;ENST00000430834.1_1,3UTR
chr2,237033103,237033105,canonical/G3L1-7,19,+,chr2:237033080-237033105:+,False,"            5'- GGGATGGGGACGCGAGGGGGAGGGGAGGCGAGGAA -3'
       rG4seq-K -----------------------**----------",AGAP1|ENSG00000157985.18_4,ENST00000304032.12_2;ENST00000336665.9_1;ENST00000409538.5_1;ENST00000428334.6_1;ENST00000453371.2_1;ENST00000614409.4_1,3UTR
chr2,237033113,237033114,bulges,43,+,chr2:237033093-237033113:+,False,"            5'- GAGGGGGAGGGGAGGCGAGGAACAAGGAGA -3'
       rG4seq-K --------------------*---------",AGAP1|ENSG00000157985.18_4,ENST00000304032.12_2;ENST00000336665.9_1;ENST00000409538.5_1;ENST00000428334.6_1;ENST00000453371.2_1;ENST00000614409.4_1,3UTR
chr2,238969721,238969724,longloop,29,+,chr2:238969686-238969723:+,False,"            5'- GGGGCGGGGATGGAGGCGGCCGTGGCGCCGGGGAGGGATGCGCCGGC -3'
       rG4seq-K -----------------------------------***---------",SCLY|ENSG00000132330.16_3;UBE2F-SCLY|ENSG00000258984.5_3,ENST00000254663.10_1;ENST00000409736.6_1;ENST00000412508.5_1;ENST00000413463.5_1;ENST00000423324.5_1;ENST00000443532.5_1;ENST00000446202.5_1;ENST00000449191.1_1;ENST00000449891.5_1;ENST00000480357.5_1;ENST00000497256.5_1,5UTR;CDS;non_coding
chr2,239358175,239358178,canonical/G3L1-7,20,+,chr2:239358148-239358178:+,False,"            5'- GGGCTGGGCTGGGCTGTGGTGGGGTGGGGGACAACGTTGG -3'
       rG4seq-K ---------------------------***----------",ASB1|ENSG00000065802.11_2,ENST00000264607.8_1;ENST00000481566.1_1,3UTR
chr2,239359899,239359902,bulges,35,+,chr2:239359869-239359901:+,False,"            5'- GGGATGGAGAAGTGAGTGGGGGCAGGAGGGGGATTTCTGTTG -3'
       rG4seq-K ------------------------------***---------",ASB1|ENSG00000065802.11_2,ENST00000264607.8_1;ENST00000473306.1_1;ENST00000481566.1_1,3UTR
chr2,239360838,239360840,potential G-quadruplex & G>=40%,31,+,chr2:239360780-239360840:+,False,"            5'- CCCCTGTTGTTACATGGGACCTGTTTTGACGGTGGGAGGGTGAGATGTGAAGATGTGGGATGAACCTGGA -3'
       rG4seq-K ----------------------------------------------------------**----------",ASB1|ENSG00000065802.11_2,ENST00000264607.8_1;ENST00000473306.1_1;ENST00000481566.1_1,3UTR
chr2,241407012,241407014,longloop,17,+,chr2:241406977-241407011:+,False,"            5'- GGGTGGTGTGGTGTTGGGAAGGGGTCCTGCAGGGGGAGGAGGAC -3'
       rG4seq-K -----------------------------------**-------",GPC1|ENSG00000063660.8_3,ENST00000264039.6_1,3UTR
chr2,242089896,242089897,potential G-quadruplex & G>=40%,90,+,chr2:242089837-242089897:+,False,"            5'- GCTCTGAGGCGGGAGCCCTGATTGGCTGAGGGGTCTGAGGCGACAGATTCCGGAAAGGGGAAGAGCAGCC -3'
       rG4seq-K -----------------------------------------------------------*----------",PPP1R7|ENSG00000115685.14_3,ENST00000234038.10_1;ENST00000272983.12_1;ENST00000402734.5_1;ENST00000404405.7_1;ENST00000406106.7_1;ENST00000407025.5_1;ENST00000423280.5_2;ENST00000438799.5_1;ENST00000439916.5_2;ENST00000473017.5_1,5UTR
chr2,242093002,242093005,two-quartet,57,+,chr2:242092984-242093004:+,False,"            5'- GGATGGGGAGGAGCGGGGGGAGGAGGACCC -3'
       rG4seq-K ------------------***---------",PPP1R7|ENSG00000115685.14_3,ENST00000234038.10_1;ENST00000272983.12_1;ENST00000401987.5_1;ENST00000402734.5_1;ENST00000404405.7_1;ENST00000406106.7_1;ENST00000407025.5_1;ENST00000423280.5_2;ENST00000427172.5_2;ENST00000438799.5_1;ENST00000439916.5_2;ENST00000450367.1_2;ENST00000473017.5_1;ENST00000493374.5_1;ENST00000498170.5_1,CDS
chr2,242093007,242093008,two-quartet,95,+,chr2:242092984-242093010:+,False,"            5'- GGATGGGGAGGAGCGGGGGGAGGAGGACCCAGAAGA -3'
       rG4seq-K -----------------------*------------",PPP1R7|ENSG00000115685.14_3,ENST00000234038.10_1;ENST00000272983.12_1;ENST00000401987.5_1;ENST00000402734.5_1;ENST00000404405.7_1;ENST00000406106.7_1;ENST00000407025.5_1;ENST00000423280.5_2;ENST00000427172.5_2;ENST00000438799.5_1;ENST00000439916.5_2;ENST00000450367.1_2;ENST00000473017.5_1;ENST00000493374.5_1;ENST00000498170.5_1,CDS
chr2,242093010,242093011,two-quartet,135,+,chr2:242092984-242093010:+,False,"            5'- GGATGGGGAGGAGCGGGGGGAGGAGGACCCAGAAGA -3'
       rG4seq-K --------------------------*---------",PPP1R7|ENSG00000115685.14_3,ENST00000234038.10_1;ENST00000272983.12_1;ENST00000401987.5_1;ENST00000402734.5_1;ENST00000404405.7_1;ENST00000406106.7_1;ENST00000407025.5_1;ENST00000423280.5_2;ENST00000427172.5_2;ENST00000438799.5_1;ENST00000439916.5_2;ENST00000450367.1_2;ENST00000473017.5_1;ENST00000493374.5_1;ENST00000498170.5_1,CDS
chr2,242255323,242255324,canonical/G3L1-7,14,+,chr2:242255296-242255323:+,False,"            5'- GGGCGGGGCGGGGCGGGCTGGGGCGGGCTGTGAGCGG -3'
       rG4seq-K ---------------------------*---------",SEPT2|ENSG00000168385.17_3,ENST00000360051.7_1;ENST00000391971.6_1;ENST00000391973.6_1;ENST00000401990.5_1;ENST00000407017.5_2;ENST00000407971.5_1;ENST00000411484.5_2;ENST00000428282.5_1;ENST00000428524.5_1;ENST00000436795.5_2;ENST00000445030.5_1;ENST00000457335.5_1;ENST00000461048.5_1;ENST00000469175.5_1;ENST00000469434.5_1;ENST00000475474.5_1;ENST00000482304.5_1;ENST00000492978.5_1;ENST00000494824.5_1;ENST00000495463.5_1;ENST00000616972.4_1,5UTR
chr2,242289567,242289570,bulges,223,+,chr2:242289546-242289569:+,False,"            5'- GGGCGGGGATGGCGATGGCGGGGCTCTCGGGCA -3'
       rG4seq-K ---------------------*-*---------",SEPT2|ENSG00000168385.17_3,ENST00000360051.7_1;ENST00000391971.6_1;ENST00000391973.6_1;ENST00000401990.5_1;ENST00000402092.6_1;ENST00000407971.5_1;ENST00000421717.1_2;ENST00000451310.1_2;ENST00000616972.4_1,CDS
chr2,242289577,242289578,longloop,334,+,chr2:242289546-242289577:+,False,"            5'- GGGCGGGGATGGCGATGGCGGGGCTCTCGGGCACCACGTGT -3'
       rG4seq-K -------------------------------*---------",SEPT2|ENSG00000168385.17_3,ENST00000360051.7_1;ENST00000391971.6_1;ENST00000391973.6_1;ENST00000401990.5_1;ENST00000402092.6_1;ENST00000407971.5_1;ENST00000421717.1_2;ENST00000451310.1_2;ENST00000616972.4_1,CDS
chr2,1652172,1652175,two-quartet,799,-,chr2:1652173-1652196:-,False,"            5'- GGGGGCTGTTCGGGGTGGCGGGGAAAATGCGTG -3'
       rG4seq-K ---------------------***---------",PXDN|ENSG00000130508.10_3,ENST00000252804.8_1;ENST00000478155.5_1,CDS
chr2,3381524,3381526,potential G-quadruplex & G>=40%,62,-,chr2:3381524-3381584:-,False,"            5'- GGAGTCGTTTGCTGCGGGGAGGGAATGAATGGGCGCTGGGAACACGCCCGCGAGGTGGGGACGCGCCGGC -3'
       rG4seq-K ----------------------------------------------------------**----------",EIPR1|ENSG00000032389.12_6,ENST00000382125.8_1;ENST00000398659.8_2;ENST00000406835.6_1;ENST00000435721.5_1;ENST00000441271.1_2;ENST00000443925.6_1;ENST00000444776.1_1;ENST00000455162.5_1,5UTR
chr2,3502282,3502283,potential G-quadruplex & G>=40%,213,-,chr2:3502282-3502342:-,False,"            5'- CTCCAAAATGATGCCTTGGGGTGGGGAGTGGTAGGGGGAAGAGCTCCCACCCTAAGGGGCACACACTGAG -3'
       rG4seq-K -----------------------------------------------------------*----------",ADI1|ENSG00000182551.13_2,ENST00000327435.10_1;ENST00000382093.5_1,3UTR
chr2,9563584,9563585,bulges,133,-,chr2:9563585-9563619:-,False,"            5'- GGGCTGGAAAAGCCGGCGCTGGAGCGGGAACGGGAGTAGCTGCC -3'
       rG4seq-K ----------------------------------*---------",ITGB1BP1|ENSG00000119185.12_2,ENST00000238091.8_1;ENST00000355346.8_1;ENST00000463190.1_1;ENST00000464228.5_1;ENST00000488451.5_1;ENST00000490426.5_1,5UTR
chr2,10927497,10927499,two-quartet,970,-,chr2:10927498-10927517:-,False,"            5'- GGGGATTGGAGGGTTTGGGTACCCCGCCA -3'
       rG4seq-K ------------------**---------",PDIA6|ENSG00000143870.12_3,ENST00000272227.7_1;ENST00000381611.8_2;ENST00000404371.6_1;ENST00000404824.2_1;ENST00000540494.5_1;ENST00000617249.4_1,CDS
chr2,10952846,10952848,two-quartet,383,-,chr2:10952846-10952872:-,False,"            5'- GGGCTGAAGCGGCGGCGGCGGTGGGGACTGCACGTA -3'
       rG4seq-K ------------------------**----------",PDIA6|ENSG00000143870.12_3,ENST00000272227.7_1;ENST00000381611.8_2;ENST00000404371.6_1;ENST00000404824.2_1;ENST00000489662.1_1;ENST00000540494.5_1;ENST00000617249.4_1,5UTR
chr2,10952894,10952896,canonical/G3L1-7,78,-,chr2:10952893-10952916:-,False,"            5'- GGGGCGGGACGTGGGCGCGGGGGCGCGGCGTGC -3'
       rG4seq-K --------------------**-----------",PDIA6|ENSG00000143870.12_3,ENST00000272227.7_1;ENST00000381611.8_2;ENST00000404371.6_1;ENST00000404824.2_1;ENST00000540494.5_1;ENST00000617249.4_1,5UTR
chr2,11584699,11584700,canonical/G3L1-7,46,-,chr2:11584700-11584717:-,False,"            5'- GGGGCGGGTGGGGAGGGAGAAGGCAGT -3'
       rG4seq-K -----------------*---------",E2F6|ENSG00000169016.16_3,ENST00000307236.8_3;ENST00000381525.7_3;ENST00000428221.5_1;ENST00000444832.5_1;ENST00000542100.5_2;ENST00000546212.2_2,3UTR
chr2,17846014,17846015,canonical/G3L1-7,18,-,chr2:17846015-17846041:-,False,"            5'- GGGCTGGGAAAACTGGGAGTGGAGGGTGGATCCTCA -3'
       rG4seq-K --------------------------*---------",SMC6|ENSG00000163029.15_2,ENST00000351948.8_1;ENST00000448223.6_1,3UTR
chr2,17846302,17846305,longloop,28,-,chr2:17846303-17846333:-,False,"            5'- GGGAGGGATTTCTCATTGCAGAGGGTGGGGTGCAAGGGAA -3'
       rG4seq-K ----------------------------***---------",SMC6|ENSG00000163029.15_2,ENST00000351948.8_1;ENST00000448223.6_1,3UTR
chr2,20112937,20112939,canonical/G3L1-7,17,-,chr2:20112937-20112964:-,False,"            5'- GGGAGTGGGGGAAGCATGGGAGTGGGGCAAAGTTGAA -3'
       rG4seq-K -------------------------**----------",WDR35|ENSG00000118965.14_3,ENST00000281405.8_1;ENST00000345530.7_1,3UTR
chr2,20232681,20232684,canonical/G3L1-7,1566,-,chr2:20232682-20232705:-,False,"            5'- GGGGGGTGGGAAGGGAAAGAGGGTACTTGCCAC -3'
       rG4seq-K ---------------------***---------",LAPTM4A|ENSG00000068697.6_2,ENST00000175091.4_1,3UTR
chr2,20232689,20232691,two-quartet,518,-,chr2:20232690-20232705:-,False,"            5'- GGGGGGTGGGAAGGGAAAGAGGGTA -3'
       rG4seq-K --------------**---------",LAPTM4A|ENSG00000068697.6_2,ENST00000175091.4_1,3UTR
chr2,20251391,20251393,bulges,232,-,chr2:20251392-20251420:-,False,"            5'- GCTGGCAGGGGCACGAGCCGGGGGCGGGTTTGAAGACG -3'
       rG4seq-K ---------------------------**---------",LAPTM4A|ENSG00000068697.6_2,ENST00000175091.4_1,5UTR
chr2,20401546,20401547,bulges,43,-,chr2:20401547-20401573:-,False,"            5'- GAGGACTGTAGGGAGGGCGGCAGGGGCCTGGAGATC -3'
       rG4seq-K --------------------------*---------",SDC1|ENSG00000115884.10_2,ENST00000254351.8_1;ENST00000381150.5_1;ENST00000403076.5_1,3UTR
chr2,20402068,20402070,two-quartet,72,-,chr2:20402069-20402096:-,False,"            5'- GGGGGGGTGGCCGCTGAGTGGCAGGGGACAGGAGTCC -3'
       rG4seq-K --------------------------**---------",SDC1|ENSG00000115884.10_2,ENST00000254351.8_1;ENST00000381150.5_1;ENST00000403076.5_1,3UTR
chr2,20818471,20818473,canonical/G3L1-7,13,-,chr2:20818471-20818490:-,False,"            5'- GGGGAGGGAGGGTGTGGGGATGCCTTGCC -3'
       rG4seq-K -----------------**----------",HS1BP3|ENSG00000118960.12_4,ENST00000304031.7_2;ENST00000415264.5_2;ENST00000446825.1_2,3UTR
chr2,25042867,25042868,potential G-quadruplex & G>=40%,120,-,chr2:25042867-25042927:-,False,"            5'- AGGCCCCATCTTTGTGAAGGGGAAGGGGGAGCTGCTGACCTTCTTCTTGAAGGGGCGGGATAAGCTAGCC -3'
       rG4seq-K -----------------------------------------------------------*----------",ADCY3|ENSG00000138031.14_3,ENST00000260600.9_2;ENST00000405392.5_2;ENST00000498288.1_3;ENST00000606682.5_3,3UTR;CDS
chr2,25062828,25062830,bulges,41,-,chr2:25062826-25062858:-,False,"            5'- GGGGGTGCACACGGGCACCGTGCTGGGGGGCGTCCTGGGCCA -3'
       rG4seq-K ----------------------------**------------",ADCY3|ENSG00000138031.14_3,ENST00000260600.9_2;ENST00000405392.5_2;ENST00000427849.5_1;ENST00000435135.5_3;ENST00000454027.1_1;ENST00000606682.5_3,CDS
chr2,25964851,25964853,bulges,130,-,chr2:25964852-25964875:-,False,"            5'- GTAAAGGAGGGGGAAGGGAAGGGTTGACCAGTT -3'
       rG4seq-K ----------------------**---------",ASXL2|ENSG00000143970.16_3,ENST00000336112.8_1;ENST00000404843.5_1;ENST00000435504.8_1,3UTR
chr2,26150435,26150438,bulges,11,-,chr2:26150436-26150463:-,False,"            5'- GGGGGGTGTGGGAGGTGGTGGCGGGGGTTATTCTCTT -3'
       rG4seq-K -------------------------***---------",KIF3C|ENSG00000084731.14_3,ENST00000264712.7_1;ENST00000417737.5_1;ENST00000455394.5_1,3UTR
chr2,26413790,26413791,bulges,236,-,chr2:26413791-26413813:-,False,"            5'- GGGTGGCCAGGGGTGGTGAGGGCAGTTCTGCA -3'
       rG4seq-K ----------------------*---------",HADHA|ENSG00000084754.11_4,ENST00000380649.7_1;ENST00000492433.2_3;ENST00000643057.1_1;ENST00000643063.1_1;ENST00000643233.1_1;ENST00000644428.1_1;ENST00000645274.1_1,3UTR
chr2,27592402,27592404,canonical/G3L1-7,101,-,"chr2:27592742-27592751:-,chr2:27592403-27592416:-",True,"            5'- GGGCCTGGGGCAGTGGGGAGGGAAATGACCAA -3'
       rG4seq-K ---------------------**---------",EIF2B4|ENSG00000115211.15_4,ENST00000347454.8_1;ENST00000405940.6_1;ENST00000418146.1_1;ENST00000445933.6_2;ENST00000451130.6_2;ENST00000462749.1_1;ENST00000475582.5_1;ENST00000493344.6_3;ENST00000616081.4_2;ENST00000622434.4_1,3UTR;CDS
chr2,33809946,33809948,bulges,108,-,chr2:33809947-33809972:-,False,"            5'- GGGAGGAGGCTGGGGAGGAAGAGGGAGCCAGAATT -3'
       rG4seq-K ------------------------**---------",FAM98A|ENSG00000119812.18_3,ENST00000238823.12_1;ENST00000403368.1_1;ENST00000474985.5_1;ENST00000475122.1_1,3UTR;CDS
chr2,33809956,33809958,two-quartet,43,-,chr2:33809954-33809977:-,False,"            5'- GGCCAGGGAGGAGGCTGGGGAGGAAGAGGGAGC -3'
       rG4seq-K -------------------**------------",FAM98A|ENSG00000119812.18_3,ENST00000238823.12_1;ENST00000403368.1_1;ENST00000474985.5_1;ENST00000475122.1_1,3UTR;CDS
chr2,36825158,36825159,longloop,23,-,chr2:36825157-36825188:-,False,"            5'- GGGCGGAGGCGGGGGCCGAGGCGGGTGGGGGCGCCGACGGT -3'
       rG4seq-K -----------------------------*-----------",FEZ2|ENSG00000171055.14_4,ENST00000357996.4_1;ENST00000379245.8_3;ENST00000405912.7_3;ENST00000451623.5_1,CDS
chr2,37331570,37331571,bulges,23,-,chr2:37331571-37331587:-,False,"            5'- GGGGGGGTGAGGTGGGAGGATCACTT -3'
       rG4seq-K ----------------*---------",EIF2AK2|ENSG00000055332.17_4,ENST00000233057.8_1;ENST00000647926.1_1,3UTR
chr2,37333226,37333227,potential G-quadruplex & G>=40%,44,-,chr2:37333226-37333286:-,False,"            5'- GAGAAATATTAAATTCTGGATGGTGGTTATCTTTGAGGGAGGGGAATGATGTGATTGGGGAAATGGACTT -3'
       rG4seq-K -----------------------------------------------------------*----------",EIF2AK2|ENSG00000055332.17_4,ENST00000233057.8_1;ENST00000395127.6_1;ENST00000647926.1_1,3UTR
chr2,38296050,38296051,two-quartet,242,-,chr2:38296051-38296066:-,False,"            5'- GGGGTGGGGGGATGGTAAGAGAAAA -3'
       rG4seq-K ---------------*---------",CYP1B1|ENSG00000138061.11_3,ENST00000491456.1_1;ENST00000610745.4_1,3UTR
chr2,38296055,38296056,potential G-quadruplex & G>=40%,196,-,chr2:38296055-38296115:-,False,"            5'- CCAAAATTTTAAAAAAGGGAGTTTTTGATAGTTGTGTGTATGTGTGTGTGGGGTGGGGGGATGGTAAGAG -3'
       rG4seq-K -----------------------------------------------------------*----------",CYP1B1|ENSG00000138061.11_3,ENST00000491456.1_1;ENST00000610745.4_1,3UTR
chr2,39095400,39095401,bulges,20,-,chr2:39095401-39095441:-,False,"            5'- GTGGTGGCGGTGGCGGTGGTGGTGGTGGTGGAGGTGGCGGCAACAGAAAG -3'
       rG4seq-K ----------------------------------------*---------",DHX57|ENSG00000163214.20_4,ENST00000457308.5_1;ENST00000474104.5_1;ENST00000619207.1_1;ENST00000622155.4_1,CDS
chr2,39209050,39209052,canonical/G3L1-7,44,-,chr2:39209051-39209072:-,False,"            5'- GGGGTCGGGATTTGGGCAGGGAACTTTGGGG -3'
       rG4seq-K --------------------**---------",SOS1|ENSG00000115904.12_4,ENST00000402219.6_1;ENST00000426016.5_1,3UTR
chr2,47142912,47142914,bulges,189,-,chr2:47142912-47142948:-,False,"            5'- GGGCGAAGCCGAGGAAGAGCGTTTTGGGGACGGGGGCTGGTGAGGC -3'
       rG4seq-K ----------------------------------**----------",MCFD2|ENSG00000180398.12_3,ENST00000319466.8_1;ENST00000409105.5_1;ENST00000409147.1_1;ENST00000409207.5_1;ENST00000409218.5_1;ENST00000409800.5_1;ENST00000409913.5_1;ENST00000409973.5_1;ENST00000444761.6_1;ENST00000470873.1_1;ENST00000477791.5_1;ENST00000479225.1_1;ENST00000487121.1_1;ENST00000493804.1_1,5UTR
chr2,47403654,47403656,bulges,89,-,chr2:47403654-47403690:-,False,"            5'- GGAGGTGTTTATGAGGCGCTGGGGGCGGAGGAGGCGAATTAGTCCG -3'
       rG4seq-K ----------------------------------**----------",CALM2|ENSG00000143933.16_3,ENST00000272298.11_1;ENST00000628793.2_1,5UTR
chr2,55200216,55200217,two-quartet,1123,-,chr2:55200217-55200232:-,False,"            5'- GGGGGAGGGTCAGGGAAGAACGAAC -3'
       rG4seq-K ---------------*---------",RTN4|ENSG00000115310.17_4,ENST00000317610.11_2;ENST00000337526.10_1;ENST00000357376.7_1;ENST00000357732.8_1;ENST00000394609.6_2;ENST00000394611.6_1;ENST00000402434.6_2;ENST00000404909.5_1;ENST00000405240.5_1;ENST00000485749.1_1;ENST00000486085.5_1;ENST00000491592.1_1,3UTR
chr2,55277621,55277622,bulges,118,-,chr2:55277620-55277639:-,False,"            5'- GGGGACAGGGCGGGTGGCGCATCACCGGC -3'
       rG4seq-K -----------------*-----------",RTN4|ENSG00000115310.17_4,ENST00000317610.11_2;ENST00000337526.10_1;ENST00000357732.8_1;ENST00000394611.6_1;ENST00000404909.5_1;ENST00000427710.5_1,5UTR
chr2,55277635,55277637,two-quartet,56,-,chr2:55277635-55277656:-,False,"            5'- GGGCGGCGGCGGCAAGTGGGGACAGGGCGGG -3'
       rG4seq-K -------------------**----------",RTN4|ENSG00000115310.17_4,ENST00000317610.11_2;ENST00000337526.10_1;ENST00000357732.8_1;ENST00000394611.6_1;ENST00000404909.5_1;ENST00000427710.5_1,5UTR
chr2,55776741,55776743,bulges,103,-,chr2:55776741-55776773:-,False,"            5'- GTCACAGGTTTGGGGACGGTTTAGGGGAGGGGAAAAGGTTGA -3'
       rG4seq-K ------------------------------**----------",PPP4R3B|ENSG00000275052.4_3,ENST00000611717.4_2;ENST00000616288.4_2;ENST00000616407.1_1,3UTR
chr2,61765175,61765179,bulges,16,-,chr2:61765176-61765204:-,False,"            5'- GTTTAGGCGAGCCTTGGGGGGGGGGGGGCCAGCGCCGG -3'
       rG4seq-K -------------------------**-*---------",XPO1|ENSG00000082898.16_2,ENST00000401558.6_1;ENST00000406957.5_1;ENST00000428210.5_1;ENST00000436018.1_1;ENST00000443240.5_1,5UTR
chr2,68406096,68406098,canonical/G3L1-7,83,-,chr2:68406096-68406116:-,False,"            5'- GGGGGTGGGTAAGGGAGGGGATGGTTTATG -3'
       rG4seq-K ------------------**----------",AC017083.3|ENSG00000273398.6_6;PPP3R1|ENSG00000221823.10_3,ENST00000234310.7_1;ENST00000406334.3_1,3UTR;non_coding
chr2,69550022,69550024,bulges,89,-,chr2:69550023-69550057:-,False,"            5'- GGGTGAGAGAATGGGAAGATGAAGTGGAGGCGGGTTGTTAAAGT -3'
       rG4seq-K ---------------------------------**---------",GFPT1|ENSG00000198380.12_2,ENST00000357308.8_1;ENST00000361060.5_1,3UTR
chr2,70456091,70456093,bulges,20,-,chr2:70456092-70456108:-,False,"            5'- GGGGGAGGGGGGCGGGAGGAGATATT -3'
       rG4seq-K ---------------**---------",C2orf42|ENSG00000115998.7_3;TIA1|ENSG00000116001.15_4,ENST00000282574.8_2;ENST00000361692.4_1;ENST00000415783.6_2;ENST00000416149.6_1;ENST00000433529.6_2;ENST00000445587.5_1;ENST00000454815.6_1;ENST00000470096.1_1;ENST00000474809.6_1;ENST00000477044.6_1;ENST00000496452.5_1,non_coding
chr2,71221892,71221894,canonical/G3L1-7,12,-,chr2:71221891-71221911:-,False,"            5'- GGGGAGCGGGCGGGTGGGGGCGCCATGTGG -3'
       rG4seq-K -----------------**-----------",AC007040.2|ENSG00000258881.6_6;TEX261|ENSG00000144043.11_3,ENST00000272438.8_1;ENST00000433258.5_1;ENST00000473055.1_1;ENST00000489894.5_1;ENST00000606025.5_3,5UTR
chr2,71357001,71357002,bulges,80,-,chr2:71357002-71357035:-,False,"            5'- GGGAACTTGCCCGGCAGGTCAGGCAGGGCAGGGACAGAAGTAA -3'
       rG4seq-K ---------------------------------*---------",MCEE|ENSG00000124370.10_3,ENST00000244217.5_1;ENST00000486135.1_1;ENST00000494660.6_1,5UTR
chr2,74688382,74688385,bulges,337,-,chr2:74688383-74688400:-,False,"            5'- GGGAGGGAGAGGAGGGGAGCCAAGACA -3'
       rG4seq-K ---------------***---------",MOGS|ENSG00000115275.12_4,ENST00000233616.8_1;ENST00000409065.5_2;ENST00000448666.6_4;ENST00000452063.7_2;ENST00000462189.1_1;ENST00000462443.2_2;ENST00000647723.1_1;ENST00000647753.1_1;ENST00000647771.1_1;ENST00000647915.1_1;ENST00000648768.1_1;ENST00000648810.1_1;ENST00000649075.1_1;ENST00000649601.1_1;ENST00000649777.1_1;ENST00000649854.1_1,3UTR
chr2,74699274,74699275,canonical/G3L1-7,147,-,chr2:74699274-74699301:-,False,"            5'- GGGCCAGGGACGCGGCGGGCAGCGGGGACAAGCCGGG -3'
       rG4seq-K --------------------------*----------",CCDC142|ENSG00000135637.13_3;MRPL53|ENSG00000204822.6_3,ENST00000258105.7_1;ENST00000409710.1_1;ENST00000454193.5_2;ENST00000467349.1_1;ENST00000468875.1_1,3UTR;CDS
chr2,74734302,74734303,bulges,48,-,chr2:74734300-74734335:-,False,"            5'- GGGAAGGCGCACGGGTTGGGGTTTGAGGGTGGATGATTGGTGACG -3'
       rG4seq-K --------------------------------*------------",PCGF1|ENSG00000115289.13_3,ENST00000233630.10_1;ENST00000475863.5_1;ENST00000480844.2_1;ENST00000496911.1_1,non_coding
chr2,74734305,74734306,longloop,28,-,chr2:74734306-74734335:-,False,"            5'- GGGAAGGCGCACGGGTTGGGGTTTGAGGGTGGATGATTG -3'
       rG4seq-K -----------------------------*---------",PCGF1|ENSG00000115289.13_3,ENST00000233630.10_1;ENST00000475863.5_1;ENST00000480844.2_1;ENST00000496911.1_1,non_coding
chr2,85569439,85569441,canonical/G3L1-7,152,-,chr2:85569440-85569463:-,False,"            5'- GGGAGGTGTGGGGTAAGGGAGGGAAGTCACATC -3'
       rG4seq-K ----------------------**---------",RETSAT|ENSG00000042445.13_3,ENST00000295802.8_1;ENST00000429806.5_2,3UTR
chr2,85569443,85569445,bulges,46,-,chr2:85569445-85569485:-,False,"            5'- GGGCACAGCAGGGGACAGTGCAGGGAGGTGTGGGGTAAGGGAGGGAAGTC -3'
       rG4seq-K ----------------------------------------**--------",RETSAT|ENSG00000042445.13_3,ENST00000295802.8_1;ENST00000429806.5_2,3UTR
chr2,85569450,85569452,longloop,24,-,chr2:85569450-85569485:-,False,"            5'- GGGCACAGCAGGGGACAGTGCAGGGAGGTGTGGGGTAAGGGAGGG -3'
       rG4seq-K ---------------------------------**----------",RETSAT|ENSG00000042445.13_3,ENST00000295802.8_1;ENST00000429806.5_2,3UTR
chr2,85788620,85788621,two-quartet,12,-,chr2:85788620-85788638:-,False,"            5'- GGGAGGCGGAGCCTAGGGAAGCAAATTC -3'
       rG4seq-K -----------------*----------",GGCX|ENSG00000115486.11_2,ENST00000233838.8_1;ENST00000430215.7_1;ENST00000496962.1_1,5UTR
chr2,85835487,85835491,bulges,99,-,chr2:85835489-85835519:-,False,"            5'- GGACTTTGGAGGTGGGGGCGGGGCCTGGGGATCTACCCTT -3'
       rG4seq-K ----------------------------*-**--------",C2orf68|ENSG00000168887.10_3,ENST00000306336.5_3;ENST00000420686.5_1,3UTR
chr2,97525614,97525616,canonical/G3L1-7,53,-,chr2:97525615-97525638:-,False,"            5'- GGGGAGAGAAGGGAGAGGGTGGGCCTGCTGTGG -3'
       rG4seq-K ----------------------**---------",SEMA4C|ENSG00000168758.10_3,ENST00000305476.9_1;ENST00000467747.1_1;ENST00000474420.1_1;ENST00000482925.5_1,3UTR
chr2,97525715,97525716,canonical/G3L1-7,28,-,chr2:97525715-97525735:-,False,"            5'- GGGGGGAAGGGTGGGTGGGGCCTCCCACTT -3'
       rG4seq-K -------------------*----------",SEMA4C|ENSG00000168758.10_3,ENST00000305476.9_1;ENST00000467747.1_1;ENST00000474420.1_1;ENST00000482925.5_1,3UTR
chr2,98273275,98273278,canonical/G3L1-7,127,-,chr2:98273276-98273306:-,False,"            5'- GGGGCATGTTGGGAGAGGGGGAGGGAGGGGAGACAGAGCC -3'
       rG4seq-K ----------------------------***---------",ACTR1B|ENSG00000115073.7_2,ENST00000289228.6_1,3UTR
chr2,98273280,98273282,bulges,38,-,chr2:98273282-98273310:-,False,"            5'- GGGCGGGGCATGTTGGGAGAGGGGGAGGGAGGGGAGAC -3'
       rG4seq-K ----------------------------**--------",ACTR1B|ENSG00000115073.7_2,ENST00000289228.6_1,3UTR
chr2,98273286,98273288,canonical/G3L1-7,31,-,chr2:98273285-98273310:-,False,"            5'- GGGCGGGGCATGTTGGGAGAGGGGGAGGGAGGGGA -3'
       rG4seq-K ----------------------**-----------",ACTR1B|ENSG00000115073.7_2,ENST00000289228.6_1,3UTR
chr2,100079077,100079078,bulges,49,-,"chr2:100081383-100081401:-,chr2:100079078-100079084:-",True,"            5'- GATGGCTGGGAAACATGGGGTGGGTATATGGCTG -3'
       rG4seq-K ------------------------*---------",REV1|ENSG00000135945.9_3,ENST00000258428.7_1;ENST00000393445.7_2;ENST00000413697.5_1;ENST00000473819.1_1,CDS
chr2,106709835,106709839,bulges,66,-,chr2:106709836-106709858:-,False,"            5'- GGGGCGGGGGCAGGTTGGGGGGCACAAAGTTA -3'
       rG4seq-K -------------------**-*---------",UXS1|ENSG00000115652.14_2,ENST00000283148.11_1;ENST00000497604.1_1,3UTR
chr2,113495690,113495693,canonical/G3L1-7,38,-,chr2:113495691-113495715:-,False,"            5'- GGGGGGCAGGGGAGAGGGGTGGGGAGTGGACACT -3'
       rG4seq-K ----------------------***---------",CKAP2L|ENSG00000169607.12_2,ENST00000302450.10_1;ENST00000435431.5_1,3UTR
chr2,128062360,128062362,two-quartet,52,-,chr2:128062361-128062378:-,False,"            5'- GGTGTGGGGGTGGAGGGTATGGAAGAC -3'
       rG4seq-K ----------------**---------",MAP3K2|ENSG00000169967.16_2,ENST00000409947.5_1,3UTR
chr2,128481973,128481974,bulges,186,-,chr2:128481974-128482002:-,False,"            5'- GGGTGGGATGGAGATGGCTCACGAAGGGATGATCTGGA -3'
       rG4seq-K ----------------------------*---------",WDR33|ENSG00000136709.11_4,ENST00000322313.8_1,CDS
chr2,128481990,128481991,two-quartet,114,-,"chr2:128482460-128482462:-,chr2:128481991-128482017:-",True,"            5'- GGGGTAGAGAAGGAAGTGGGTGGGATGGAGATGGCTCA -3'
       rG4seq-K ----------------------------*---------",WDR33|ENSG00000136709.11_4,ENST00000322313.8_1,CDS
chr2,128481994,128481996,bulges,54,-,"chr2:128482460-128482462:-,chr2:128481995-128482017:-",True,"            5'- GGGGTAGAGAAGGAAGTGGGTGGGATGGAGATGG -3'
       rG4seq-K -----------------------**---------",WDR33|ENSG00000136709.11_4,ENST00000322313.8_1,CDS
chr2,128568665,128568667,bulges,32,-,chr2:128568663-128568694:-,False,"            5'- GGAGCGGGATTGAGAGGATCGGGGTGGGGAGACCAAACAAG -3'
       rG4seq-K ---------------------------**------------",WDR33|ENSG00000136709.11_4,ENST00000322313.8_1;ENST00000393006.5_1;ENST00000409658.7_1;ENST00000436787.5_1,5UTR
chr2,128601266,128601269,bulges,31,-,chr2:128601267-128601297:-,False,"            5'- GGTTCAATGTATCAATTGGGTGGGAGGGGGCACATTCAGA -3'
       rG4seq-K ----------------------------***---------",POLR2D|ENSG00000144231.10_3,ENST00000272645.8_1,3UTR
chr2,128620995,128620997,canonical/G3L1-7,28,-,chr2:128620996-128621015:-,False,"            5'- GGGAAGGGATGGGCAAGGGTGAGTGGGTT -3'
       rG4seq-K ------------------**---------",AMMECR1L|ENSG00000144233.9_2,ENST00000272647.9_1;ENST00000393001.1_1,3UTR
chr2,128621067,128621070,bulges,27,-,chr2:128621068-128621095:-,False,"            5'- GTCAGGAATGGGGAAGGGGAGTGGGGGCACAATCTGA -3'
       rG4seq-K -------------------------***---------",AMMECR1L|ENSG00000144233.9_2,ENST00000272647.9_1;ENST00000393001.1_1,3UTR
chr2,128699514,128699516,bulges,20,-,chr2:128699515-128699531:-,False,"            5'- GGGGGTGGGGGGAGGGTTTTGGTTTT -3'
       rG4seq-K ---------------**---------",SAP130|ENSG00000136715.18_4,ENST00000259234.10_3;ENST00000259235.7_2;ENST00000357702.9_2;ENST00000643581.1_1,3UTR
chr2,129025691,129025693,bulges,15,-,chr2:129025692-129025718:-,False,"            5'- GGGAGGCCTCTTGGGGGGTGTGGGGGATAAAACAGG -3'
       rG4seq-K -------------------------**---------",HS6ST1|ENSG00000136720.6_2,ENST00000259241.6_1;ENST00000469019.1_1,3UTR
chr2,131593166,131593167,bulges,15,-,chr2:131593166-131593195:-,False,"            5'- GGCCCATGGTGGTGGGAGGAGGGTGTGGGATTCGGATCT -3'
       rG4seq-K ----------------------------*----------",AC133785.1|ENSG00000233221.6_4,ENST00000429282.5_1;ENST00000446213.2_1,non_coding
chr2,131808388,131808389,bulges,61,-,chr2:131808387-131808421:-,False,"            5'- GGTTTGAGTGCTGTGGGCTCTGGTGGGGAGGGGGCTCTGCTCCT -3'
       rG4seq-K --------------------------------*-----------",FAM168B|ENSG00000152102.17_2,ENST00000409185.5_1,3UTR
chr2,131809273,131809274,two-quartet,185,-,chr2:131809274-131809290:-,False,"            5'- GGGGCGAGGGGGGTGGTTTATGTGTC -3'
       rG4seq-K ----------------*---------",FAM168B|ENSG00000152102.17_2,ENST00000409185.5_1,3UTR
chr2,131809429,131809430,bulges,130,-,chr2:131809430-131809453:-,False,"            5'- GGGAGGGAGTTGCGAGGTTTGGGAGAGAGTAGG -3'
       rG4seq-K -----------------------*---------",FAM168B|ENSG00000152102.17_2,ENST00000409185.5_1,3UTR
chr2,136743109,136743116,longloop,122,-,chr2:136743110-136743136:-,False,"            5'- GGGAGGGCGGAGACTGGGAGGGAGGGAGAAGCCCCT -3'
       rG4seq-K --------------------***-***---------",DARS|ENSG00000115866.10_2,ENST00000264161.8_1;ENST00000435076.1_1;ENST00000441323.5_1;ENST00000449218.5_1;ENST00000456565.5_1,5UTR;CDS
chr2,152139466,152139468,longloop,54,-,"chr2:152146106-152146142:-,chr2:152139467-152139468:-",True,"            5'- GGGCCTTGGGGAGCTGCGCTCGGCGGGCGGACGCGGGGGATCATGGA -3'
       rG4seq-K ------------------------------------**---------",NMI|ENSG00000123609.10_3,ENST00000243346.9_1;ENST00000414946.1_2;ENST00000477072.1_1;ENST00000491771.5_1,5UTR
chr2,152657068,152657070,bulges,35,-,chr2:152657069-152657097:-,False,"            5'- GGGGTTATAGTGGGGAAGTGGATAGGGGATTCATTTTC -3'
       rG4seq-K ---------------------------**---------",ARL5A|ENSG00000162980.16_3,ENST00000295087.12_1;ENST00000446896.7_1,3UTR
chr2,153511298,153511301,bulges,36,-,chr2:153511299-153511321:-,False,"            5'- GGCTGAAGGGGTGGGTGAGGGGATTGTTTCTC -3'
       rG4seq-K --------------------***---------",PRPF40A|ENSG00000196504.16_4,ENST00000410080.6_2,3UTR
chr2,154334083,154334087,canonical/G3L1-7,16,-,chr2:154334084-154334108:-,False,"            5'- GGGAGAAGGGGTGGGGGGAGGGGGAGCCTGCGAA -3'
       rG4seq-K ---------------------****---------",AC012501.1|ENSG00000227400.2_6;RPRM|ENSG00000177519.3_3,ENST00000325926.3_1;ENST00000424322.1_1,3UTR;non_coding
chr2,160885436,160885438,two-quartet,27,-,chr2:160885437-160885452:-,False,"            5'- GGAGGTGTGGATGGGCCTCAATCAG -3'
       rG4seq-K --------------**---------",PLA2R1|ENSG00000153246.12_3,ENST00000283243.12_2;ENST00000392771.1_2,CDS
chr2,161130214,161130217,canonical/G3L1-7,129,-,chr2:161130215-161130237:-,False,"            5'- GGGGATGGGGGTGGGGGAGGGGAGTCACTGAA -3'
       rG4seq-K --------------------***---------",RBMS1|ENSG00000153250.19_3,ENST00000348849.7_1;ENST00000392753.7_1;ENST00000474820.5_1,3UTR
chr2,161130219,161130223,canonical/G3L1-7,15,-,chr2:161130221-161130243:-,False,"            5'- GGGGTTGGGGATGGGGGTGGGGGAGGGGAGTC -3'
       rG4seq-K --------------------****--------",RBMS1|ENSG00000153250.19_3,ENST00000348849.7_1;ENST00000392753.7_1;ENST00000474820.5_1,3UTR
chr2,169746846,169746847,bulges,96,-,chr2:169746847-169746879:-,False,"            5'- GGGCGCGGATCTGGTGTGGGGAAGGCGGCGGGACTCAGGCCT -3'
       rG4seq-K --------------------------------*---------",SPC25|ENSG00000152253.8_2,ENST00000282074.6_1;ENST00000451987.5_1;ENST00000472216.2_1,5UTR
chr2,169746857,169746860,two-quartet,62,-,chr2:169746858-169746888:-,False,"            5'- GGCTAGAGTGGGCGCGGATCTGGTGTGGGGAAGGCGGCGG -3'
       rG4seq-K ----------------------------*-*---------",SPC25|ENSG00000152253.8_2,ENST00000282074.6_1;ENST00000451987.5_1;ENST00000472216.2_1,5UTR
chr2,175427122,175427124,longloop,120,-,chr2:175427123-175427158:-,False,"            5'- GGGAGGGGGAGTGGGAATATGCGTGTGTGGGTGGGAATCGGTAAG -3'
       rG4seq-K ----------------------------------**---------",WIPF1|ENSG00000115935.17_4,ENST00000272746.9_1;ENST00000359761.7_1;ENST00000392546.6_1;ENST00000392547.6_1,3UTR
chr2,175427142,175427146,bulges,34,-,chr2:175427143-175427172:-,False,"            5'- GCAGGAGGAAAGGTGGGAGGGGGAGTGGGAATATGCGTG -3'
       rG4seq-K --------------------------****---------",WIPF1|ENSG00000115935.17_4,ENST00000272746.9_1;ENST00000359761.7_1;ENST00000392546.6_1;ENST00000392547.6_1,3UTR
chr2,175440019,175440023,bulges,31,-,chr2:175440020-175440061:-,False,"            5'- GGCGGCGGATTTGGCGGAGGAGGTGGTGGCGGAGGCGGTGGAAGTTTTGGA -3'
       rG4seq-K --------------------------------------****---------",WIPF1|ENSG00000115935.17_4,ENST00000272746.9_1;ENST00000359761.7_1;ENST00000392546.6_1;ENST00000392547.6_1;ENST00000409415.7_3;ENST00000409891.5_1;ENST00000410117.5_3;ENST00000436221.1_3;ENST00000455428.5_3,CDS
chr2,179343248,179343249,potential G-quadruplex & G>=40%,590,-,chr2:179343248-179343308:-,False,"            5'- GCCACGCGTCGGAACTCGGCCGCGGGACATCCACGGGGCGCGAGTGACACGCGGGAGGGAGAGCAGTGTT -3'
       rG4seq-K -----------------------------------------------------------*----------",FKBP7|ENSG00000079150.17_4,ENST00000233092.10_1;ENST00000419184.1_1;ENST00000424785.6_1;ENST00000435079.1_1;ENST00000464248.1_1;ENST00000470945.1_1,5UTR
chr2,183902913,183902916,bulges,18,-,chr2:183902912-183902938:-,False,"            5'- GGCGGAGGTCGCGGGCGGGAGGGGAGGAGGCCCGAG -3'
       rG4seq-K ----------------------***-----------",NCKAP1|ENSG00000061676.14_3,ENST00000360982.2_2;ENST00000361354.8_2,5UTR
chr2,191373858,191373860,bulges,24,-,chr2:191373859-191373886:-,False,"            5'- GGACAAGGAAGTGGGCAAAGGGCAGGGATTCTATTAA -3'
       rG4seq-K --------------------------**---------",NEMP2|ENSG00000189362.11_3,ENST00000409150.7_2,3UTR
chr2,196999217,196999219,two-quartet,21,-,chr2:196999217-196999236:-,False,"            5'- GGACTGGGGGTTTAGGGGGATGGTTTCAG -3'
       rG4seq-K -----------------**----------",STK17B|ENSG00000081320.10_3,ENST00000263955.8_1,3UTR
chr2,197657761,197657762,bulges,200,-,chr2:197657762-197657793:-,False,"            5'- GAGGAAGAAGAGGAGGAGGAGGAGGAGGAGGAAGAAACACC -3'
       rG4seq-K -------------------------------*---------",GTF3C3|ENSG00000119041.10_5,ENST00000263956.7_1;ENST00000409364.3_1;ENST00000448539.1_1;ENST00000451088.6_3;ENST00000455546.6_3,3UTR;CDS
chr2,197657764,197657765,bulges,72,-,chr2:197657762-197657793:-,False,"            5'- GAGGAAGAAGAGGAGGAGGAGGAGGAGGAGGAAGAAACACC -3'
       rG4seq-K ----------------------------*------------",GTF3C3|ENSG00000119041.10_5,ENST00000263956.7_1;ENST00000409364.3_1;ENST00000448539.1_1;ENST00000451088.6_3;ENST00000455546.6_3,3UTR;CDS
chr2,198351778,198351779,bulges,217,-,chr2:198351779-198351809:-,False,"            5'- GGGTGGAATGGGAGGTGGTATGGGAGGTGGCATGTTCTAA -3'
       rG4seq-K ------------------------------*---------",HSPD1|ENSG00000144381.16_3,ENST00000345042.6_1;ENST00000388968.7_1,CDS
chr2,198351781,198351782,bulges,132,-,chr2:198351779-198351809:-,False,"            5'- GGGTGGAATGGGAGGTGGTATGGGAGGTGGCATGTTCTAA -3'
       rG4seq-K ---------------------------*------------",HSPD1|ENSG00000144381.16_3,ENST00000345042.6_1;ENST00000388968.7_1,CDS
chr2,198351784,198351785,longloop,105,-,chr2:198351785-198351818:-,False,"            5'- GGGTGCAATGGGTGGAATGGGAGGTGGTATGGGAGGTGGCATG -3'
       rG4seq-K ---------------------------------*---------",HSPD1|ENSG00000144381.16_3,ENST00000345042.6_1;ENST00000388968.7_1,CDS
chr2,201753819,201753820,bulges,48,-,chr2:201753818-201753851:-,False,"            5'- GAGGGGAGGAAGGAGGTGAGGCGGTAAGGGGCGTTCTCTCTCT -3'
       rG4seq-K -------------------------------*-----------",PPIL3|ENSG00000240344.8_2,ENST00000286175.12_1;ENST00000392283.8_1;ENST00000409361.5_1;ENST00000409449.5_1;ENST00000443398.5_2;ENST00000465823.5_1;ENST00000492074.5_1;ENST00000497501.5_1,5UTR
chr2,201775432,201775434,bulges,35,-,chr2:201775433-201775463:-,False,"            5'- GGCTATGTACTTGGTGGGGGCAGGGGAGGGAATATATTAT -3'
       rG4seq-K -----------------------------**---------",ORC2|ENSG00000115942.8_2,ENST00000234296.6_1;ENST00000464147.1_1,3UTR
chr2,202242982,202242983,two-quartet,26,-,chr2:202242983-202243002:-,False,"            5'- GGAGGCAGGGTGGTGGGGGTGTATTAGCA -3'
       rG4seq-K -------------------*---------",TRAK2|ENSG00000115993.12_3,ENST00000332624.7_1,3UTR
chr2,202244513,202244515,canonical/G3L1-7,36,-,chr2:202244514-202244532:-,False,"            5'- GGGTAGAGGGTGGGAGGGATTTACTTTT -3'
       rG4seq-K -----------------**---------",TRAK2|ENSG00000115993.12_3,ENST00000332624.7_1,3UTR
chr2,203066116,203066119,potential G-quadruplex & G>=40%,27,-,chr2:203066116-203066176:-,False,"            5'- CCAATGTCCTCGTAACTCAGTGGAAGGGGAACTTCTTCATGGGTGAATCAGATGGTGGCTACACCATCTG -3'
       rG4seq-K ---------------------------------------------------------*-*----------",DAZAP2P1|ENSG00000223825.5_4,ENST00000475212.1_1,non_coding
chr2,218666213,218666214,canonical/G3L1-7,46,-,chr2:218666214-218666239:-,False,"            5'- GGGCTGGGATGGGAAAGGGTCTGGGAGAAGATGGG -3'
       rG4seq-K -------------------------*---------",TNS1|ENSG00000079308.18_5,ENST00000171887.8_2;ENST00000646520.1_2,3UTR
chr2,218669127,218669129,canonical/G3L1-7,43,-,chr2:218669127-218669151:-,False,"            5'- GGGGAAGGGGCTTGTGGGGAGGGGACCCATGAAT -3'
       rG4seq-K ----------------------**----------",TNS1|ENSG00000079308.18_5,ENST00000171887.8_2;ENST00000419504.5_2;ENST00000430930.5_2;ENST00000446688.5_2;ENST00000490566.1_1;ENST00000611415.4_2;ENST00000615025.4_1;ENST00000646520.1_2,3UTR
chr2,219129149,219129152,canonical/G3L1-7,74,-,chr2:219129150-219129177:-,False,"            5'- GGGCACAGAGGGAAGAGGAGGGTGGGGCCCTGGATGA -3'
       rG4seq-K -------------------------***---------",AAMP|ENSG00000127837.9_2,ENST00000248450.8_1;ENST00000420660.5_1;ENST00000422731.1_1;ENST00000444053.5_1;ENST00000475678.5_1;ENST00000489767.5_1;ENST00000494720.5_1,3UTR
chr2,219139038,219139042,longloop,53,-,chr2:219139039-219139076:-,False,"            5'- GGGGAAGGGGGACAAGGGTCAGTCTGTCGGGTGGGGGCAGAAATCAA -3'
       rG4seq-K ----------------------------------****---------",TMBIM1|ENSG00000135926.14_5,ENST00000258412.7_1;ENST00000396809.6_1;ENST00000444881.5_1;ENST00000465082.5_1,3UTR
chr2,219140000,219140001,bulges,56,-,chr2:219140001-219140031:-,False,"            5'- GGGTACTTGGTGGGGACGGAGGAGCTAGGGACTAACTGTT -3'
       rG4seq-K ------------------------------*---------",TMBIM1|ENSG00000135926.14_5,ENST00000258412.7_1;ENST00000396809.6_1;ENST00000444881.5_1;ENST00000445635.5_1;ENST00000465082.5_1,3UTR
chr2,220116259,220116260,potential G-quadruplex & G>=40%,40,-,chr2:220116259-220116319:-,False,"            5'- ATTGACCCAGTGCTGGATCGGATCCGCAAGCTGGTGAGAGTGTGTCTTGGGAGGGAGGGAACTTTTGAGA -3'
       rG4seq-K -----------------------------------------------------------*----------",TUBA4A|ENSG00000127824.13_3,ENST00000248437.8_1;ENST00000392088.6_1;ENST00000398989.2_1;ENST00000425551.1_1;ENST00000427737.5_1;ENST00000447205.1_1;ENST00000456818.5_1;ENST00000462806.5_1;ENST00000475683.1_1;ENST00000498660.1_1,CDS
chr2,232319940,232319941,bulges,692,-,chr2:232319939-232319975:-,False,"            5'- GAGGAGGCTTCCGAGGAGGCAGAGGAGGAGGAGGTGACCACAAGCC -3'
       rG4seq-K ----------------------------------*-----------",NCL|ENSG00000115053.15_3,ENST00000322723.8_1;ENST00000461347.5_1,CDS
chr2,232319943,232319944,bulges,579,-,chr2:232319942-232319975:-,False,"            5'- GAGGAGGCTTCCGAGGAGGCAGAGGAGGAGGAGGTGACCACAA -3'
       rG4seq-K -------------------------------*-----------",NCL|ENSG00000115053.15_3,ENST00000322723.8_1;ENST00000461347.5_1,CDS
chr2,232319946,232319947,bulges,520,-,"chr2:232320111-232320115:-,chr2:232319948-232319978:-",True,"            5'- GGAGGGCGAGGAGGCTTCCGAGGAGGCAGAGGAGGAGGAGGTGA -3'
       rG4seq-K -----------------------------------*--------",NCL|ENSG00000115053.15_3,ENST00000322723.8_1;ENST00000461347.5_1,CDS
chr2,232325381,232325382,bulges,2119,-,chr2:232325382-232325407:-,False,"            5'- GAGGAGGAGGAAGAAGAGGAGGAGGAAGAGCCTGT -3'
       rG4seq-K -------------------------*---------",NCL|ENSG00000115053.15_3,ENST00000322723.8_1;ENST00000461347.5_1;ENST00000494618.1_1,CDS
chr2,242576461,242576463,canonical/G3L1-7,39,-,chr2:242576462-242576488:-,False,"            5'- GGGCGGGCGGGCGGCTAGGGCCGGGGCCTGGCTGCG -3'
       rG4seq-K -------------------------**---------",THAP4|ENSG00000176946.11_2,ENST00000407315.5_1,5UTR
chr20,2637369,2637372,canonical/G3L1-7,22,+,chr20:2637346-2637371:+,False,"            5'- GGGTAGAGGGAACACAGGGTTGGGGTAGTTTCTCT -3'
       rG4seq-K -----------------------***---------",NOP56|ENSG00000101361.16_4,ENST00000329276.9_1;ENST00000415272.2_3;ENST00000462630.5_1;ENST00000466447.5_1;ENST00000467196.5_3;ENST00000471023.1_1;ENST00000480447.5_1;ENST00000490753.1_1;ENST00000492135.5_1;ENST00000612233.1_1;ENST00000616692.1_1,non_coding
chr20,3627572,3627573,bulges,13,+,chr20:3627555-3627573:+,False,"            5'- GGGAAGGGCGTGGCGGGGAAATGGCTGT -3'
       rG4seq-K -----------------*----------",ATRN|ENSG00000088812.17_3,ENST00000262919.9_1,3UTR
chr20,3786467,3786468,two-quartet,97,+,chr20:3786441-3786467:+,False,"            5'- GGATGGAAGGTTGGATGGATGGGTGGATGGCCGTGG -3'
       rG4seq-K --------------------------*---------",CDC25B|ENSG00000101224.17_4,ENST00000245960.9_1;ENST00000344256.10_3;ENST00000379598.9_1;ENST00000439880.6_1,3UTR
chr20,3854938,3854939,canonical/G3L1-7,30,+,chr20:3854917-3854939:+,False,"            5'- GGGGAGGGATACTGGGGAGGGGCATCCTGGAG -3'
       rG4seq-K ---------------------*----------",MAVS|ENSG00000088888.17_2,ENST00000416600.6_1;ENST00000428216.3_1,3UTR
chr20,3855309,3855310,bulges,32,+,chr20:3855284-3855309:+,False,"            5'- GGGGGTGTGGTGGCTGGGGATTGGGAAGAAGCTGG -3'
       rG4seq-K -------------------------*---------",MAVS|ENSG00000088888.17_2,ENST00000416600.6_1;ENST00000428216.3_1,3UTR
chr20,4163041,4163043,longloop,52,+,chr20:4163001-4163042:+,False,"            5'- GGGTGGCCAGGGTGGAGAGGAGCCCCGGGGGGGCAGGTGGGATGAGGATGA -3'
       rG4seq-K ----------------------------------------**---------",SMOX|ENSG00000088826.17_3,ENST00000278795.7_1;ENST00000305958.8_2;ENST00000339123.10_1;ENST00000346595.6_1;ENST00000379460.6_2;ENST00000457205.1_1;ENST00000494098.5_1;ENST00000621355.4_2,CDS
chr20,4680110,4680112,two-quartet,66,+,chr20:4680086-4680111:+,False,"            5'- GGCAGCCCCATGGTGGTGGCTGGGGACAGCCTCAT -3'
       rG4seq-K ------------------------**---------",PRNP|ENSG00000171867.16_3,ENST00000379440.8_2;ENST00000424424.1_3;ENST00000430350.2_2;ENST00000457586.1_1,CDS
chr20,5931583,5931585,canonical/G3L1-7,80,+,chr20:5931569-5931584:+,False,"            5'- GGGAGGGAGGGAGGGAGAATCCGGC -3'
       rG4seq-K --------------**---------",MCM8|ENSG00000125885.13_6,ENST00000265187.4_1;ENST00000378883.5_1;ENST00000378886.6_5;ENST00000378896.7_2;ENST00000610722.4_2,5UTR
chr20,5932736,5932737,two-quartet,50,+,chr20:5932713-5932736:+,False,"            5'- GGAAAAGGGGAAGAGGTGGTGGGAACTTCTCAG -3'
       rG4seq-K -----------------------*---------",MCM8|ENSG00000125885.13_6,ENST00000265187.4_1;ENST00000378883.5_1;ENST00000378886.6_5;ENST00000378896.7_2;ENST00000610722.4_2,CDS
chr20,13281081,13281083,canonical/G3L1-7,13,+,chr20:13281061-13281082:+,False,"            5'- GGGGGGGAGGGTCAATCTGGGGAATCTTAGT -3'
       rG4seq-K --------------------**---------",ISM1|ENSG00000101230.5_4,ENST00000262487.4_1,3UTR
chr20,17971062,17971066,canonical/G3L1-7,56,+,chr20:17971045-17971066:+,False,"            5'- GGGACATTGGGGGGGGGGGGGCGTGGTCCCA -3'
       rG4seq-K -----------------****----------",MGME1|ENSG00000125871.13_3,ENST00000377704.4_3;ENST00000377709.1_2;ENST00000377710.9_2;ENST00000463219.1_1,3UTR
chr20,19998003,19998004,longloop,64,+,chr20:19997975-19998004:+,False,"            5'- GGGAGACTTCCGGCAGGGCGGGCGCGGGGTCTTGGCGAA -3'
       rG4seq-K ----------------------------*----------",NAA20|ENSG00000173418.11_2,ENST00000310450.8_1;ENST00000334982.8_1;ENST00000463154.5_1;ENST00000480550.1_1;ENST00000484480.5_1,5UTR
chr20,23345939,23345940,bulges,14,+,chr20:23345910-23345939:+,False,"            5'- GGAGGAGGAAGAGGAGGAGGAGGAGGAGGACGAAGAAGG -3'
       rG4seq-K -----------------------------*---------",GZF1|ENSG00000125812.15_3,ENST00000338121.9_1;ENST00000377051.2_1;ENST00000461789.1_1,CDS
chr20,30753401,30753402,two-quartet,19,+,chr20:30753374-30753400:+,False,"            5'- GGATCCTGGGGCTGCGTGGGGGGCGGGAGGGCCTGT -3'
       rG4seq-K ---------------------------*--------",TM9SF4|ENSG00000101337.15_3,ENST00000217315.9_1;ENST00000398022.6_1;ENST00000479591.1_1;ENST00000495749.1_1,3UTR
chr20,30753404,30753406,canonical/G3L1-7,128,+,chr20:30753381-30753405:+,False,"            5'- GGGGCTGCGTGGGGGGCGGGAGGGCCTGTAGATA -3'
       rG4seq-K -----------------------**---------",TM9SF4|ENSG00000101337.15_3,ENST00000217315.9_1;ENST00000398022.6_1;ENST00000479591.1_1;ENST00000495749.1_1,3UTR
chr20,30898801,30898803,bulges,23,+,chr20:30898776-30898802:+,False,"            5'- GGGAGAAGAGGGTGAGGAGGAAGGGGATGATAAGGA -3'
       rG4seq-K -------------------------**---------",KIF3B|ENSG00000101350.7_2,ENST00000375712.3_1,CDS
chr20,31025428,31025432,bulges,24,+,chr20:31025410-31025431:+,False,"            5'- GGGGTTGCGGGGGGTGGGGGGACTGCCTGAC -3'
       rG4seq-K ------------------****---------",ASXL1|ENSG00000171456.18_5,ENST00000306058.9_2;ENST00000375687.9_2;ENST00000613218.4_1;ENST00000620121.4_1;ENST00000646985.1_1;ENST00000647223.1_1,3UTR
chr20,31407758,31407760,canonical/G3L1-7,156,+,chr20:31407744-31407760:+,False,"            5'- GGGCGGGCGGGCGGGGTCTGGCGGTT -3'
       rG4seq-K --------------**----------",MAPRE1|ENSG00000101367.8_2,ENST00000375571.5_1,5UTR
chr20,32441578,32441580,canonical/G3L1-7,79,+,chr20:32441553-32441579:+,False,"            5'- GGGGGGAGGGGGGCGGGCGGGGTGGGAAGTGCCTGC -3'
       rG4seq-K -------------------------**---------",CHMP4B|ENSG00000101421.3_2,ENST00000217402.2_1,3UTR
chr20,32664896,32664898,bulges,32,+,chr20:32664859-32664899:+,False,"            5'- GGCGCCGGCGGCGGCGGCGGTGGTGGTGGCAGCGGTGGCGGTGGCAGTGG -3'
       rG4seq-K -------------------------------------**-----------",RALY|ENSG00000125970.11_4,ENST00000246194.7_1;ENST00000333552.9_2;ENST00000375114.7_1;ENST00000442805.1_4;ENST00000481580.1_1,CDS
chr20,32664900,32664901,bulges,54,+,chr20:32664865-32664903:+,False,"            5'- GGCGGCGGCGGCGGTGGTGGTGGCAGCGGTGGCGGTGGCAGTGGTGGT -3'
       rG4seq-K -----------------------------------*------------",RALY|ENSG00000125970.11_4,ENST00000246194.7_1;ENST00000333552.9_2;ENST00000375114.7_1;ENST00000442805.1_4;ENST00000481580.1_1,CDS
chr20,32664903,32664904,bulges,75,+,chr20:32664865-32664903:+,False,"            5'- GGCGGCGGCGGCGGTGGTGGTGGCAGCGGTGGCGGTGGCAGTGGTGGT -3'
       rG4seq-K --------------------------------------*---------",RALY|ENSG00000125970.11_4,ENST00000246194.7_1;ENST00000333552.9_2;ENST00000375114.7_1;ENST00000442805.1_4;ENST00000481580.1_1,CDS
chr20,32664927,32664928,bulges,163,+,chr20:32664890-32664927:+,False,"            5'- GCGGTGGCGGTGGCAGTGGTGGTGGCGGTGGCGGTGGCAGCAGCCGG -3'
       rG4seq-K -------------------------------------*---------",RALY|ENSG00000125970.11_4,ENST00000246194.7_1;ENST00000375114.7_1;ENST00000442805.1_4;ENST00000481580.1_1,CDS
chr20,33096470,33096471,two-quartet,74,+,chr20:33096455-33096472:+,False,"            5'- GGGCAGCGTGGTGGGGGATAAATAAAT -3'
       rG4seq-K ---------------*-----------",ITCH|ENSG00000078747.14_3,ENST00000374864.8_3,3UTR
chr20,33147930,33147931,canonical/G3L1-7,18,+,chr20:33147912-33147931:+,False,"            5'- GGGATGGGGGAGGGTGGGGAGCAGCTCCC -3'
       rG4seq-K ------------------*----------",MAP1LC3A|ENSG00000101460.12_2,ENST00000360668.7_1;ENST00000374837.7_1;ENST00000397709.1_1;ENST00000476428.1_1,3UTR
chr20,34131579,34131580,two-quartet,19,+,chr20:34131552-34131579:+,False,"            5'- GGTTTTTTTGGTGGGAGGGAGGAGTGGCTATTGGATA -3'
       rG4seq-K ---------------------------*---------",ERGIC3|ENSG00000125991.19_4,ENST00000279052.10_1;ENST00000348547.6_3;ENST00000357394.8_3;ENST00000411577.5_2;ENST00000413587.5_3;ENST00000416206.5_2;ENST00000438317.5_1;ENST00000447986.5_1;ENST00000461043.6_1;ENST00000496172.5_1;ENST00000640748.1_1,3UTR
chr20,35944849,35944851,bulges,43,+,chr20:35944825-35944850:+,False,"            5'- GGCCTGAGGAGCTGGGCGGGCAGGGAGAGGGTCTT -3'
       rG4seq-K ------------------------**---------",MANBAL|ENSG00000101363.12_2,ENST00000373605.7_1;ENST00000373606.7_1;ENST00000397150.5_1;ENST00000397151.1_1;ENST00000397152.7_1,3UTR
chr20,35944855,35944857,canonical/G3L1-7,75,+,chr20:35944838-35944856:+,False,"            5'- GGGCGGGCAGGGAGAGGGTCTTGGGGAC -3'
       rG4seq-K -----------------**---------",MANBAL|ENSG00000101363.12_2,ENST00000373605.7_1;ENST00000373606.7_1;ENST00000397150.5_1;ENST00000397151.1_1;ENST00000397152.7_1,3UTR
chr20,35944862,35944865,canonical/G3L1-7,159,+,chr20:35944838-35944864:+,False,"            5'- GGGCGGGCAGGGAGAGGGTCTTGGGGACAGCCCTCC -3'
       rG4seq-K ------------------------***---------",MANBAL|ENSG00000101363.12_2,ENST00000373605.7_1;ENST00000373606.7_1;ENST00000397150.5_1;ENST00000397151.1_1;ENST00000397152.7_1,3UTR
chr20,36032366,36032368,bulges,23,+,chr20:36032342-36032367:+,False,"            5'- GGCCTGATGATGGTGGGTGGGTGGGATGAGTACCC -3'
       rG4seq-K ------------------------**---------",SRC|ENSG00000197122.11_3,ENST00000358208.8_2;ENST00000373558.2_2;ENST00000373567.6_2;ENST00000373578.6_2;ENST00000477066.5_1,3UTR
chr20,36033756,36033759,bulges,25,+,chr20:36033732-36033759:+,False,"            5'- GGCCCAGACTTGCGGGGGGTGGGGGGGTATCCAGAAT -3'
       rG4seq-K ------------------------***----------",SRC|ENSG00000197122.11_3,ENST00000358208.8_2;ENST00000373558.2_2;ENST00000373567.6_2;ENST00000373578.6_2;ENST00000477066.5_1,3UTR
chr20,36719398,36719401,canonical/G3L1-7,52,+,chr20:36719375-36719400:+,False,"            5'- GGGCAGGGGAAGCGGGGAGTTGGGGATATTAATTG -3'
       rG4seq-K -----------------------***---------",RPRD1B|ENSG00000101413.11_2,ENST00000373433.8_1;ENST00000462548.6_1;ENST00000614670.1_1;ENST00000618318.1_1,3UTR
chr20,36719412,36719415,longloop,176,+,chr20:36719380-36719414:+,False,"            5'- GGGGAAGCGGGGAGTTGGGGATATTAATTGGGGGTTTTAATTCT -3'
       rG4seq-K --------------------------------***---------",RPRD1B|ENSG00000101413.11_2,ENST00000373433.8_1;ENST00000462548.6_1;ENST00000614670.1_1;ENST00000618318.1_1,3UTR
chr20,39752671,39752673,canonical/G3L1-7,229,+,chr20:39752650-39752672:+,False,"            5'- GGGGTTGGGGAGGGATGAAGGGCGAGTGAATC -3'
       rG4seq-K ---------------------**---------",TOP1|ENSG00000198900.5_2,ENST00000361337.2_1,3UTR
chr20,39797728,39797730,bulges,28,+,"chr20:39797487-39797510:+,chr20:39797718-39797727:+",True,"            5'- GTGGAGAAGCAAGAGGGAGGCTGGTGGCGAGGGGACTACGGA -3'
       rG4seq-K ---------------------------------**-------",PLCG1|ENSG00000124181.14_3,ENST00000244007.7_1;ENST00000373271.5_1;ENST00000477870.5_1;ENST00000483175.5_1;ENST00000612731.2_1;ENST00000617873.4_1;ENST00000619272.2_1,CDS
chr20,39803954,39803956,canonical/G3L1-7,46,+,chr20:39803935-39803955:+,False,"            5'- GGGGGGCGGGCCAGGGTGGGAAGAGAAGAA -3'
       rG4seq-K -------------------**---------",PLCG1|ENSG00000124181.14_3,ENST00000244007.7_1;ENST00000373271.5_1;ENST00000599785.5_1;ENST00000607954.1_2;ENST00000608689.5_2;ENST00000608885.5_2;ENST00000609257.5_2;ENST00000609821.5_2;ENST00000612731.2_1,3UTR
chr20,39804079,39804082,potential G-quadruplex & G>=40%,37,+,chr20:39804022-39804082:+,False,"            5'- GCTTTCCCTGAGGAATGAAAAAGGGATTGAGGAGTTGCCTGACTCCTGGGTGGGTGGGGTACAGGCAGTT -3'
       rG4seq-K ---------------------------------------------------------***----------",PLCG1|ENSG00000124181.14_3,ENST00000244007.7_1;ENST00000373271.5_1;ENST00000599785.5_1;ENST00000607954.1_2;ENST00000608689.5_2;ENST00000608885.5_2;ENST00000609257.5_2;ENST00000609821.5_2;ENST00000612731.2_1,3UTR
chr20,39988904,39988905,canonical/G3L1-7,12,+,chr20:39988881-39988904:+,False,"            5'- GGGAGGGTGGGGGTTTTGCAGGGGTGTTAAAAG -3'
       rG4seq-K -----------------------*---------",LPIN3|ENSG00000132793.11_2,ENST00000373257.7_1;ENST00000632009.1_2,3UTR
chr20,44420715,44420717,bulges,48,+,chr20:44420685-44420716:+,False,"            5'- GGGGCCGAGAGGGGCGGCTTGGAGCTGGGGGATGCGGGCGC -3'
       rG4seq-K ------------------------------**---------",DNTTIP1|ENSG00000101457.12_3,ENST00000372622.7_1;ENST00000449078.5_3;ENST00000456939.5_2,CDS
chr20,44420731,44420734,longloop,77,+,chr20:44420696-44420733:+,False,"            5'- GGGCGGCTTGGAGCTGGGGGATGCGGGCGCAGCGGGGCAGCTGGTTC -3'
       rG4seq-K -----------------------------------***---------",DNTTIP1|ENSG00000101457.12_3,ENST00000372622.7_1;ENST00000449078.5_3;ENST00000456939.5_2,CDS
chr20,46285126,46285128,potential G-quadruplex & G>=40%,44,+,chr20:46285068-46285128:+,False,"            5'- CTTAGTTATCAGTATTTAATATCTGAGGTGAGTTGGGGGTATCTATATTAGGGGTAGGGTATTACAGAAG -3'
       rG4seq-K ----------------------------------------------------------**----------",NCOA3|ENSG00000124151.18_3,ENST00000372004.7_1,3UTR
chr20,48569432,48569434,longloop,288,+,chr20:48569400-48569433:+,False,"            5'- GGGGAGGAGGGTCAGCTAAGAGAAGTGGGAGGGCCAGAGCTTT -3'
       rG4seq-K --------------------------------**---------",RNF114|ENSG00000124226.10_3,ENST00000244061.5_1;ENST00000622920.1_1;ENST00000622999.3_1,3UTR
chr20,48789840,48789841,Unknown,30,+,chr20:48789781-48789841:+,False,"            5'- AGCTCACTGCAGCTTCGACCTCCCGTGCTCAAGTGATTTTCCCACCTCAGCCTCCCGAGTAGCTGGGACT -3'
       rG4seq-K -----------------------------------------------------------*----------",LINC01273|ENSG00000231742.5_4,ENST00000411453.2_1;ENST00000427333.5_1,non_coding
chr20,48930452,48930453,bulges,24,+,chr20:48930429-48930454:+,False,"            5'- GGGTGGTCAAGGTGGGAGAAGGGGGTATCTTTAGC -3'
       rG4seq-K -----------------------*-----------",LINC01270|ENSG00000203999.8_4,ENST00000371639.7_1,non_coding
chr20,49126985,49126986,longloop,66,+,chr20:49126957-49126986:+,False,"            5'- GGGGTCGGGGATTGCAGCGGGCCTCGGGGCTAAGAGCGC -3'
       rG4seq-K ----------------------------*----------",PTPN1|ENSG00000196396.9_2,ENST00000371621.4_1;ENST00000541713.5_1,5UTR
chr20,49201174,49201177,canonical/G3L1-7,105,+,chr20:49201161-49201176:+,False,"            5'- GGGTGGGTGGGGGGGAGTGTCTCAG -3'
       rG4seq-K -------------***---------",PTPN1|ENSG00000196396.9_2,ENST00000371621.4_1;ENST00000541713.5_1,3UTR
chr20,52106218,52106219,bulges,18,+,chr20:52106203-52106220:+,False,"            5'- GGGTGGGGTGGGAGGTGAGAGAAAAAA -3'
       rG4seq-K ---------------*-----------",TSHZ2|ENSG00000182463.15_4,ENST00000371497.9_2;ENST00000605656.2_3,3UTR
chr20,55984225,55984229,bulges,24,+,chr20:55984208-55984228:+,False,"            5'- GGGCGGGGGGCAGCGGGGGGTCTCCCTCCG -3'
       rG4seq-K -----------------*-**---------",RBM38|ENSG00000132819.16_2,ENST00000344785.10_1;ENST00000356208.9_1,3UTR
chr20,57020461,57020462,bulges,124,+,chr20:57020430-57020461:+,False,"            5'- GGCACCAGCAGTTGTGGGTGGGGAGCAAGGGAAGAGAGAAA -3'
       rG4seq-K -------------------------------*---------",VAPB|ENSG00000124164.15_2,ENST00000265619.6_1;ENST00000395802.7_1;ENST00000463370.5_1;ENST00000475243.5_1;ENST00000476395.1_1,3UTR
chr20,57226776,57226778,bulges,311,+,chr20:57226744-57226777:+,False,"            5'- GATCCAAGGTTGGATTGGGGTGGGGTCTCTGGGACGTTGGATC -3'
       rG4seq-K --------------------------------**---------",STX16-NPEPL1|ENSG00000254995.4_3;STX16|ENSG00000124222.22_4,ENST00000312283.12_1;ENST00000355957.9_2;ENST00000359617.8_2;ENST00000361830.7_2;ENST00000371132.8_3;ENST00000371141.8_3;ENST00000412911.5_1;ENST00000458280.5_1;ENST00000460655.5_1;ENST00000476384.5_1;ENST00000483434.5_1;ENST00000490700.5_1;ENST00000496117.5_1;ENST00000530122.1_1,5UTR
chr20,57290355,57290357,bulges,135,+,chr20:57290327-57290356:+,False,"            5'- GGATGTCGAGGAGGGGGACCTGGGGAGGGACTCCAAGAG -3'
       rG4seq-K ----------------------------**---------",NPEPL1|ENSG00000215440.11_3;STX16-NPEPL1|ENSG00000254995.4_3,ENST00000356091.10_1;ENST00000525817.5_1;ENST00000525967.5_1;ENST00000527081.1_1;ENST00000527587.5_1;ENST00000529976.5_1;ENST00000530122.1_1,3UTR;CDS
chr20,57290564,57290566,longloop,42,+,chr20:57290539-57290566:+,False,"            5'- GGGTTTGGTGCGGGCCACGGGGAGGGGACCGGGAAGC -3'
       rG4seq-K -------------------------**----------",NPEPL1|ENSG00000215440.11_3,ENST00000356091.10_1;ENST00000525817.5_1;ENST00000525967.5_1;ENST00000527081.1_1;ENST00000527587.5_1;ENST00000529976.5_1,3UTR
chr20,57290572,57290573,canonical/G3L1-7,64,+,chr20:57290550-57290572:+,False,"            5'- GGGCCACGGGGAGGGGACCGGGAAGCGCTGGG -3'
       rG4seq-K ----------------------*---------",NPEPL1|ENSG00000215440.11_3,ENST00000356091.10_1;ENST00000525817.5_1;ENST00000525967.5_1;ENST00000527081.1_1;ENST00000527587.5_1;ENST00000529976.5_1,3UTR
chr20,57290582,57290583,canonical/G3L1-7,97,+,chr20:57290557-57290582:+,False,"            5'- GGGGAGGGGACCGGGAAGCGCTGGGGCTTGTTTCT -3'
       rG4seq-K -------------------------*---------",NPEPL1|ENSG00000215440.11_3,ENST00000356091.10_1;ENST00000525817.5_1;ENST00000525967.5_1;ENST00000527081.1_1;ENST00000527587.5_1;ENST00000529976.5_1,3UTR
chr20,57569071,57569073,bulges,14,+,chr20:57569045-57569072:+,False,"            5'- GTCACCGGCCGGTGGGGGTGGGGAGGGATTTTTTCCA -3'
       rG4seq-K --------------------------**---------",NELFCD|ENSG00000101158.13_3,ENST00000460601.5_1;ENST00000474543.5_1;ENST00000477741.5_1;ENST00000478389.5_1;ENST00000479207.1_1;ENST00000486263.1_1;ENST00000602795.5_1,non_coding
chr20,58521193,58521195,bulges,29,+,chr20:58521172-58521194:+,False,"            5'- GGGGTGAGGGGCGGGAGAGTGGAATATGAGTA -3'
       rG4seq-K ---------------------**---------",FAM217B|ENSG00000196227.10_4,ENST00000358293.7_2;ENST00000360816.7_2,3UTR
chr20,60709727,60709728,canonical/G3L1-7,13,+,chr20:60709698-60709727:+,False,"            5'- GGGTGGCGTGGGGGGCAGGGGTGGGTGGGTGGAGGGCAC -3'
       rG4seq-K -----------------------------*---------",LSM14B|ENSG00000149657.19_3,ENST00000279068.10_1,3UTR
chr20,60709730,60709731,bulges,24,+,chr20:60709699-60709729:+,False,"            5'- GGTGGCGTGGGGGGCAGGGGTGGGTGGGTGGAGGGCACGG -3'
       rG4seq-K -------------------------------*--------",LSM14B|ENSG00000149657.19_3,ENST00000279068.10_1,3UTR
chr20,60709734,60709735,canonical/G3L1-7,37,+,chr20:60709707-60709734:+,False,"            5'- GGGGGGCAGGGGTGGGTGGGTGGAGGGCACGGAAGGG -3'
       rG4seq-K ---------------------------*---------",LSM14B|ENSG00000149657.19_3,ENST00000279068.10_1,3UTR
chr20,60709832,60709834,bulges,48,+,chr20:60709805-60709833:+,False,"            5'- GTCAAGGTTGGGGCTGGCCAGGGGTGGGTGGACTAGAA -3'
       rG4seq-K ---------------------------**---------",LSM14B|ENSG00000149657.19_3,ENST00000279068.10_1,3UTR
chr20,60710159,60710161,canonical/G3L1-7,118,+,chr20:60710142-60710161:+,False,"            5'- GGGTGGAGGGAGGGTGGGGTCTACATTTG -3'
       rG4seq-K -----------------**----------",LSM14B|ENSG00000149657.19_3,ENST00000279068.10_1,3UTR
chr20,60754785,60754787,canonical/G3L1-7,56,+,chr20:60754770-60754786:+,False,"            5'- GGGGTGGGTGGGAGGGCATCTTCTGT -3'
       rG4seq-K ---------------**---------",SS18L1|ENSG00000184402.14_2,ENST00000331758.7_1;ENST00000370848.8_1;ENST00000492466.2_1,3UTR
chr20,61436274,61436276,bulges,19,+,chr20:61436240-61436275:+,False,"            5'- GGAGGAGGACGAGGAGGATGCGGAGGACGCGGAGGACGAGGACTG -3'
       rG4seq-K ----------------------------------**---------",OGFR|ENSG00000060491.16_3,ENST00000290291.10_3;ENST00000621591.4_1,CDS
chr20,61443990,61443992,two-quartet,15,+,chr20:61443974-61443991:+,False,"            5'- GGGTGGGGGCAGGGTGGACGAGGGGCC -3'
       rG4seq-K ----------------**---------",OGFR|ENSG00000060491.16_3,ENST00000290291.10_3;ENST00000370461.5_3;ENST00000621591.4_1,CDS
chr20,61445291,61445292,bulges,42,+,chr20:61445274-61445292:+,False,"            5'- GGGGGGCGGCGGGCAGGGCTGCTTTTCT -3'
       rG4seq-K -----------------*----------",OGFR|ENSG00000060491.16_3,ENST00000290291.10_3;ENST00000370461.5_3;ENST00000621591.4_1,3UTR;CDS
chr20,61919155,61919158,bulges,16,+,chr20:61919138-61919156:+,False,"            5'- GACGGCGGGGAGGGCGGGGAGGGCACCA -3'
       rG4seq-K -----------------***--------",ARFGAP1|ENSG00000101199.12_5,ENST00000353546.7_1;ENST00000370275.8_3;ENST00000370283.8_1;ENST00000395285.3_1;ENST00000468975.6_1;ENST00000518618.2_1;ENST00000518794.6_1;ENST00000519273.6_1;ENST00000519604.5_1;ENST00000520485.5_1;ENST00000523460.5_1;ENST00000547204.5_1;ENST00000549076.1_1,3UTR;CDS
chr20,61919160,61919162,canonical/G3L1-7,50,+,chr20:61919144-61919161:+,False,"            5'- GGGGAGGGCGGGGAGGGCACCAAGAAG -3'
       rG4seq-K ----------------**---------",ARFGAP1|ENSG00000101199.12_5,ENST00000353546.7_1;ENST00000370275.8_3;ENST00000370283.8_1;ENST00000395285.3_1;ENST00000468975.6_1;ENST00000518618.2_1;ENST00000518794.6_1;ENST00000519273.6_1;ENST00000519604.5_1;ENST00000520485.5_1;ENST00000523460.5_1;ENST00000547204.5_1;ENST00000549076.1_1,3UTR;CDS
chr20,62320995,62320996,canonical/G3L1-7,13,+,chr20:62320976-62320997:+,False,"            5'- GGGCCAGGGTGGGGCTGGGGGCCAGTTCCTC -3'
       rG4seq-K -------------------*-----------",RTEL1-TNFRSF6B|ENSG00000026036.22_4;RTEL1|ENSG00000258366.8_4,ENST00000318100.9_2;ENST00000360203.10_2;ENST00000370018.7_2;ENST00000425905.5_4;ENST00000480273.5_1;ENST00000482936.6_2;ENST00000492259.6_2;ENST00000496281.2_2;ENST00000508582.6_2,CDS
chr20,62374485,62374488,canonical/G3L1-7,65,+,chr20:62374470-62374487:+,False,"            5'- GGGGTGGGGGGGCGGGGCTGACCCTGA -3'
       rG4seq-K ---------------***---------",SLC2A4RG|ENSG00000125520.13_3,ENST00000266077.4_1;ENST00000473157.1_1;ENST00000493772.5_1,3UTR
chr20,62522397,62522399,bulges,199,+,chr20:62522373-62522398:+,False,"            5'- GGTCAGGTGGAGGGTGGGGCGTGGGCATCAGCCAG -3'
       rG4seq-K ------------------------**---------",TPD52L2|ENSG00000101150.17_4,ENST00000217121.9_1;ENST00000346249.8_2;ENST00000348257.9_3;ENST00000351424.8_3;ENST00000352482.8_2;ENST00000358548.4_3;ENST00000474176.2_1;ENST00000611972.4_1;ENST00000615907.4_1,3UTR
chr20,62565314,62565315,bulges,24,+,chr20:62565293-62565315:+,False,"            5'- GCGGAAGGTGGGGTAGGGTGGGAAAGAGGAGC -3'
       rG4seq-K ---------------------*----------",DNAJC5|ENSG00000101152.10_2,ENST00000360864.8_1;ENST00000470551.1_1,3UTR
chr20,62694645,62694649,bulges,24,+,chr20:62694616-62694648:+,False,"            5'- GGCTGCGGAGGCGGGCGCGACGGGCGCGGGGGTCGCTGCTCC -3'
       rG4seq-K -----------------------------****---------",TCEA2|ENSG00000171703.16_3,ENST00000339217.8_1;ENST00000343484.9_1;ENST00000361317.6_1;ENST00000395053.7_1;ENST00000476113.1_1;ENST00000487164.5_1,5UTR
chr20,462117,462118,canonical/G3L1-7,25,-,chr20:462118-462145:-,False,"            5'- GGGTGGGGGGTGGGGGGGAGGCAAGGGTTTACAGAGT -3'
       rG4seq-K ---------------------------*---------",CSNK2A1|ENSG00000101266.18_4,ENST00000217244.8_2;ENST00000349736.10_2;ENST00000400227.8_2;ENST00000619801.5_3;ENST00000643660.1_1;ENST00000643700.1_1;ENST00000644170.1_1;ENST00000645623.1_1;ENST00000645840.1_1;ENST00000645910.1_1;ENST00000646305.1_1;ENST00000646561.1_1,3UTR
chr20,462126,462128,canonical/G3L1-7,16,-,chr20:462127-462145:-,False,"            5'- GGGTGGGGGGTGGGGGGGAGGCAAGGGT -3'
       rG4seq-K -----------------**---------",CSNK2A1|ENSG00000101266.18_4,ENST00000217244.8_2;ENST00000349736.10_2;ENST00000400227.8_2;ENST00000619801.5_3;ENST00000643660.1_1;ENST00000643700.1_1;ENST00000644170.1_1;ENST00000645623.1_1;ENST00000645840.1_1;ENST00000645910.1_1;ENST00000646305.1_1;ENST00000646561.1_1,3UTR
chr20,2451397,2451398,two-quartet,641,-,chr20:2451398-2451427:-,False,"            5'- GGTAGCGGCGGCGGGAAATCGGCTGTGGGAGAGAGGCTA -3'
       rG4seq-K -----------------------------*---------",AL049650.1|ENSG00000256566.1_6;SNRPB|ENSG00000125835.18_4,ENST00000381342.6_2;ENST00000438552.6_2;ENST00000461548.1_1,5UTR;non_coding
chr20,2451432,2451435,G>=40%,120,-,chr20:2451432-2451492:-,False,"            5'- GGGCTAGTGAGCTGGACCGGAAGTAGGTTTCTACCCGACCGCATTTTACGTGGTGCTGCATTTCCGGTAG -3'
       rG4seq-K ---------------------------------------------------------***----------",AL049650.1|ENSG00000256566.1_6;SNRPB|ENSG00000125835.18_4,ENST00000381342.6_2;ENST00000438552.6_2;ENST00000461548.1_1,5UTR;non_coding
chr20,2639220,2639221,potential G-quadruplex & G>=40%,91,-,chr20:2639220-2639280:-,False,"            5'- GAGCCTAGGTTGTCCTTGGGCCGGCTTCCTTAGGGGACAGACTGTTGGGTGGTGATGGGGATTGTTAGGA -3'
       rG4seq-K -----------------------------------------------------------*----------",IDH3B|ENSG00000101365.20_3,ENST00000380843.8_1;ENST00000380851.9_1;ENST00000466494.6_1;ENST00000474315.5_2;ENST00000477689.2_2;ENST00000488299.5_1;ENST00000492240.5_1,3UTR
chr20,3765064,3765066,canonical/G3L1-7,23,-,chr20:3765064-3765095:-,False,"            5'- GGGCTCAGGGGACCAGGTGGGGCGGGTGGGGAGCTGTCCGG -3'
       rG4seq-K -----------------------------**----------",CENPB|ENSG00000125817.7_2,ENST00000379751.4_1,3UTR
chr20,3765775,3765776,bulges,20,-,chr20:3765773-3765813:-,False,"            5'- GAGGAATTGGGGGAGGAAGAGGAGGTGGAGGAGGAGGGTGATGTTGATAG -3'
       rG4seq-K -------------------------------------*------------",CENPB|ENSG00000125817.7_2,ENST00000379751.4_1,CDS
chr20,5100604,5100605,potential G-quadruplex & G>=40%,76,-,chr20:5100604-5100664:-,False,"            5'- CAGCGTGGTGACGTCGCAACGCGGCGCAGGGTGAGAGCGCGCGCTTGCGGACGCGGCGGCATTAAACGGT -3'
       rG4seq-K -----------------------------------------------------------*----------",PCNA|ENSG00000132646.10_2,ENST00000379143.9_1;ENST00000379160.3_1,5UTR
chr20,5921725,5921728,G>=40%,138,-,chr20:5921725-5921785:-,False,"            5'- CCTCTGTTGGAATGCTACACAAAACTGCGGGAGAGGGGAGGGGTCATCAACCTCAGGCTGTCTGAAACCT -3'
       rG4seq-K ---------------------------------------------------------*-*----------",TRMT6|ENSG00000089195.14_2,ENST00000203001.6_1;ENST00000453074.6_1;ENST00000466974.5_1;ENST00000473131.5_1,CDS
chr20,5921742,5921743,potential G-quadruplex & G>=40%,97,-,chr20:5921742-5921802:-,False,"            5'- TCTGTTGTTGTCTGCAGCCTCTGTTGGAATGCTACACAAAACTGCGGGAGAGGGGAGGGGTCATCAACCT -3'
       rG4seq-K -----------------------------------------------------------*----------",TRMT6|ENSG00000089195.14_2,ENST00000203001.6_1;ENST00000453074.6_1;ENST00000466974.5_1;ENST00000473131.5_1,CDS
chr20,6056538,6056540,bulges,26,-,chr20:6056539-6056565:-,False,"            5'- GGTTTGTTAGAGGTGGGAGGGGTGGGTTTTGAGAAG -3'
       rG4seq-K -------------------------**---------",FERMT1|ENSG00000101311.15_2,ENST00000217289.8_1;ENST00000478194.1_1,3UTR
chr20,6057264,6057266,canonical/G3L1-7,18,-,chr20:6057264-6057288:-,False,"            5'- GGGGTAGAAAGGGGAGGGGTGGGGCTACCAGGTA -3'
       rG4seq-K ----------------------**----------",FERMT1|ENSG00000101311.15_2,ENST00000217289.8_1;ENST00000478194.1_1;ENST00000536936.1_1,3UTR
chr20,17594449,17594450,canonical/G3L1-7,107,-,chr20:17594450-17594480:-,False,"            5'- GGGGCGGGGCGGGAAGCGGGTGGGACCGGGCAGCCAGTTC -3'
       rG4seq-K ------------------------------*---------",RRBP1|ENSG00000125844.15_6,ENST00000246043.8_3;ENST00000360807.8_3;ENST00000377807.6_3;ENST00000377813.5_3;ENST00000468428.1_1;ENST00000470422.5_1;ENST00000610403.4_1,3UTR
chr20,17594455,17594457,canonical/G3L1-7,48,-,chr20:17594456-17594480:-,False,"            5'- GGGGCGGGGCGGGAAGCGGGTGGGACCGGGCAGC -3'
       rG4seq-K -----------------------**---------",RRBP1|ENSG00000125844.15_6,ENST00000246043.8_3;ENST00000360807.8_3;ENST00000377807.6_3;ENST00000377813.5_3;ENST00000468428.1_1;ENST00000470422.5_1;ENST00000610403.4_1,3UTR
chr20,17601384,17601385,bulges,166,-,chr20:17601382-17601422:-,False,"            5'- GTGGAGGAGGAGGAGCAGGTGTGGAGGGCCAAGGTGGGCGCCGCAGAGGA -3'
       rG4seq-K -------------------------------------*------------",RRBP1|ENSG00000125844.15_6,ENST00000246043.8_3;ENST00000360807.8_3;ENST00000377807.6_3;ENST00000377813.5_3;ENST00000455029.3_1;ENST00000470422.5_1;ENST00000610403.4_1,CDS
chr20,17601394,17601395,bulges,91,-,chr20:17601395-17601422:-,False,"            5'- GTGGAGGAGGAGGAGCAGGTGTGGAGGGCCAAGGTGG -3'
       rG4seq-K ---------------------------*---------",RRBP1|ENSG00000125844.15_6,ENST00000246043.8_3;ENST00000360807.8_3;ENST00000377807.6_3;ENST00000377813.5_3;ENST00000455029.3_1;ENST00000470422.5_1;ENST00000610403.4_1,CDS
chr20,23618623,23618625,bulges,55,-,chr20:23618624-23618651:-,False,"            5'- GGGGTGGGGCGGCGAAGGCCGGAAGGGATAAAACCGC -3'
       rG4seq-K --------------------------**---------",CST3|ENSG00000101439.8_3,ENST00000376925.7_1;ENST00000398409.1_1,5UTR
chr20,24949611,24949612,bulges,128,-,chr20:24949612-24949643:-,False,"            5'- GGCCCAGCAGCTCTGGGGGGTACTGGGTGGGCATGTCGACC -3'
       rG4seq-K -------------------------------*---------",APMAP|ENSG00000101474.11_3,ENST00000217456.2_1;ENST00000451442.5_3,CDS
chr20,25281131,25281133,canonical/G3L1-7,65,-,chr20:25281131-25281160:-,False,"            5'- GGGGGAGTCCGGGCAGGGGACTCTTGGGGCTCGGGACCA -3'
       rG4seq-K ---------------------------**----------",ABHD12|ENSG00000100997.18_3,ENST00000339157.9_1;ENST00000376542.7_1;ENST00000465694.1_1,3UTR
chr20,30533242,30533244,bulges,59,-,chr20:30533242-30533265:-,False,"            5'- GCAAGGAAGGAGGGAGGGAGGGGCAGAGTGGAG -3'
       rG4seq-K ---------------------**----------",PDRG1|ENSG00000088356.5_2,ENST00000202017.5_1,3UTR
chr20,30533325,30533326,bulges,60,-,chr20:30533323-30533354:-,False,"            5'- GTGGGTGTGTGGGGCAGTGGCTGTGGGGGTGTAAGAATGAC -3'
       rG4seq-K ----------------------------*------------",PDRG1|ENSG00000088356.5_2,ENST00000202017.5_1,3UTR
chr20,32263749,32263751,bulges,225,-,chr20:32263750-32263773:-,False,"            5'- GGGTGGTCAGATGGTGGGGTGGGCCCTCTCCAG -3'
       rG4seq-K ----------------------**---------",E2F1|ENSG00000101412.12_2,ENST00000343380.5_1,3UTR
chr20,32263794,32263796,potential G-quadruplex & G>=40%,184,-,chr20:32263794-32263854:-,False,"            5'- GCCCCATACTGAAGGAACTGAGGCCTGGGTGATTTATTTATTGGGAAAGTGAGGGAGGGAGACAGACTGA -3'
       rG4seq-K ----------------------------------------------------------**----------",E2F1|ENSG00000101412.12_2,ENST00000343380.5_1,3UTR
chr20,32263912,32263915,longloop,127,-,chr20:32263913-32263946:-,False,"            5'- GGGGAATCAGCAAAGGGGAGGAGGGGTGTGGGGTTGATACCCC -3'
       rG4seq-K -------------------------------*-*---------",E2F1|ENSG00000101412.12_2,ENST00000343380.5_1,3UTR
chr20,33516283,33516285,bulges,159,-,chr20:33516286-33516311:-,False,"            5'- GTGGTAGGAGGAGGGGGAGTGGAGGGGCATAGCCT -3'
       rG4seq-K --------------------------**-------",GSS|ENSG00000100983.10_4,ENST00000216951.7_2;ENST00000642498.1_1;ENST00000643188.1_1;ENST00000643908.1_1;ENST00000644793.1_2;ENST00000645723.1_1;ENST00000646405.1_1;ENST00000646512.1_1;ENST00000646735.1_1,3UTR
chr20,34252705,34252706,bulges,290,-,chr20:34252706-34252741:-,False,"            5'- GAGGCACTCGCGCGGGGGGTAATTCGGGGTCTGGGTTCTGGTGCC -3'
       rG4seq-K -----------------------------------*---------",AL109827.1|ENSG00000272897.5_6;CPNE1|ENSG00000214078.12_4;RBM12|ENSG00000244462.7_3,ENST00000352393.8_3;ENST00000359646.1_1;ENST00000374104.7_1;ENST00000374114.7_1;ENST00000397442.5_1;ENST00000397443.6_4;ENST00000401607.6_1;ENST00000412056.5_2;ENST00000414664.5_2;ENST00000414711.5_2;ENST00000416778.5_2;ENST00000420363.5_1;ENST00000424458.5_1;ENST00000430570.5_2;ENST00000431148.1_1;ENST00000434795.5_2;ENST00000435161.1_1;ENST00000437100.5_1;ENST00000437340.5_3;ENST00000439669.5_1;ENST00000439806.6_2;ENST00000440240.5_1;ENST00000441563.5_3;ENST00000454607.5_1;ENST00000458038.5_1;ENST00000475146.1_1;ENST00000483359.5_1;ENST00000541176.2_1,5UTR;non_coding
chr20,34252711,34252713,bulges,198,-,chr20:34252712-34252747:-,False,"            5'- GGGGCGGAGGCACTCGCGCGGGGGGTAATTCGGGGTCTGGGTTCT -3'
       rG4seq-K ----------------------------------**---------",AL109827.1|ENSG00000272897.5_6;CPNE1|ENSG00000214078.12_4;RBM12|ENSG00000244462.7_3,ENST00000352393.8_3;ENST00000359646.1_1;ENST00000374104.7_1;ENST00000374114.7_1;ENST00000397442.5_1;ENST00000397443.6_4;ENST00000401607.6_1;ENST00000412056.5_2;ENST00000414664.5_2;ENST00000414711.5_2;ENST00000416778.5_2;ENST00000420363.5_1;ENST00000424458.5_1;ENST00000430570.5_2;ENST00000431148.1_1;ENST00000434795.5_2;ENST00000435161.1_1;ENST00000437100.5_1;ENST00000437340.5_3;ENST00000439669.5_1;ENST00000439806.6_2;ENST00000440240.5_1;ENST00000441563.5_3;ENST00000454607.5_1;ENST00000458038.5_1;ENST00000475146.1_1;ENST00000483359.5_1;ENST00000541176.2_1,5UTR;non_coding
chr20,34252722,34252723,two-quartet,121,-,chr20:34252722-34252747:-,False,"            5'- GGGGCGGAGGCACTCGCGCGGGGGGTAATTCGGGG -3'
       rG4seq-K ------------------------*----------",AL109827.1|ENSG00000272897.5_6;CPNE1|ENSG00000214078.12_4;RBM12|ENSG00000244462.7_3,ENST00000352393.8_3;ENST00000359646.1_1;ENST00000374104.7_1;ENST00000374114.7_1;ENST00000397442.5_1;ENST00000397443.6_4;ENST00000401607.6_1;ENST00000412056.5_2;ENST00000414664.5_2;ENST00000414711.5_2;ENST00000416778.5_2;ENST00000420363.5_1;ENST00000424458.5_1;ENST00000430570.5_2;ENST00000431148.1_1;ENST00000434795.5_2;ENST00000435161.1_1;ENST00000437100.5_1;ENST00000437340.5_3;ENST00000439669.5_1;ENST00000439806.6_2;ENST00000440240.5_1;ENST00000441563.5_3;ENST00000454607.5_1;ENST00000458038.5_1;ENST00000475146.1_1;ENST00000483359.5_1;ENST00000541176.2_1,5UTR;non_coding
chr20,34262998,34263000,two-quartet,95,-,chr20:34262998-34263012:-,False,"            5'- GGTGGGGCTGGGGGCTGCGTGTGA -3'
       rG4seq-K ------------**----------",NFS1|ENSG00000244005.12_3,ENST00000374085.5_1;ENST00000374092.8_1;ENST00000397425.5_1;ENST00000440385.5_1;ENST00000480655.5_1;ENST00000489163.1_1;ENST00000541387.5_1,CDS
chr20,34634463,34634464,longloop,284,-,chr20:34634464-34634492:-,False,"            5'- GGGAGAAGAGGAAGGGTGAAGGGAAGGGCTCTTTGCTA -3'
       rG4seq-K ----------------------------*---------",NORAD|ENSG00000260032.1_3,ENST00000565493.1_1,non_coding
chr20,34634468,34634469,bulges,243,-,chr20:34634469-34634492:-,False,"            5'- GGGAGAAGAGGAAGGGTGAAGGGAAGGGCTCTT -3'
       rG4seq-K -----------------------*---------",NORAD|ENSG00000260032.1_3,ENST00000565493.1_1,non_coding
chr20,34634752,34634753,bulges,218,-,chr20:34634753-34634785:-,False,"            5'- GGGGTGGGGGAAGGGGGGGTGGGCAGAGGAGGTATGCAGGGA -3'
       rG4seq-K --------------------------------*---------",NORAD|ENSG00000260032.1_3,ENST00000565493.1_1,non_coding
chr20,34634755,34634756,bulges,126,-,chr20:34634753-34634785:-,False,"            5'- GGGGTGGGGGAAGGGGGGGTGGGCAGAGGAGGTATGCAGGGA -3'
       rG4seq-K -----------------------------*------------",NORAD|ENSG00000260032.1_3,ENST00000565493.1_1,non_coding
chr20,34634760,34634763,canonical/G3L1-7,72,-,chr20:34634762-34634785:-,False,"            5'- GGGGTGGGGGAAGGGGGGGTGGGCAGAGGAGGT -3'
       rG4seq-K ----------------------***--------",NORAD|ENSG00000260032.1_3,ENST00000565493.1_1,non_coding
chr20,34634765,34634769,canonical/G3L1-7,21,-,chr20:34634767-34634793:-,False,"            5'- GGGTGTTTGGGGTGGGGGAAGGGGGGGTGGGCAGAG -3'
       rG4seq-K ------------------------****--------",NORAD|ENSG00000260032.1_3,ENST00000565493.1_1,non_coding
chr20,34635372,34635373,longloop,190,-,chr20:34635373-34635402:-,False,"            5'- GGGGTTGGTAGAGGTGGGAAAGGGAAGGGTTCTAGGCCA -3'
       rG4seq-K -----------------------------*---------",NORAD|ENSG00000260032.1_3,ENST00000565493.1_1,non_coding
chr20,34636340,34636342,two-quartet,493,-,chr20:34636341-34636355:-,False,"            5'- GGGAGGTGGGAGGGAAGAAATTGC -3'
       rG4seq-K -------------**---------",NORAD|ENSG00000260032.1_3,ENST00000565493.1_1,non_coding
chr20,34637519,34637520,bulges,253,-,chr20:34637518-34637551:-,False,"            5'- GTGGTTCAGGGGAGGAGAGAGGAGGGGGAGGTGCAGAGAGCTC -3'
       rG4seq-K -------------------------------*-----------",NORAD|ENSG00000260032.1_3,ENST00000565493.1_1,non_coding
chr20,34637522,34637526,bulges,132,-,chr20:34637521-34637551:-,False,"            5'- GTGGTTCAGGGGAGGAGAGAGGAGGGGGAGGTGCAGAGAG -3'
       rG4seq-K -------------------------****-----------",NORAD|ENSG00000260032.1_3,ENST00000565493.1_1,non_coding
chr20,34638509,34638510,canonical/G3L1-7,137,-,chr20:34638510-34638537:-,False,"            5'- GGGCGGCGCTGGGCGTGGTGGGCCGGGAAGTATGGCG -3'
       rG4seq-K ---------------------------*---------",NORAD|ENSG00000260032.1_3,ENST00000565493.1_1,non_coding
chr20,35280927,35280928,bulges,69,-,chr20:35280928-35280954:-,False,"            5'- GGGGGAGAAATGGGTGGGGGGAGAGGAACAGCCATT -3'
       rG4seq-K --------------------------*---------",NDRG3|ENSG00000101079.20_3,ENST00000349004.5_2;ENST00000359675.6_2;ENST00000373773.7_1;ENST00000373803.6_2,3UTR
chr20,35280932,35280935,two-quartet,38,-,chr20:35280933-35280954:-,False,"            5'- GGGGGAGAAATGGGTGGGGGGAGAGGAACAG -3'
       rG4seq-K -------------------***---------",NDRG3|ENSG00000101079.20_3,ENST00000349004.5_2;ENST00000359675.6_2;ENST00000373773.7_1;ENST00000373803.6_2,3UTR
chr20,36758496,36758497,longloop,102,-,chr20:36758495-36758520:-,False,"            5'- GGGCAGGGTGGGCAGCCTATGGGGGCTCTCGGAAA -3'
       rG4seq-K -----------------------*-----------",TGM2|ENSG00000198959.11_2,ENST00000361475.6_1;ENST00000469269.1_1,3UTR
chr20,42741413,42741415,canonical/G3L1-7,28,-,chr20:42741413-42741435:-,False,"            5'- GGGGGCAGGGTGGGAAGAGGGGTTAAGGTGCA -3'
       rG4seq-K --------------------**----------",JPH2|ENSG00000149596.6_2,ENST00000372980.3_1,3UTR
chr20,42741420,42741421,bulges,9,-,chr20:42741421-42741448:-,False,"            5'- GACCAGGTGGCCAGGGGGCAGGGTGGGAAGAGGGGTT -3'
       rG4seq-K ---------------------------*---------",JPH2|ENSG00000149596.6_2,ENST00000372980.3_1,3UTR
chr20,42815283,42815286,longloop,17,-,chr20:42815283-42815312:-,False,"            5'- GGGGCGTACTGCGGGGGCTGGGAGGGGGGAAAGGCCCAT -3'
       rG4seq-K --------------------------***----------",JPH2|ENSG00000149596.6_2,ENST00000342272.3_1;ENST00000372980.3_1,CDS
chr20,43126385,43126387,bulges,125,-,chr20:43126386-43126407:-,False,"            5'- GGGTGGAGGTGTGGGGTAGGGAAGCAGGACT -3'
       rG4seq-K --------------------**---------",SERINC3|ENSG00000132824.13_2,ENST00000255175.5_1;ENST00000342374.4_1;ENST00000411544.5_1,3UTR
chr20,43954253,43954255,canonical/G3L1-7,51,-,chr20:43954254-43954281:-,False,"            5'- GGGTAGGGGGGGGGGAATGGGGGAGGGCTGATGAGGC -3'
       rG4seq-K --------------------------**---------",SDC4|ENSG00000124145.6_3,ENST00000372733.3_1,3UTR
chr20,43954257,43954261,canonical/G3L1-7,18,-,chr20:43954259-43954281:-,False,"            5'- GGGTAGGGGGGGGGGAATGGGGGAGGGCTGAT -3'
       rG4seq-K --------------------****--------",SDC4|ENSG00000124145.6_3,ENST00000372733.3_1,3UTR
chr20,43955307,43955310,two-quartet,212,-,chr20:43955308-43955324:-,False,"            5'- GGGGGGGAGGATGGGGAAAAGAGCTG -3'
       rG4seq-K --------------***---------",SDC4|ENSG00000124145.6_3,ENST00000372733.3_1,3UTR
chr20,43955818,43955819,bulges,208,-,chr20:43955819-43955856:-,False,"            5'- GGGGATTTTGAAGGGTGGACATTAGGGTAGGGTGAGGTCAACCTAAT -3'
       rG4seq-K -------------------------------------*---------",SDC4|ENSG00000124145.6_3,ENST00000372733.3_1,3UTR
chr20,43955823,43955825,longloop,165,-,chr20:43955824-43955865:-,False,"            5'- GGGAAGCCAGGGGATTTTGAAGGGTGGACATTAGGGTAGGGTGAGGTCAAC -3'
       rG4seq-K ----------------------------------------**---------",SDC4|ENSG00000124145.6_3,ENST00000372733.3_1,3UTR
chr20,43955837,43955838,bulges,127,-,chr20:43955839-43955870:-,False,"            5'- GGGGAGGGAAGCCAGGGGATTTTGAAGGGTGGACATTAGGG -3'
       rG4seq-K --------------------------------*--------",SDC4|ENSG00000124145.6_3,ENST00000372733.3_1,3UTR
chr20,43955840,43955841,longloop,110,-,chr20:43955841-43955870:-,False,"            5'- GGGGAGGGAAGCCAGGGGATTTTGAAGGGTGGACATTAG -3'
       rG4seq-K -----------------------------*---------",SDC4|ENSG00000124145.6_3,ENST00000372733.3_1,3UTR
chr20,44978531,44978533,canonical/G3L1-7,57,-,chr20:44978532-44978557:-,False,"            5'- GGGGGCAGGGAGGGGACAGTGTGGGCCTGGCCTCT -3'
       rG4seq-K ------------------------**---------",SLC35C2|ENSG00000080189.14_4,ENST00000243896.6_1;ENST00000317734.12_1;ENST00000372227.5_1;ENST00000372230.9_1;ENST00000493599.1_1;ENST00000543605.5_1,3UTR
chr20,47741039,47741041,bulges,172,-,chr20:47741040-47741067:-,False,"            5'- GGGGAGTTTGTGGGGGAAGGTGAAGGGAAAAGCAAGA -3'
       rG4seq-K --------------------------**---------",STAU1|ENSG00000124214.19_4,ENST00000340954.11_1;ENST00000347458.9_1;ENST00000360426.8_1;ENST00000371792.5_1;ENST00000371802.5_2;ENST00000371828.7_2;ENST00000371856.6_1;ENST00000437404.2_1;ENST00000614381.4_2,CDS
chr20,48249830,48249832,bulges,63,-,chr20:48249831-48249850:-,False,"            5'- GTTTTGGGGGGTGGGGGGGTATTTGCAAG -3'
       rG4seq-K ------------------**---------",B4GALT5|ENSG00000158470.5_2,ENST00000371711.4_1,3UTR
chr20,48250824,48250825,potential G-quadruplex & G>=40%,52,-,chr20:48250824-48250884:-,False,"            5'- TTTTCATAGTTTACATGGGTGTGTGTAGGGGTGTGTGTGTGTATGTGTGTGGGTTAGGGCTTTTTTCGTT -3'
       rG4seq-K -----------------------------------------------------------*----------",B4GALT5|ENSG00000158470.5_2,ENST00000371711.4_1,3UTR
chr20,48252284,48252285,canonical/G3L1-7,194,-,chr20:48252285-48252308:-,False,"            5'- GGGTGGAGGGGAGGGTGTTTGGGAAAGATAAAT -3'
       rG4seq-K -----------------------*---------",B4GALT5|ENSG00000158470.5_2,ENST00000371711.4_1,3UTR
chr20,48252292,48252294,canonical/G3L1-7,73,-,chr20:48252293-48252317:-,False,"            5'- GGGGATTGAGGGTGGAGGGGAGGGTGTTTGGGAA -3'
       rG4seq-K -----------------------**---------",B4GALT5|ENSG00000158470.5_2,ENST00000371711.4_1,3UTR
chr20,48252296,48252299,canonical/G3L1-7,23,-,chr20:48252298-48252321:-,False,"            5'- GGGTGGGGATTGAGGGTGGAGGGGAGGGTGTTT -3'
       rG4seq-K ----------------------***--------",B4GALT5|ENSG00000158470.5_2,ENST00000371711.4_1,3UTR
chr20,52185453,52185456,canonical/G3L1-7,90,-,chr20:52185454-52185478:-,False,"            5'- GGGTTGGGTGGGGCGGGATGGGGGAAAAGTATAT -3'
       rG4seq-K ----------------------***---------",ZNF217|ENSG00000171940.13_3,ENST00000302342.3_1;ENST00000371471.6_1;ENST00000437222.1_1,3UTR
chr20,52185460,52185463,canonical/G3L1-7,13,-,chr20:52185461-52185478:-,False,"            5'- GGGTTGGGTGGGGCGGGATGGGGGAAA -3'
       rG4seq-K ---------------***---------",ZNF217|ENSG00000171940.13_3,ENST00000302342.3_1;ENST00000371471.6_1;ENST00000437222.1_1,3UTR
chr20,57570294,57570296,canonical/G3L1-7,372,-,chr20:57570295-57570316:-,False,"            5'- GGGTGGGGGAGGGAGGGAGGGAGTTGGCAGT -3'
       rG4seq-K --------------------**---------",CTSZ|ENSG00000101160.13_2,ENST00000217131.5_1,3UTR
chr20,57570298,57570301,two-quartet,52,-,chr20:57570300-57570316:-,False,"            5'- GGGTGGGGGAGGGAGGGAGGGAGTTG -3'
       rG4seq-K ---------------***--------",CTSZ|ENSG00000101160.13_2,ENST00000217131.5_1,3UTR
chr20,57571734,57571736,potential G-quadruplex & G>=40%,427,-,chr20:57571734-57571794:-,False,"            5'- AGGACACCACATATATAAACCATGTCGTTTCTGTGGCTGGGTGGGGCATCAGTGATGGGACTGAGTACTG -3'
       rG4seq-K ----------------------------------------------------------**----------",CTSZ|ENSG00000101160.13_2,ENST00000217131.5_1;ENST00000503833.6_1,CDS
chr20,57572696,57572697,longloop,393,-,chr20:57572697-57572730:-,False,"            5'- GGGTGGGAGACTACGGCTCCCTCTCTGGGAGGGAGAAGATGAT -3'
       rG4seq-K ---------------------------------*---------",CTSZ|ENSG00000101160.13_2,ENST00000217131.5_1;ENST00000488395.1_1;ENST00000503833.6_1,CDS
chr20,57608995,57608996,two-quartet,425,-,chr20:57608996-57609008:-,False,"            5'- GGTAGGGGGAGGCTTGGCCTGA -3'
       rG4seq-K ------------*---------",PRELID3B|ENSG00000101166.15_2,ENST00000355937.8_1,3UTR
chr20,57608999,57609001,bulges,324,-,chr20:57608999-57609036:-,False,"            5'- GGGGGCGGTGGGGAAGAACAAGCATAATGGTAGGGGGAGGCTTGGCC -3'
       rG4seq-K -----------------------------------**----------",PRELID3B|ENSG00000101166.15_2,ENST00000355937.8_1,3UTR
chr20,57617850,57617852,canonical/G3L1-7,339,-,chr20:57617851-57617875:-,False,"            5'- GGGGTGCTGGGGGCGGGGCAGGGGCAGGTGTAGC -3'
       rG4seq-K -----------------------**---------",PRELID3B|ENSG00000101166.15_2,ENST00000355937.8_1;ENST00000371033.9_1;ENST00000466051.1_1,5UTR
chr20,57617870,57617875,potential G-quadruplex & G>=40%,91,-,chr20:57617870-57617930:-,False,"            5'- GTCTGGACGTCCCTCGCGTCGGGCCCGACAGCGCCTGCGCACTGCGCCGCCGGCTGGGGTGCTGGGGGCG -3'
       rG4seq-K -------------------------------------------------------***-*----------",PRELID3B|ENSG00000101166.15_2,ENST00000355937.8_1,5UTR
chr20,58513819,58513820,longloop,10,-,chr20:58513820-58513849:-,False,"            5'- GGGGCAGGGTGGTGGGGTAGGTGCATGGGAGGGTGGGCC -3'
       rG4seq-K -----------------------------*---------",PPP1R3D|ENSG00000132825.6_2,ENST00000370996.4_1,3UTR
chr20,62589869,62589870,canonical/G3L1-7,11,-,chr20:62589870-62589887:-,False,"            5'- GGGTGGGTGGGAGTGGGCTGAGGGCTC -3'
       rG4seq-K -----------------*---------",ZNF512B|ENSG00000196700.8_3,ENST00000369888.5_1,3UTR
chr21,33032000,33032002,potential G-quadruplex & G>=40%,253,+,chr21:33031942-33032002:+,False,"            5'- CCAGAGTGGGCGAGGCGCGGAGGTCTGGCCTATAAAGTAGTCGCGGAGACGGGGTGCTGGTTTGCGTCGT -3'
       rG4seq-K ----------------------------------------------------------**----------",SOD1|ENSG00000142168.14_2,ENST00000270142.10_1;ENST00000389995.4_1,5UTR
chr21,34636512,34636513,canonical/G3L1-7,10,+,chr21:34636492-34636512:+,False,"            5'- GGGCCAGGGTGGGAGCAGGGAAAGAAAAGG -3'
       rG4seq-K --------------------*---------",AP000295.1|ENSG00000249624.9_6;IFNAR2|ENSG00000159110.19_3,ENST00000342101.7_1;ENST00000342136.8_1;ENST00000404220.7_1;ENST00000432231.1_3;ENST00000433395.6_4;ENST00000646150.1_1,3UTR;non_coding
chr21,34930294,34930296,two-quartet,24,+,chr21:34930277-34930296:+,False,"            5'- GGTGTGGGTGGATGGGGGGAGATGCTAAA -3'
       rG4seq-K -----------------**----------",SON|ENSG00000159140.19_5,ENST00000300278.8_1;ENST00000356577.8_4;ENST00000381679.8_1;ENST00000381692.6_1;ENST00000421541.1_2;ENST00000436227.5_5;ENST00000455528.5_1,3UTR
chr21,38885304,38885306,canonical/G3L1-7,22,+,chr21:38885290-38885305:+,False,"            5'- GGGTGGGAGGGTGGGAAATTTGGGT -3'
       rG4seq-K --------------**---------",DYRK1A|ENSG00000157540.20_4,ENST00000338785.8_2;ENST00000339659.9_2;ENST00000646548.1_1;ENST00000647504.1_1,3UTR
chr21,40195230,40195232,two-quartet,693,+,chr21:40195216-40195231:+,False,"            5'- GGGTAGGAGGGTGGGAAGGAAACAA -3'
       rG4seq-K --------------**---------",ETS2|ENSG00000157557.11_3,ENST00000360214.7_1;ENST00000360938.7_1,3UTR
chr21,40196071,40196072,two-quartet,141,+,chr21:40196053-40196072:+,False,"            5'- GGACGGGGGGCGGTAGGGGTCTTGATGAA -3'
       rG4seq-K ------------------*----------",ETS2|ENSG00000157557.11_3,ENST00000360214.7_1;ENST00000360938.7_1,3UTR
chr21,45113859,45113861,bulges,26,+,chr21:45113835-45113861:+,False,"            5'- GGGGGTGTGGACAGGTAGGGGTGGGGAAAGAAGAGG -3'
       rG4seq-K ------------------------**----------",RRP1B|ENSG00000160208.12_2,ENST00000340648.5_1;ENST00000470886.1_1,3UTR
chr21,45113886,45113888,bulges,55,+,chr21:45113852-45113887:+,False,"            5'- GGGGTGGGGAAAGAAGAGGCTCTGCGTTCTGGGGGCTTTTTCTTC -3'
       rG4seq-K ----------------------------------**---------",RRP1B|ENSG00000160208.12_2,ENST00000340648.5_1;ENST00000470886.1_1,3UTR
chr21,45177012,45177013,canonical/G3L1-7,16,+,chr21:45176987-45177012:+,False,"            5'- GGGTGTGGGGCACGGTGGGGGCGGGCAGCTCCCAG -3'
       rG4seq-K -------------------------*---------",PDXK|ENSG00000160209.18_2,ENST00000291565.8_1;ENST00000467908.1_2;ENST00000468090.5_1,3UTR
chr21,45181335,45181338,bulges,24,+,chr21:45181303-45181337:+,False,"            5'- GTCTGGCGGATAGGTGGGTGGGAACAGAGAGGGGAGAATGCCGT -3'
       rG4seq-K --------------------------------***---------",PDXK|ENSG00000160209.18_2,ENST00000291565.8_1;ENST00000467908.1_2;ENST00000468090.5_1,3UTR
chr21,45181593,45181594,canonical/G3L1-7,31,+,chr21:45181571-45181593:+,False,"            5'- GGGTGGGTGCAGGGCTGGTGGGACAAAAAGAG -3'
       rG4seq-K ----------------------*---------",PDXK|ENSG00000160209.18_2,ENST00000291565.8_1;ENST00000467908.1_2;ENST00000468090.5_1,3UTR
chr21,45404590,45404591,two-quartet,14,+,chr21:45404574-45404590:+,False,"            5'- GGGGGGGGGAGGGTGGATTTTGCTTT -3'
       rG4seq-K ----------------*---------",AGPAT3|ENSG00000160216.18_3,ENST00000291572.12_1;ENST00000398063.6_1,3UTR
chr21,45523957,45523958,canonical/G3L1-7,13,+,chr21:45523932-45523957:+,False,"            5'- GGGGAGGCGGGTGGGGGAGGGAGGGATCATAACCC -3'
       rG4seq-K -------------------------*---------",FP565260.6|ENSG00000280433.1_5;TRAPPC10|ENSG00000160218.12_2,ENST00000291574.8_1;ENST00000422875.5_1;ENST00000459741.5_1;ENST00000468864.1_1;ENST00000623744.1_1;ENST00000623998.1_1,3UTR
chr21,45524827,45524828,bulges,8,+,chr21:45524807-45524827:+,False,"            5'- GGGAGGCGGTGGGGCATGGGAGGAAGGAGG -3'
       rG4seq-K --------------------*---------",FP565260.6|ENSG00000280433.1_5;TRAPPC10|ENSG00000160218.12_2,ENST00000291574.8_1;ENST00000459741.5_1;ENST00000468864.1_1;ENST00000623744.1_1;ENST00000623998.1_1,3UTR
chr21,45524830,45524831,bulges,16,+,chr21:45524807-45524833:+,False,"            5'- GGGAGGCGGTGGGGCATGGGAGGAAGGAGGCACAGA -3'
       rG4seq-K -----------------------*------------",FP565260.6|ENSG00000280433.1_5;TRAPPC10|ENSG00000160218.12_2,ENST00000291574.8_1;ENST00000459741.5_1;ENST00000468864.1_1;ENST00000623744.1_1;ENST00000623998.1_1,3UTR
chr21,45535704,45535705,bulges,17,+,chr21:45535678-45535707:+,False,"            5'- GCGGGAGGAGGAAGAGGAGGAGGAGGAGGACCAGGAGGG -3'
       rG4seq-K --------------------------*------------",FP565260.1|ENSG00000275464.4_6;PWP2|ENSG00000241945.7_2,ENST00000291576.11_1;ENST00000486126.1_1;ENST00000617716.3_1,CDS
chr21,46387020,46387024,bulges,37,+,chr21:46386985-46387020:+,False,"            5'- GGAGGAGCGGAGGCGGAGGGCCACGGTGGTGGTGGGGGACCTGCA -3'
       rG4seq-K -----------------------------------**-*------",FAM207A|ENSG00000160256.12_3,ENST00000291634.10_3;ENST00000397826.7_3;ENST00000458015.1_1;ENST00000479127.5_1,CDS
chr21,46642230,46642233,canonical/G3L1-7,13,+,chr21:46642206-46642232:+,False,"            5'- GGGGAGGGAGTAGGGGGACACGGGGGACCACCAGGT -3'
       rG4seq-K ------------------------***---------",ADARB1|ENSG00000197381.15_3,ENST00000348831.8_1;ENST00000360697.4_1;ENST00000389861.7_1;ENST00000389863.8_1;ENST00000437626.5_1;ENST00000492414.5_1;ENST00000496664.5_1;ENST00000629643.2_1,3UTR
chr21,47989055,47989056,two-quartet,24,+,chr21:47989031-47989055:+,False,"            5'- GGGTTTTTGGGGTATTGAGGGTGGCAAATTTTGT -3'
       rG4seq-K ------------------------*---------",DIP2A|ENSG00000160305.17_4,ENST00000400274.5_1;ENST00000417564.2_1;ENST00000478105.5_1;ENST00000479654.1_1,3UTR
chr21,27107183,27107184,two-quartet,612,-,chr21:27107184-27107210:-,False,"            5'- GGAGGTGGTGGCGGCGGAGGCTTTGGCAGCTCGGGA -3'
       rG4seq-K --------------------------*---------",ATP5PF|ENSG00000154723.12_4,ENST00000284971.7_2;ENST00000400087.7_2;ENST00000400090.7_2;ENST00000400093.3_2;ENST00000400094.5_2;ENST00000400099.5_1;ENST00000457143.6_2;ENST00000486002.1_1,5UTR
chr21,27107187,27107191,bulges,424,-,chr21:27107190-27107212:-,False,"            5'- GCGGAGGTGGTGGCGGCGGAGGCTTTGGCAGC -3'
       rG4seq-K ---------------------**-*-------",ATP5PF|ENSG00000154723.12_4,ENST00000284971.7_2;ENST00000400087.7_2;ENST00000400090.7_2;ENST00000400093.3_2;ENST00000400094.5_2;ENST00000400099.5_1;ENST00000457143.6_2;ENST00000486002.1_1,5UTR
chr21,27253242,27253245,canonical/G3L1-7,347,-,chr21:27253243-27253261:-,False,"            5'- GGGGCGGGTGGGGAGGGGTGCTCTGCTG -3'
       rG4seq-K ----------------***---------",APP|ENSG00000142192.20_5,ENST00000346798.7_2;ENST00000348990.9_2;ENST00000354192.7_1;ENST00000357903.7_2;ENST00000359726.7_1,3UTR
chr21,27253247,27253250,potential G-triplex & G>=40%,99,-,chr21:27253247-27253307:-,False,"            5'- GTCTTTGATAAAGAAAAGAATCCCTGTTCATTGTAAGCACTTTTACGGGGCGGGTGGGGAGGGGTGCTCT -3'
       rG4seq-K ---------------------------------------------------------***----------",APP|ENSG00000142192.20_5,ENST00000346798.7_2;ENST00000348990.9_2;ENST00000354192.7_1;ENST00000357903.7_2;ENST00000359726.7_1,3UTR
chr21,28212338,28212340,bulges,69,-,chr21:28212339-28212368:-,False,"            5'- GGAAGCTGGGGAATGTGGGGGCCTTGGGGAGACTGTTCG -3'
       rG4seq-K ----------------------------**---------",ADAMTS1|ENSG00000154734.14_5,ENST00000284984.7_1;ENST00000464589.1_1;ENST00000492656.1_1,CDS
chr21,36163980,36163982,bulges,24,-,chr21:36163981-36164001:-,False,"            5'- GGGGTGGGGGGAGAGGAGGGATGCAACTCG -3'
       rG4seq-K -------------------**---------",RUNX1|ENSG00000159216.18_4,ENST00000300305.7_1;ENST00000344691.8_2;ENST00000437180.5_1,3UTR
chr21,40555204,40555205,bulges,83,-,chr21:40555203-40555240:-,False,"            5'- GGAGGAGGGGCGGAGGGAGACGCCCGAGGACAGGGAGGTGCGTCTGC -3'
       rG4seq-K -----------------------------------*-----------",PSMG1|ENSG00000183527.11_2,ENST00000331573.7_1;ENST00000380900.2_1;ENST00000411828.5_1;ENST00000431628.1_1,CDS
chr21,40717674,40717675,potential G-quadruplex & G>=40%,18,-,chr21:40717674-40717734:-,False,"            5'- GTTAAGGTCTTGTGAGGACAGTATTGTTGAAGTTCACAACAAATTTGGGGATGGGTGGGAATACGGTCGA -3'
       rG4seq-K -----------------------------------------------------------*----------",HMGN1|ENSG00000205581.10_3,ENST00000288344.14_1;ENST00000380747.5_1;ENST00000380748.5_1;ENST00000380749.9_1;ENST00000419378.5_1;ENST00000431390.5_1;ENST00000436324.5_1;ENST00000443046.5_1;ENST00000464078.5_1;ENST00000482192.5_1;ENST00000485550.5_1;ENST00000486741.5_1;ENST00000489072.5_1;ENST00000490032.5_1;ENST00000492280.5_1,non_coding
chr21,42554607,42554608,two-quartet,71,-,chr21:42554608-42554621:-,False,"            5'- GGAGGTGGGCGGGCACTCATTGG -3'
       rG4seq-K -------------*---------",PLAC4|ENSG00000280109.3_5,ENST00000414699.1_2;ENST00000430327.6_2;ENST00000440221.2_1;ENST00000645185.1_1,non_coding
chr21,44299607,44299609,two-quartet,44,-,chr21:44299608-44299626:-,False,"            5'- GGCGGTGAGGCGGGCGGGTACATGGCGG -3'
       rG4seq-K -----------------**---------",WDR4|ENSG00000160193.11_2,ENST00000330317.6_1;ENST00000398208.2_1;ENST00000463902.5_1;ENST00000470658.1_1;ENST00000476326.5_1;ENST00000479429.5_1,5UTR
chr21,44513243,44513244,two-quartet,288,-,chr21:44513244-44513274:-,False,"            5'- GGCGGCGGACGGGAGCGTGACAGGAGGCGGTCGAGAGATC -3'
       rG4seq-K ------------------------------*---------",U2AF1L5|ENSG00000275895.6_4;U2AF1|ENSG00000160201.11_3,ENST00000291552.8_1;ENST00000380276.6_1;ENST00000398137.5_1;ENST00000459639.5_1;ENST00000464750.5_1;ENST00000471250.5_1;ENST00000475639.5_1;ENST00000478282.1_1;ENST00000610664.4_3;ENST00000619610.2_3;ENST00000620065.4_1;ENST00000623375.3_2;ENST00000624739.1_1;ENST00000636923.1_1;ENST00000637320.1_1;ENST00000639996.1_1,3UTR;CDS
chr21,44513260,44513263,bulges,170,-,chr21:44513259-44513301:-,False,"            5'- GGCGGTGGCGGTGGCGGTGGTGGAGGTGGCGGCGGACGGGAGCGTGACAGGA -3'
       rG4seq-K --------------------------------------***-----------",U2AF1L5|ENSG00000275895.6_4;U2AF1|ENSG00000160201.11_3,ENST00000291552.8_1;ENST00000380276.6_1;ENST00000398137.5_1;ENST00000459639.5_1;ENST00000464750.5_1;ENST00000471250.5_1;ENST00000475639.5_1;ENST00000478282.1_1;ENST00000486519.5_2;ENST00000610664.4_3;ENST00000619610.2_3;ENST00000620065.4_1;ENST00000623375.3_2;ENST00000624739.1_1;ENST00000636315.1_1;ENST00000636923.1_1;ENST00000637320.1_1;ENST00000639996.1_1,3UTR;CDS
chr21,44513265,44513266,bulges,106,-,chr21:44513266-44513303:-,False,"            5'- GTGGCGGTGGCGGTGGCGGTGGTGGAGGTGGCGGCGGACGGGAGCGT -3'
       rG4seq-K -------------------------------------*---------",U2AF1L5|ENSG00000275895.6_4;U2AF1|ENSG00000160201.11_3,ENST00000291552.8_1;ENST00000380276.6_1;ENST00000398137.5_1;ENST00000459639.5_1;ENST00000464750.5_1;ENST00000471250.5_1;ENST00000475639.5_1;ENST00000478282.1_1;ENST00000486519.5_2;ENST00000610664.4_3;ENST00000619610.2_3;ENST00000620065.4_1;ENST00000623375.3_2;ENST00000624739.1_1;ENST00000636315.1_1;ENST00000636923.1_1;ENST00000637320.1_1;ENST00000639996.1_1,3UTR;CDS
chr21,44513271,44513275,bulges,47,-,chr21:44513270-44513309:-,False,"            5'- GTGGTCGTGGCGGTGGCGGTGGCGGTGGTGGAGGTGGCGGCGGACGGGA -3'
       rG4seq-K ----------------------------------*-**-----------",U2AF1L5|ENSG00000275895.6_4;U2AF1|ENSG00000160201.11_3,ENST00000291552.8_1;ENST00000380276.6_1;ENST00000398137.5_1;ENST00000459639.5_1;ENST00000464750.5_1;ENST00000471250.5_1;ENST00000475639.5_1;ENST00000478282.1_1;ENST00000486519.5_2;ENST00000610664.4_3;ENST00000619610.2_3;ENST00000620065.4_1;ENST00000623375.3_2;ENST00000624739.1_1;ENST00000636315.1_1;ENST00000636923.1_1;ENST00000637320.1_1;ENST00000639996.1_1,3UTR;CDS
chr21,44513277,44513278,bulges,38,-,chr21:44513276-44513309:-,False,"            5'- GTGGTCGTGGCGGTGGCGGTGGCGGTGGTGGAGGTGGCGGCGG -3'
       rG4seq-K -------------------------------*-----------",U2AF1L5|ENSG00000275895.6_4;U2AF1|ENSG00000160201.11_3,ENST00000291552.8_1;ENST00000380276.6_1;ENST00000398137.5_1;ENST00000459639.5_1;ENST00000464750.5_1;ENST00000471250.5_1;ENST00000475639.5_1;ENST00000478282.1_1;ENST00000486519.5_2;ENST00000610664.4_3;ENST00000619610.2_3;ENST00000620065.4_1;ENST00000623375.3_2;ENST00000624739.1_1;ENST00000636315.1_1;ENST00000636923.1_1;ENST00000637320.1_1;ENST00000639996.1_1,3UTR;CDS
chr21,44527596,44527597,bulges,1200,-,chr21:44527595-44527624:-,False,"            5'- GCGGCGGCGGCGGGTGGGAAATGGCGGAGTATCTGGCCT -3'
       rG4seq-K ---------------------------*-----------",U2AF1L5|ENSG00000275895.6_4;U2AF1|ENSG00000160201.11_3,ENST00000291552.8_1;ENST00000380276.6_1;ENST00000398137.5_1;ENST00000464750.5_1;ENST00000475639.5_1;ENST00000486519.5_2;ENST00000496462.1_1;ENST00000610664.4_3;ENST00000619610.2_3;ENST00000620065.4_1;ENST00000624739.1_1;ENST00000636177.1_1;ENST00000636315.1_1;ENST00000639996.1_1,5UTR;CDS
chr21,44527605,44527607,two-quartet,510,-,chr21:44527606-44527628:-,False,"            5'- GGCAGCGGCGGCGGCGGGTGGGAAATGGCGGA -3'
       rG4seq-K ---------------------**---------",U2AF1L5|ENSG00000275895.6_4;U2AF1|ENSG00000160201.11_3,ENST00000291552.8_1;ENST00000380276.6_1;ENST00000398137.5_1;ENST00000464750.5_1;ENST00000475639.5_1;ENST00000486519.5_2;ENST00000496462.1_1;ENST00000610664.4_3;ENST00000619610.2_3;ENST00000620065.4_1;ENST00000624739.1_1;ENST00000636177.1_1;ENST00000636315.1_1;ENST00000639996.1_1,5UTR
chr21,44836357,44836362,canonical/G3L1-7,146,-,chr21:44836358-44836386:-,False,"            5'- GGGGGCAGGAGGGGAGCGGGGTGGAGGGAACACGTGCA -3'
       rG4seq-K ------------------------*-***---------",SIK1B|ENSG00000275993.2_5;SIK1|ENSG00000142178.8_3,ENST00000270162.7_2;ENST00000613488.2_2,3UTR
chr21,44836364,44836368,canonical/G3L1-7,61,-,chr21:44836365-44836392:-,False,"            5'- GGGGGCGGGGGCAGGAGGGGAGCGGGGTGGAGGGAAC -3'
       rG4seq-K ------------------------****---------",SIK1B|ENSG00000275993.2_5;SIK1|ENSG00000142178.8_3,ENST00000270162.7_2;ENST00000613488.2_2,3UTR
chr21,44836371,44836375,canonical/G3L1-7,24,-,chr21:44836372-44836402:-,False,"            5'- GGGCGTGTCTGGGGGCGGGGGCAGGAGGGGAGCGGGGTGG -3'
       rG4seq-K ---------------------------****---------",SIK1B|ENSG00000275993.2_5;SIK1|ENSG00000142178.8_3,ENST00000270162.7_2;ENST00000613488.2_2,3UTR
chr21,46935157,46935158,canonical/G3L1-7,40,-,chr21:46935158-46935177:-,False,"            5'- GGGCAGGGTGGGAGCCGGGACCCTCAGGT -3'
       rG4seq-K -------------------*---------",SLC19A1|ENSG00000173638.18_4,ENST00000311124.8_1;ENST00000380010.8_1;ENST00000417954.5_1;ENST00000460174.1_1;ENST00000567670.5_1,3UTR
chr21,47609834,47609836,bulges,31,-,chr21:47609835-47609860:-,False,"            5'- GCATGGATGTAGGGCTTGGGGTGGGAAGTTCAGGT -3'
       rG4seq-K ------------------------**---------",LSS|ENSG00000160285.14_2,ENST00000356396.8_1;ENST00000397728.7_1;ENST00000419093.5_1;ENST00000457828.6_1;ENST00000474319.1_1;ENST00000491729.1_1,3UTR
chr21,47610846,47610848,canonical/G3L1-7,17,-,chr21:47610847-47610866:-,False,"            5'- GGGATGGGGACAGGGTGGGTGGCTTAGAC -3'
       rG4seq-K ------------------**---------",LSS|ENSG00000160285.14_2,ENST00000356396.8_1;ENST00000397728.7_1;ENST00000419093.5_1;ENST00000457828.6_1;ENST00000474319.1_1;ENST00000491729.1_1;ENST00000522411.5_1,3UTR
chr21,47695127,47695128,G>=40%,40,-,chr21:47695127-47695187:-,False,"            5'- CCTGGATATGTGTCCTGAGAAGGAGAGGTACATGCGGGAGACCCGTAGCCAGCTGAGCGTGTTCGAAGTG -3'
       rG4seq-K -----------------------------------------------------------*----------",MCM3AP|ENSG00000160294.10_3,ENST00000291688.5_1;ENST00000397708.1_1,CDS
chr22,18571321,18571322,two-quartet,36,+,chr22:18571302-18571321:+,False,"            5'- GGAAGGGTGAGGTGGGTGGATCACTTGTG -3'
       rG4seq-K -------------------*---------",PEX26|ENSG00000215193.12_4,ENST00000329627.11_3;ENST00000474897.5_3;ENST00000610387.4_3,3UTR
chr22,18572126,18572128,bulges,19,+,chr22:18572110-18572128:+,False,"            5'- GGGATGTGGGGGGCGGGGCAGACGGGAG -3'
       rG4seq-K ----------------**----------",PEX26|ENSG00000215193.12_4,ENST00000329627.11_3;ENST00000474897.5_3;ENST00000610387.4_3,3UTR
chr22,18572135,18572137,canonical/G3L1-7,39,+,chr22:18572110-18572136:+,False,"            5'- GGGATGTGGGGGGCGGGGCAGACGGGAGACATGGGT -3'
       rG4seq-K -------------------------**---------",PEX26|ENSG00000215193.12_4,ENST00000329627.11_3;ENST00000474897.5_3;ENST00000610387.4_3,3UTR
chr22,18573558,18573559,bulges,16,+,chr22:18573530-18573558:+,False,"            5'- GGGATGGGAGGGTGGGGGAGAGGGGTGGAATGGAGAGG -3'
       rG4seq-K ----------------------------*---------",PEX26|ENSG00000215193.12_4,ENST00000329627.11_3;ENST00000474897.5_3;ENST00000610387.4_3,3UTR
chr22,18573647,18573648,bulges,29,+,chr22:18573629-18573647:+,False,"            5'- GGGGGTGGGGGCGGAGGGTTCGCCTCTA -3'
       rG4seq-K ------------------*---------",PEX26|ENSG00000215193.12_4,ENST00000329627.11_3;ENST00000474897.5_3;ENST00000610387.4_3,3UTR
chr22,19929406,19929407,longloop,113,+,chr22:19929382-19929406:+,False,"            5'- GGGGCGGGTCCAGTCCCGGGCGGGCCGTCGCGGG -3'
       rG4seq-K ------------------------*---------",COMT|ENSG00000093010.13_4,ENST00000361682.10_1;ENST00000403184.5_1;ENST00000403710.5_1;ENST00000407537.5_1;ENST00000467943.5_1,5UTR
chr22,20105048,20105050,longloop,28,+,chr22:20105018-20105049:+,False,"            5'- GGGGTCGAGGTTCGGGTCGTGGGGCGGAGGGAAGAGCGGGC -3'
       rG4seq-K ------------------------------**---------",RANBP1|ENSG00000099901.16_4,ENST00000402752.5_2;ENST00000430524.5_2;ENST00000432879.5_1;ENST00000435265.5_1;ENST00000488484.1_1,5UTR
chr22,20105065,20105067,canonical/G3L1-7,62,+,chr22:20105038-20105066:+,False,"            5'- GGGGCGGAGGGAAGAGCGGGCGGGCGGGAGGCGCCGGC -3'
       rG4seq-K ---------------------------**---------",RANBP1|ENSG00000099901.16_4,ENST00000402752.5_2;ENST00000430524.5_2;ENST00000432879.5_1;ENST00000435265.5_1;ENST00000488484.1_1,5UTR
chr22,20133691,20133692,longloop,18,+,chr22:20133662-20133691:+,False,"            5'- GGGGGGGCAGGCGGGAGCAGGCACGGGGGTGATGCTGCC -3'
       rG4seq-K -----------------------------*---------",ZDHHC8|ENSG00000099904.15_3,ENST00000320602.11_1;ENST00000334554.11_2;ENST00000405930.3_2,3UTR
chr22,20861950,20861951,bulges,30,+,chr22:20861919-20861952:+,False,"            5'- GGTGGCGGCCAAGCGGGATACGGGCGGCGGGAGCTGGGGAACA -3'
       rG4seq-K -------------------------------*-----------",MED15|ENSG00000099917.17_4,ENST00000263205.11_1;ENST00000292733.11_1;ENST00000382974.6_3;ENST00000406969.5_2;ENST00000414658.5_2;ENST00000432052.5_3;ENST00000433831.5_1;ENST00000444094.5_1;ENST00000445987.5_3;ENST00000477824.5_1;ENST00000486656.5_1,5UTR
chr22,20861956,20861959,canonical/G3L1-7,64,+,chr22:20861933-20861958:+,False,"            5'- GGGATACGGGCGGCGGGAGCTGGGGAACAGGCATG -3'
       rG4seq-K -----------------------***---------",MED15|ENSG00000099917.17_4,ENST00000263205.11_1;ENST00000292733.11_1;ENST00000382974.6_3;ENST00000406969.5_2;ENST00000414658.5_2;ENST00000432052.5_3;ENST00000433831.5_1;ENST00000444094.5_1;ENST00000445987.5_3;ENST00000477824.5_1;ENST00000486656.5_1,5UTR
chr22,21244638,21244639,longloop,38,+,chr22:21244614-21244638:+,False,"            5'- GGGCTGGGCTGACTGTGGGATGGGATTTGGTACT -3'
       rG4seq-K ------------------------*---------",SNAP29|ENSG00000099940.11_3,ENST00000215730.11_1,3UTR
chr22,21803483,21803484,canonical/G3L1-7,8,+,chr22:21803462-21803483:+,False,"            5'- GGGTTTGTGGGGCGGGGCGGGATTAACACAA -3'
       rG4seq-K ---------------------*---------",HIC2|ENSG00000169635.9_2,ENST00000407464.6_1;ENST00000407598.2_1;ENST00000443632.2_1,3UTR
chr22,21998502,21998505,bulges,125,+,chr22:21998468-21998506:+,False,"            5'- GTGGATGGATGGGTGGATGGAGGGTGGCAGGTGGGGCGTCTGCAGGGC -3'
       rG4seq-K ----------------------------------***-----------",SDF2L1|ENSG00000128228.4_2,ENST00000248958.4_1,3UTR
chr22,21998515,21998516,bulges,211,+,chr22:21998478-21998515:+,False,"            5'- GGGTGGATGGAGGGTGGCAGGTGGGGCGTCTGCAGGGCCACTCTTGG -3'
       rG4seq-K -------------------------------------*---------",SDF2L1|ENSG00000128228.4_2,ENST00000248958.4_1,3UTR
chr22,22051583,22051585,longloop,30,+,chr22:22051551-22051584:+,False,"            5'- GGGTGGTGGGGATGAAGGCCTGACCAGGGAGGGAGAAGCAGGT -3'
       rG4seq-K --------------------------------**---------",PPIL2|ENSG00000100023.18_3,ENST00000335025.12_1;ENST00000406385.1_1;ENST00000417788.5_1;ENST00000446951.1_1;ENST00000462188.1_1;ENST00000626352.2_1,3UTR
chr22,24176498,24176501,bulges,97,+,chr22:24176480-24176500:+,False,"            5'- GGGTGGGGGTGGAGTGGGGGCTTCCAGGTG -3'
       rG4seq-K ------------------***---------",SMARCB1|ENSG00000099956.19_5,ENST00000263121.12_2;ENST00000344921.11_3;ENST00000407422.8_2;ENST00000644036.1_1;ENST00000644462.1_1;ENST00000645799.1_1;ENST00000647057.1_1,3UTR
chr22,24236581,24236582,G>=40%,1221,+,chr22:24236522-24236582:+,False,"            5'- GGGGCGGGGCCTGGCGCCGGCGGTGGCGTCACAAAAGGCGGGACCACAGTGGTGTCCGAGAAGTCAGGCA -3'
       rG4seq-K -----------------------------------------------------------*----------",AP000350.4|ENSG00000251357.4_6;MIF|ENSG00000240972.1_3,ENST00000215754.7_1;ENST00000433835.3_3,5UTR;non_coding
chr22,24314313,24314314,longloop,25,+,chr22:24314287-24314313:+,False,"            5'- GGGACAGCCTGGTTGGGGCGGGCGGGAGTATGAACA -3'
       rG4seq-K --------------------------*---------",DDTL|ENSG00000099974.7_3,ENST00000215770.5_1,3UTR
chr22,24812707,24812709,canonical/G3L1-7,34,+,chr22:24812691-24812709:+,False,"            5'- GGGATGGGGGGGTAGGGGTCCCCAGGAT -3'
       rG4seq-K ----------------**----------",SPECC1L-ADORA2A|ENSG00000258555.6_3;SPECC1L|ENSG00000100014.19_5,ENST00000314328.13_1;ENST00000358654.2_2;ENST00000437398.5_1,3UTR;non_coding
chr22,24812839,24812841,canonical/G3L1-7,28,+,chr22:24812814-24812840:+,False,"            5'- GGGAAAGAGGGTGGGCACGGGGAGGGCTTGGCCCCG -3'
       rG4seq-K -------------------------**---------",SPECC1L-ADORA2A|ENSG00000258555.6_3;SPECC1L|ENSG00000100014.19_5,ENST00000314328.13_1;ENST00000358654.2_2;ENST00000437398.5_1,3UTR;non_coding
chr22,29138123,29138125,longloop,53,+,chr22:29138091-29138125:+,False,"            5'- GGGGAGAGCCGGGGCTTTGCTCCGGGTGTGGGGGTTTTGGCCGA -3'
       rG4seq-K --------------------------------**----------",HSCB|ENSG00000100209.9_2,ENST00000216027.7_1;ENST00000398941.6_2;ENST00000420442.5_1;ENST00000450178.5_1,CDS
chr22,29684752,29684755,bulges,102,+,chr22:29684728-29684756:+,False,"            5'- GGAGGCATGAGCAGAGGTGGGCGGGGAGGAGGACGCGG -3'
       rG4seq-K ------------------------***-----------",EWSR1|ENSG00000182944.17_4,ENST00000331029.11_1;ENST00000332035.10_2;ENST00000332050.10_1;ENST00000333395.10_1;ENST00000397938.6_2;ENST00000406548.5_2;ENST00000414183.6_1;ENST00000479135.5_1;ENST00000483415.5_1;ENST00000629659.2_1,CDS
chr22,29684757,29684758,bulges,196,+,chr22:29684728-29684760:+,False,"            5'- GGAGGCATGAGCAGAGGTGGGCGGGGAGGAGGACGCGGTGGA -3'
       rG4seq-K -----------------------------*------------",EWSR1|ENSG00000182944.17_4,ENST00000331029.11_1;ENST00000332035.10_2;ENST00000332050.10_1;ENST00000333395.10_1;ENST00000397938.6_2;ENST00000406548.5_2;ENST00000414183.6_1;ENST00000479135.5_1;ENST00000483415.5_1;ENST00000629659.2_1,CDS
chr22,29684769,29684770,bulges,423,+,chr22:29684728-29684769:+,False,"            5'- GGAGGCATGAGCAGAGGTGGGCGGGGAGGAGGACGCGGTGGAATGGGGTTA -3'
       rG4seq-K -----------------------------------------*---------",EWSR1|ENSG00000182944.17_4,ENST00000331029.11_1;ENST00000332035.10_2;ENST00000332050.10_1;ENST00000333395.10_1;ENST00000397938.6_2;ENST00000406548.5_2;ENST00000414183.6_1;ENST00000479135.5_1;ENST00000483415.5_1;ENST00000629659.2_1,CDS
chr22,29684776,29684777,bulges,47,+,chr22:29684746-29684776:+,False,"            5'- GGGCGGGGAGGAGGACGCGGTGGAATGGGGTAAGAGCAAA -3'
       rG4seq-K ------------------------------*---------",EWSR1|ENSG00000182944.17_4,ENST00000331029.11_1;ENST00000332035.10_2;ENST00000332050.10_1;ENST00000333395.10_1;ENST00000397938.6_2;ENST00000406548.5_2;ENST00000414183.6_1;ENST00000479135.5_1;ENST00000483415.5_1;ENST00000629659.2_1,CDS
chr22,29695823,29695824,two-quartet,3425,+,chr22:29695800-29695823:+,False,"            5'- GGAAGAAGAGGAGGACGTGGAGGACCTGGAAAA -3'
       rG4seq-K -----------------------*---------",EWSR1|ENSG00000182944.17_4,ENST00000331029.11_1;ENST00000332035.10_2;ENST00000332050.10_1;ENST00000360091.3_2;ENST00000397938.6_2;ENST00000406548.5_2;ENST00000414183.6_1;ENST00000469669.5_1;ENST00000479135.5_1;ENST00000483629.5_1;ENST00000610553.1_1;ENST00000629659.2_1,CDS
chr22,30279306,30279308,bulges,15,+,chr22:30279282-30279310:+,False,"            5'- GGAGCCTGGTGGGGTGGCGGAGGGGGAGACTGTGCCGT -3'
       rG4seq-K ------------------------**------------",MTMR3|ENSG00000100330.15_4,ENST00000323630.9_3;ENST00000333027.7_2;ENST00000351488.7_1;ENST00000401950.6_2;ENST00000415511.1_1;ENST00000445401.5_1;ENST00000495098.5_1,5UTR
chr22,31303690,31303691,bulges,67,+,chr22:31303663-31303692:+,False,"            5'- GCCCACTGGAGAGGCGGGGCGGGGTGGGGCAGGATGGCC -3'
       rG4seq-K ---------------------------*-----------",OSBP2|ENSG00000184792.15_4,ENST00000332585.10_1;ENST00000403222.7_2;ENST00000437268.6_2;ENST00000535268.5_2,3UTR
chr22,31366195,31366196,bulges,72,+,chr22:31366155-31366195:+,False,"            5'- GGGGGAATGATGGGAATTTGTGGGAATGTGCGTTTTAGGGGAATGATGAT -3'
       rG4seq-K ----------------------------------------*---------",TUG1|ENSG00000253352.9_4,ENST00000519077.4_2;ENST00000540687.6_2;ENST00000569384.2_2;ENST00000602971.2_2;ENST00000643071.1_1;ENST00000643280.1_1;ENST00000643877.1_1;ENST00000643920.1_1;ENST00000644027.1_1;ENST00000644773.1_1;ENST00000646021.1_1;ENST00000646496.1_1,non_coding
chr22,31370810,31370812,bulges,28,+,chr22:31370788-31370811:+,False,"            5'- GGGTTAAGGAGGTTGGGAAGGGGAGAAAAGGGA -3'
       rG4seq-K ----------------------**---------",TUG1|ENSG00000253352.9_4,ENST00000519077.4_2;ENST00000521091.6_2;ENST00000540687.6_2;ENST00000563812.2_2;ENST00000569149.2_2;ENST00000569384.2_2;ENST00000602393.1_1;ENST00000602971.2_2;ENST00000643071.1_1;ENST00000643077.1_1;ENST00000643280.1_1;ENST00000643553.1_1;ENST00000643920.1_1;ENST00000644027.1_1;ENST00000644773.1_1;ENST00000646496.1_1;ENST00000647354.1_1,non_coding
chr22,35691456,35691457,two-quartet,113,+,chr22:35691436-35691457:+,False,"            5'- GGGTATCTAGGAGGGGCGGGGAAGACATGGA -3'
       rG4seq-K --------------------*----------",HMGXB4|ENSG00000100281.13_3,ENST00000216106.5_1;ENST00000418170.5_1,3UTR
chr22,35790124,35790127,longloop,28,+,chr22:35790090-35790125:+,False,"            5'- GGGTTGGGGTGGTTTTTGAGCCATGCGTGGGTGGGGAGGGAGGTG -3'
       rG4seq-K ----------------------------------***--------",HMOX1|ENSG00000100292.16_2,ENST00000216117.8_1,3UTR
chr22,35790129,35790131,longloop,61,+,chr22:35790090-35790130:+,False,"            5'- GGGTTGGGGTGGTTTTTGAGCCATGCGTGGGTGGGGAGGGAGGTGTTTAA -3'
       rG4seq-K ---------------------------------------**---------",HMOX1|ENSG00000100292.16_2,ENST00000216117.8_1,3UTR
chr22,35790133,35790134,bulges,189,+,chr22:35790118-35790135:+,False,"            5'- GGGTGGGGAGGGAGGTGTTTAACGGCA -3'
       rG4seq-K ---------------*-----------",HMOX1|ENSG00000100292.16_2,ENST00000216117.8_1,3UTR
chr22,35806846,35806847,longloop,204,+,chr22:35806822-35806847:+,False,"            5'- GGGGCCGTGACAGGGTGGGCGTGGGCATCCGAAGC -3'
       rG4seq-K ------------------------*----------",MCM5|ENSG00000100297.15_3,ENST00000216122.8_1;ENST00000382011.9_1;ENST00000444778.1_3;ENST00000464908.5_1;ENST00000493076.5_1,CDS
chr22,36057110,36057113,bulges,20,+,chr22:36057096-36057115:+,False,"            5'- GGGAGGGGGTAGGGGGAGGAAGTCTGTGG -3'
       rG4seq-K --------------***------------",APOL6|ENSG00000221963.5_2,ENST00000409652.4_1,3UTR
chr22,36057115,36057116,bulges,40,+,chr22:36057096-36057118:+,False,"            5'- GGGAGGGGGTAGGGGGAGGAAGTCTGTGGTGA -3'
       rG4seq-K -------------------*------------",APOL6|ENSG00000221963.5_2,ENST00000409652.4_1,3UTR
chr22,38028744,38028746,bulges,30,+,chr22:38028724-38028745:+,False,"            5'- GGGGCTGGGGAGAGGAAGGGGCAGAGGGACC -3'
       rG4seq-K --------------------**---------",GGA1|ENSG00000100083.18_3,ENST00000325180.12_1;ENST00000343632.8_1;ENST00000406772.5_2,3UTR
chr22,38062014,38062016,canonical/G3L1-7,86,+,chr22:38061994-38062016:+,False,"            5'- GGGGTGGGGCTGGGACCCGGGGAAGGTTTGAG -3'
       rG4seq-K --------------------**----------",PDXP|ENSG00000241360.1_3;Z83844.3|ENSG00000285304.1_2,ENST00000215904.6_1;ENST00000403251.1_1;ENST00000451997.6_2,3UTR
chr22,38074626,38074627,potential G-quadruplex & G>=40%,609,+,chr22:38074567-38074627:+,False,"            5'- CAACACCATCGTGTGCAACAGCAAGGACGGCGGGGCCTGGGGGACCGAGCAGCGGGAGGCTGTCTTTCCC -3'
       rG4seq-K -----------------------------------------------------------*----------",LGALS1|ENSG00000100097.11_2,ENST00000215909.9_1;ENST00000425542.5_1;ENST00000454173.1_1;ENST00000472321.1_1;ENST00000489315.5_1,3UTR;CDS
chr22,38142342,38142344,bulges,21,+,chr22:38142305-38142344:+,False,"            5'- GGGCGGCCGAGAGGGGCGGCGGCGGCGGCGGCGGCGGGGTTCCCGCGCC -3'
       rG4seq-K -------------------------------------**----------",TRIOBP|ENSG00000100106.20_6,ENST00000344404.10_1;ENST00000403663.6_1;ENST00000406386.8_2;ENST00000407319.6_1;ENST00000413051.2_2;ENST00000428075.5_2;ENST00000644935.1_1;ENST00000646328.1_1,CDS
chr22,38201287,38201288,bulges,56,+,chr22:38201255-38201287:+,False,"            5'- GGAGGCAGAGGAGGCGGAGGCAGAGGCAGAGGCAGAGGCAGA -3'
       rG4seq-K --------------------------------*---------",H1F0|ENSG00000189060.5_2,ENST00000340857.3_1,5UTR
chr22,38202409,38202412,canonical/G3L1-7,350,+,chr22:38202387-38202411:+,False,"            5'- GGGGTTAGGGATTTGCGGGGGGGGCTTGTGTGTT -3'
       rG4seq-K ----------------------***---------",H1F0|ENSG00000189060.5_2,ENST00000340857.3_1,3UTR
chr22,38202459,38202461,potential G-quadruplex & G>=40%,644,+,chr22:38202401-38202461:+,False,"            5'- GCGGGGGGGGCTTGTGTGTTTTGTTGGCTTGTTTGCCATGAAGGTAGATGTGGGTGGGGAGAAGACACAA -3'
       rG4seq-K ----------------------------------------------------------**----------",H1F0|ENSG00000189060.5_2,ENST00000340857.3_1,3UTR
chr22,38202903,38202904,potential G-quadruplex & G>=40%,440,+,chr22:38202844-38202904:+,False,"            5'- TTGTGGCTTCAGCAAATTCTCTTGTTAAACCGGAGTGAAAACTTCAGGGGAAGGGTGGGGAGTCAGCCAA -3'
       rG4seq-K -----------------------------------------------------------*----------",H1F0|ENSG00000189060.5_2,ENST00000340857.3_1,3UTR
chr22,38203130,38203131,bulges,76,+,chr22:38203109-38203129:+,False,"            5'- GGGAGGGGGAGGGGGAGTGGGCGGGCAGTG -3'
       rG4seq-K ---------------------*--------",H1F0|ENSG00000189060.5_2,ENST00000340857.3_1,3UTR
chr22,38203133,38203135,canonical/G3L1-7,315,+,chr22:38203109-38203134:+,False,"            5'- GGGAGGGGGAGGGGGAGTGGGCGGGCAGTGGATAG -3'
       rG4seq-K ------------------------**---------",H1F0|ENSG00000189060.5_2,ENST00000340857.3_1,3UTR
chr22,38203140,38203141,bulges,648,+,chr22:38203109-38203140:+,False,"            5'- GGGAGGGGGAGGGGGAGTGGGCGGGCAGTGGATAGTAAGAC -3'
       rG4seq-K -------------------------------*---------",H1F0|ENSG00000189060.5_2,ENST00000340857.3_1,3UTR
chr22,38611094,38611096,canonical/G3L1-7,46,+,chr22:38611068-38611095:+,False,"            5'- GGGAAGGGGAACTTGGGTAGGTTGGGGATGGGGCAGA -3'
       rG4seq-K --------------------------**---------",MAFF|ENSG00000185022.11_4,ENST00000338483.6_2;ENST00000407965.1_2;ENST00000426621.6_2;ENST00000538320.5_2;ENST00000538999.1_2,3UTR
chr22,38611100,38611101,canonical/G3L1-7,66,+,chr22:38611073-38611101:+,False,"            5'- GGGGAACTTGGGTAGGTTGGGGATGGGGCAGAGGTCTG -3'
       rG4seq-K ---------------------------*----------",MAFF|ENSG00000185022.11_4,ENST00000338483.6_2;ENST00000407965.1_2;ENST00000426621.6_2;ENST00000538320.5_2;ENST00000538999.1_2,3UTR
chr22,39127254,39127256,bulges,49,+,chr22:39127225-39127255:+,False,"            5'- GGAGCCAGACCGGGTGGAGGGGCTTCTGGGATTTGGTGTC -3'
       rG4seq-K -----------------------------**---------",GTPBP1|ENSG00000100226.15_3,ENST00000216044.9_1;ENST00000458073.5_1;ENST00000462332.1_1;ENST00000484971.1_1,3UTR
chr22,39127869,39127871,bulges,23,+,chr22:39127846-39127871:+,False,"            5'- GGAGCGTGGGGCGGGCAGGCAGGGGTTAGTGAAAG -3'
       rG4seq-K -----------------------**----------",AL021707.2|ENSG00000257034.1;GTPBP1|ENSG00000100226.15_3,ENST00000216044.9_1;ENST00000458073.5_1;ENST00000462332.1_1;ENST00000484971.1_1;ENST00000544928.1,3UTR;non_coding
chr22,39127942,39127943,potential G-quadruplex & G>=40%,43,+,chr22:39127883-39127943:+,False,"            5'- CACTTCCAGGGTTAGGACAGAGCATTTAGCCTTCTGGAAGAACCCCTGCCTGGGGTGGGACTGTGCAGGC -3'
       rG4seq-K -----------------------------------------------------------*----------",AL021707.2|ENSG00000257034.1;GTPBP1|ENSG00000100226.15_3,ENST00000216044.9_1;ENST00000458073.5_1;ENST00000462332.1_1;ENST00000484971.1_1;ENST00000544928.1,3UTR;non_coding
chr22,39128034,39128036,bulges,19,+,chr22:39128016-39128036:+,False,"            5'- GGGTAGGCTGGTGGGTGGGGGTGGTTCGTT -3'
       rG4seq-K ------------------**----------",AL021707.2|ENSG00000257034.1;GTPBP1|ENSG00000100226.15_3,ENST00000216044.9_1;ENST00000458073.5_1;ENST00000462332.1_1;ENST00000484971.1_1;ENST00000544928.1,3UTR;non_coding
chr22,40806050,40806054,bulges,62,+,chr22:40806037-40806056:+,False,"            5'- GGGAAGGGGATGGGGGTGGCTAGTAGGCT -3'
       rG4seq-K -------------****------------",AL022238.4|ENSG00000284431.1_4;SGSM3|ENSG00000100359.20_3,ENST00000248929.13_1;ENST00000417424.1_3;ENST00000469719.5_1;ENST00000478085.5_1;ENST00000485962.5_1;ENST00000639722.1_1,3UTR
chr22,40806056,40806057,bulges,104,+,chr22:40806037-40806056:+,False,"            5'- GGGAAGGGGATGGGGGTGGCTAGTAGGCT -3'
       rG4seq-K -------------------*---------",AL022238.4|ENSG00000284431.1_4;SGSM3|ENSG00000100359.20_3,ENST00000248929.13_1;ENST00000417424.1_3;ENST00000469719.5_1;ENST00000478085.5_1;ENST00000485962.5_1;ENST00000639722.1_1,3UTR
chr22,41754338,41754340,bulges,17,+,chr22:41754310-41754339:+,False,"            5'- GGCAGCGCTGCCTGGGGGCTGGGGAGGGGAGGCCCAGAG -3'
       rG4seq-K ----------------------------**---------",ZC3H7B|ENSG00000100403.11_2,ENST00000352645.4_1,3UTR
chr22,41754527,41754530,canonical/G3L1-7,31,+,chr22:41754507-41754529:+,False,"            5'- GGGAAGGGTGAGGGTCTGGGGGAATGCGGAGA -3'
       rG4seq-K --------------------***---------",ZC3H7B|ENSG00000100403.11_2,ENST00000352645.4_1,3UTR
chr22,41755148,41755150,bulges,26,+,chr22:41755120-41755152:+,False,"            5'- GGTGCTGGTGGTGTGGCTGTAGGGGAGGGGAGACCACACCCA -3'
       rG4seq-K ----------------------------**------------",ZC3H7B|ENSG00000100403.11_2,ENST00000352645.4_1,3UTR
chr22,41755765,41755767,bulges,42,+,chr22:41755738-41755766:+,False,"            5'- GGGAGGCAGAGTGTGATGGGGAGGAGGGACAGGAAGAC -3'
       rG4seq-K ---------------------------**---------",ZC3H7B|ENSG00000100403.11_2,ENST00000352645.4_1,3UTR
chr22,41755921,41755924,canonical/G3L1-7,24,+,chr22:41755904-41755922:+,False,"            5'- GGGGGCGGGGTGGGTGGGGAGGGATGCT -3'
       rG4seq-K -----------------***--------",ZC3H7B|ENSG00000100403.11_2,ENST00000352645.4_1,3UTR
chr22,41755926,41755928,canonical/G3L1-7,93,+,chr22:41755904-41755927:+,False,"            5'- GGGGGCGGGGTGGGTGGGGAGGGATGCTGCATT -3'
       rG4seq-K ----------------------**---------",ZC3H7B|ENSG00000100403.11_2,ENST00000352645.4_1,3UTR
chr22,41795286,41795287,bulges,16,+,chr22:41795259-41795287:+,False,"            5'- GGAGTGATGTGGTGGGAGGGAAGCCGGGAATGTATCCT -3'
       rG4seq-K ---------------------------*----------",TEF|ENSG00000167074.14_2,ENST00000266304.8_1;ENST00000406644.7_1,3UTR
chr22,42092606,42092607,bulges,10,+,chr22:42092588-42092606:+,False,"            5'- GCTGGTGGGTGGGGAGGGAGAGCATCTG -3'
       rG4seq-K ------------------*---------",C22orf46|ENSG00000184208.10_2,ENST00000402966.1_1,3UTR
chr22,42229183,42229184,bulges,54,+,chr22:42229149-42229182:+,False,"            5'- GGTGGCACCCGTCGGTGAGGCGGTGCCGGGCGGGGGTTGTCGG -3'
       rG4seq-K ----------------------------------*--------",SREBF2|ENSG00000198911.11_3,ENST00000361204.8_3;ENST00000424354.5_1;ENST00000612482.4_3,5UTR
chr22,42302290,42302292,bulges,95,+,chr22:42302254-42302293:+,False,"            5'- GGGGAGGAGGGGGGCCCAGCCCTGGGAGGCTGGTGGGAGGCAGGGGGCA -3'
       rG4seq-K ------------------------------------**-----------",SREBF2|ENSG00000198911.11_3,ENST00000361204.8_3;ENST00000424354.5_1;ENST00000491541.1_1;ENST00000612482.4_3,3UTR
chr22,42302299,42302302,longloop,220,+,chr22:42302254-42302301:+,False,"            5'- GGGGAGGAGGGGGGCCCAGCCCTGGGAGGCTGGTGGGAGGCAGGGGGCAGGCCTGCG -3'
       rG4seq-K ---------------------------------------------***---------",SREBF2|ENSG00000198911.11_3,ENST00000361204.8_3;ENST00000424354.5_1;ENST00000491541.1_1;ENST00000612482.4_3,3UTR
chr22,42302484,42302485,potential G-quadruplex & G>=40%,208,+,chr22:42302425-42302485:+,False,"            5'- AGGGTAGGCCCAGGGGGCTGGGAGAAATGAAGCCACCCATGGGGACTGGGGACCAGGGGCCTTCAGCATG -3'
       rG4seq-K -----------------------------------------------------------*----------",SREBF2|ENSG00000198911.11_3,ENST00000361204.8_3;ENST00000424354.5_1;ENST00000491541.1_1;ENST00000612482.4_3,3UTR
chr22,42303207,42303208,bulges,230,+,chr22:42303189-42303207:+,False,"            5'- GGGTGTGGGAGGGGGTGGTTTTTCACTG -3'
       rG4seq-K ------------------*---------",SREBF2|ENSG00000198911.11_3,ENST00000361204.8_3;ENST00000424354.5_1;ENST00000491541.1_1;ENST00000612482.4_3,3UTR
chr22,42303224,42303228,potential G-quadruplex & G>=40%,320,+,chr22:42303168-42303228:+,False,"            5'- TGCCTTTTCTCACTATTGTTTGGGTGTGGGAGGGGGTGGTTTTTCACTGAAAAGGGGGGTACACCTATAG -3'
       rG4seq-K --------------------------------------------------------**-*----------",SREBF2|ENSG00000198911.11_3,ENST00000361204.8_3;ENST00000424354.5_1;ENST00000491541.1_1;ENST00000612482.4_3,3UTR
chr22,42473897,42473899,bulges,93,+,chr22:42473876-42473898:+,False,"            5'- GGGTGGGGGTTGGCTGAGTGGGAGCTGCAGGG -3'
       rG4seq-K ---------------------**---------",PHETA2|ENSG00000177096.8_4,ENST00000321753.7_1,CDS
chr22,42474607,42474609,canonical/G3L1-7,50,+,chr22:42474585-42474608:+,False,"            5'- GGGGTGGGAAGATTGGGGATGGGATCCTCACTC -3'
       rG4seq-K ----------------------**---------",PHETA2|ENSG00000177096.8_4,ENST00000321753.7_1,3UTR
chr22,42475769,42475772,canonical/G3L1-7,60,+,chr22:42475741-42475769:+,False,"            5'- GGGTGCCCGGGTGAGGGGCGGAGCTGGGGGCATGGCGT -3'
       rG4seq-K ----------------------------***-------",SMDT1|ENSG00000183172.8_2,ENST00000331479.3_1;ENST00000422252.1_1;ENST00000484235.1_1,5UTR
chr22,46726484,46726485,canonical/G3L1-7,64,+,chr22:46726464-46726485:+,False,"            5'- GGGTGGGCTGAGGGACTGGGGCCAGCACGGA -3'
       rG4seq-K --------------------*----------",GTSE1|ENSG00000075218.18_3,ENST00000454366.1_1,3UTR
chr22,46727454,46727456,two-quartet,22,+,chr22:46727439-46727455:+,False,"            5'- GGGAGGGGTAGGGTGGACAGGCGATG -3'
       rG4seq-K ---------------**---------",TRMU|ENSG00000100416.13_3,ENST00000476901.1_1;ENST00000486620.5_1,non_coding
chr22,47074102,47074103,bulges,83,+,chr22:47074074-47074104:+,False,"            5'- GGGTTGGTTGGGGGAGGAAGTGGGGAGGAGTGTTCCGGGA -3'
       rG4seq-K ----------------------------*-----------",GRAMD4|ENSG00000075240.16_3,ENST00000361034.7_1;ENST00000406902.5_1;ENST00000408031.1_1,3UTR
chr22,47074113,47074114,bulges,108,+,chr22:47074074-47074113:+,False,"            5'- GGGTTGGTTGGGGGAGGAAGTGGGGAGGAGTGTTCCGGGACCATGGTGG -3'
       rG4seq-K ---------------------------------------*---------",GRAMD4|ENSG00000075240.16_3,ENST00000361034.7_1;ENST00000406902.5_1;ENST00000408031.1_1,3UTR
chr22,47075162,47075164,canonical/G3L1-7,115,+,chr22:47075137-47075163:+,False,"            5'- GGGAGGGGTCCCTGGGGCAGATGGGGCTTTACCAGC -3'
       rG4seq-K -------------------------**---------",GRAMD4|ENSG00000075240.16_3,ENST00000361034.7_1;ENST00000406902.5_1;ENST00000408031.1_1,3UTR
chr22,47075288,47075291,longloop,23,+,chr22:47075255-47075289:+,False,"            5'- GGGAGGGCCACATTCGGGGAGCGGGGGGTCGGGGGAGGGCCACC -3'
       rG4seq-K ---------------------------------***--------",GRAMD4|ENSG00000075240.16_3,ENST00000361034.7_1;ENST00000406902.5_1;ENST00000408031.1_1,3UTR
chr22,47075294,47075295,canonical/G3L1-7,59,+,chr22:47075270-47075294:+,False,"            5'- GGGGAGCGGGGGGTCGGGGGAGGGCCACCGACTG -3'
       rG4seq-K ------------------------*---------",GRAMD4|ENSG00000075240.16_3,ENST00000361034.7_1;ENST00000406902.5_1;ENST00000408031.1_1,3UTR
chr22,50357360,50357363,canonical/G3L1-7,126,+,chr22:50357335-50357363:+,False,"            5'- GGGGACAGTGGGGAGGCAGGGGAGGGGGTGGCTGTGGT -3'
       rG4seq-K -------------------------***----------",PIM3|ENSG00000198355.4_2,ENST00000360612.4_1,3UTR
chr22,50961830,50961831,bulges,42,+,chr22:50961806-50961832:+,False,"            5'- GGGGAGCACCGAGGCAGGGGTGGGGGAATGTGTACT -3'
       rG4seq-K ------------------------*-----------",NCAPH2|ENSG00000025770.18_3,ENST00000299821.15_1;ENST00000395701.7_2;ENST00000420993.6_1;ENST00000522304.1_1,3UTR
chr22,17618884,17618887,bulges,103,-,chr22:17618883-17618917:-,False,"            5'- GGAGTGAGGGCAGTGCGGTGGAGGTGAGGGGGTGAGCCTGGACC -3'
       rG4seq-K ------------------------------***-----------",HDHD5|ENSG00000069998.12_4,ENST00000155674.9_1;ENST00000336737.8_1;ENST00000399852.3_1;ENST00000477157.5_1;ENST00000486462.1_1,3UTR;CDS
chr22,18314651,18314652,two-quartet,15,-,chr22:18314652-18314666:-,False,"            5'- GGAGGAGGAGGAGGACTATGACGA -3'
       rG4seq-K --------------*---------",MICAL3|ENSG00000243156.7_3,ENST00000441493.6_1;ENST00000498573.5_2;ENST00000578984.1_2,CDS
chr22,18314654,18314655,two-quartet,8,-,chr22:18314652-18314666:-,False,"            5'- GGAGGAGGAGGAGGACTATGACGA -3'
       rG4seq-K -----------*------------",MICAL3|ENSG00000243156.7_3,ENST00000441493.6_1;ENST00000498573.5_2;ENST00000578984.1_2,CDS
chr22,18314828,18314829,bulges,12,-,chr22:18314827-18314855:-,False,"            5'- GGAGGAGGAGGGAGAGGAGGAGGAGGAGGAGCCTCGCC -3'
       rG4seq-K --------------------------*-----------",MICAL3|ENSG00000243156.7_3,ENST00000441493.6_1,CDS
chr22,19318268,19318270,canonical/G3L1-7,26,-,chr22:19318269-19318293:-,False,"            5'- GGGGGAATGGGGCAAAGGGGTGGGCGATTTCTTT -3'
       rG4seq-K -----------------------**---------",HIRA|ENSG00000100084.14_3,ENST00000263208.5_1;ENST00000340170.8_1,3UTR
chr22,19428716,19428717,bulges,96,-,chr22:19428717-19428747:-,False,"            5'- GGGTTTAGGTTAGGGATGGTGAGGGGGTGGTTCATACGAG -3'
       rG4seq-K ------------------------------*---------",C22orf39|ENSG00000242259.8_5;HIRA|ENSG00000100084.14_3,ENST00000399568.5_3;ENST00000452818.1_1;ENST00000509549.5_1;ENST00000542103.5_3,3UTR;non_coding
chr22,19428719,19428722,bulges,58,-,chr22:19428717-19428747:-,False,"            5'- GGGTTTAGGTTAGGGATGGTGAGGGGGTGGTTCATACGAG -3'
       rG4seq-K -------------------------*-*------------",C22orf39|ENSG00000242259.8_5;HIRA|ENSG00000100084.14_3,ENST00000399568.5_3;ENST00000452818.1_1;ENST00000509549.5_1;ENST00000542103.5_3,3UTR;non_coding
chr22,19837586,19837587,canonical/G3L1-7,17,-,chr22:19837586-19837610:-,False,"            5'- GGGTGGGGCTGAGTAGGGGGTGGGTGGCTCTGCA -3'
       rG4seq-K -----------------------*----------",GNB1L|ENSG00000185838.13_3;RTL10|ENSG00000215012.8_6,ENST00000328554.8_2;ENST00000329517.10_1;ENST00000403325.5_1;ENST00000405009.5_1;ENST00000405640.1_2;ENST00000407472.5_2;ENST00000453108.1_1;ENST00000460402.5_1;ENST00000481086.1_1;ENST00000484072.5_1,3UTR;non_coding
chr22,19929230,19929233,longloop,29,-,chr22:19929231-19929258:-,False,"            5'- GGGCGGGGTGCGGGGCGCGGCGCGGGGCGCAGCAGGT -3'
       rG4seq-K -------------------------***---------",TXNRD2|ENSG00000184470.20_4,ENST00000334363.14_1;ENST00000400519.6_1;ENST00000400521.6_1;ENST00000400525.6_1;ENST00000474308.5_1;ENST00000496729.2_1,CDS
chr22,20102914,20102915,two-quartet,98,-,chr22:20102915-20102941:-,False,"            5'- GGTTGGCGTCGGGGTGGATGGGGAGGATAACACCGT -3'
       rG4seq-K --------------------------*---------",TRMT2A|ENSG00000099899.14_6,ENST00000252136.11_3;ENST00000403707.7_3;ENST00000404751.7_3;ENST00000439169.2_3;ENST00000459644.1_1;ENST00000468917.1_1;ENST00000471040.5_1;ENST00000480460.1_1;ENST00000492988.5_1;ENST00000494820.5_1,CDS
chr22,21335786,21335788,canonical/G3L1-7,14,-,chr22:21335787-21335808:-,False,"            5'- GGGATGTGGGAGGGCTTGGGGCGCAGAATTA -3'
       rG4seq-K --------------------**---------",AC002470.1|ENSG00000272829.1_5,ENST00000610278.1_1,non_coding
chr22,21355985,21355986,bulges,49,-,chr22:21355986-21356019:-,False,"            5'- GAGGCTTGAACCTGTGGGTGGGAGGTGAAGCGGAACGGTCCCG -3'
       rG4seq-K ---------------------------------*---------",THAP7|ENSG00000184436.11_2,ENST00000215742.8_1;ENST00000399133.2_1;ENST00000466670.1_1;ENST00000471073.1_1;ENST00000471723.1_1;ENST00000476667.5_1;ENST00000498406.1_1,non_coding
chr22,22275806,22275807,canonical/G3L1-7,12,-,chr22:22275807-22275831:-,False,"            5'- GGGAAGAGGGCAGGGGGCTAGGGGAGGACTCAGA -3'
       rG4seq-K ------------------------*---------",PPM1F|ENSG00000100034.13_3,ENST00000263212.9_2;ENST00000407142.5_2,3UTR
chr22,24937907,24937909,two-quartet,136,-,chr22:24937907-24937927:-,False,"            5'- GGGGAGGTTGGGGTCAGGGGTTGTTTCTTT -3'
       rG4seq-K ------------------**----------",GUCD1|ENSG00000138867.16_3,ENST00000398245.8_1;ENST00000407471.7_1;ENST00000435822.5_1;ENST00000490922.1_1;ENST00000621833.4_1,3UTR
chr22,28315212,28315213,bulges,42,-,chr22:28315212-28315250:-,False,"            5'- GGCGCTGTGAGAGGCGGTAGCGGCGGCGGCGGCGGTGGTATCGGCGGC -3'
       rG4seq-K -------------------------------------*----------",PITPNB|ENSG00000180957.17_3,ENST00000320996.14_1;ENST00000335272.9_1;ENST00000415296.5_3;ENST00000455418.7_1;ENST00000460566.5_1;ENST00000471825.1_1,5UTR
chr22,28377850,28377851,bulges,27,-,chr22:28377851-28377871:-,False,"            5'- GGGGTGGGGAGAGGAAAGGGAGCACATATT -3'
       rG4seq-K --------------------*---------",TTC28|ENSG00000100154.14_4,ENST00000397906.6_3;ENST00000612946.4_2,3UTR
chr22,29095888,29095890,potential G-quadruplex & G>=40%,294,-,chr22:29095888-29095948:-,False,"            5'- CTTGCCTTGCCTTTGTGTTTCAGGATGGAAGGGGGAGAGCTGTTTGACAAAGTGGTGGGGAATAAACGCC -3'
       rG4seq-K ----------------------------------------------------------**----------",CHEK2|ENSG00000183765.21_4,ENST00000328354.10_1;ENST00000348295.7_1;ENST00000382580.6_1;ENST00000402731.5_1;ENST00000403642.5_1;ENST00000404276.6_2;ENST00000405598.5_1;ENST00000416671.5_1;ENST00000417588.5_1;ENST00000425190.6_1;ENST00000433028.6_1;ENST00000433728.5_1;ENST00000434810.5_1;ENST00000439346.5_1;ENST00000447421.5_1;ENST00000448511.5_1;ENST00000456369.5_1;ENST00000464581.5_2;ENST00000491919.5_1;ENST00000648295.1_1;ENST00000649563.1_1;ENST00000650281.1_1,3UTR;CDS
chr22,29950928,29950930,bulges,229,-,chr22:29950930-29950952:-,False,"            5'- GGTGTGTGGAGGTGGCGGGAGGGGTCAGTGAC -3'
       rG4seq-K ----------------------**--------",NIPSNAP1|ENSG00000184117.11_3;THOC5|ENSG00000100296.13_3,ENST00000216121.11_1;ENST00000418021.1_1,3UTR;non_coding
chr22,29951328,29951330,canonical/G3L1-7,418,-,chr22:29951329-29951350:-,False,"            5'- GGGGCTGGGGAAAGGGATGGGAGCCAGGAAA -3'
       rG4seq-K --------------------**---------",NIPSNAP1|ENSG00000184117.11_3,ENST00000216121.11_1,3UTR
chr22,29951532,29951533,two-quartet,294,-,chr22:29951532-29951550:-,False,"            5'- GGCTAGAGGTGGGGTGGGAAGAGAGGAG -3'
       rG4seq-K -----------------*----------",NIPSNAP1|ENSG00000184117.11_3,ENST00000216121.11_1,3UTR
chr22,29976997,29976998,bulges,152,-,chr22:29976999-29977036:-,False,"            5'- GCGGCGGCTGCTGGGGGGCCCGGGGCCTCGCGCTGGGGACGTTGCGT -3'
       rG4seq-K --------------------------------------*--------",NIPSNAP1|ENSG00000184117.11_3,ENST00000216121.11_1;ENST00000415100.5_1;ENST00000437094.5_1;ENST00000455496.1_1;ENST00000494966.1_1;ENST00000496944.1_1,CDS
chr22,30162968,30162971,two-quartet,34,-,chr22:30162967-30162982:-,False,"            5'- GGACGCAGGAGGAGGAGCCCGGAGC -3'
       rG4seq-K -----------*-*-----------",ZMAT5|ENSG00000100319.12_2,ENST00000489010.1_1,non_coding
chr22,30637502,30637504,bulges,35,-,chr22:30637503-30637533:-,False,"            5'- GGTCCTGAGGCCTGGGGTTGGGGTGGAGGGTGCGGCCCGG -3'
       rG4seq-K -----------------------------**---------",LIF|ENSG00000128342.4_2,ENST00000249075.3_1,3UTR
chr22,30638839,30638842,longloop,44,-,chr22:30638840-30638869:-,False,"            5'- GGGGTTTGTGGAGGTGGGTAGGGCAGGGGCAGGTTGCTA -3'
       rG4seq-K ---------------------------***---------",LIF|ENSG00000128342.4_2,ENST00000249075.3_1,3UTR
chr22,30638845,30638847,bulges,25,-,chr22:30638846-30638869:-,False,"            5'- GGGGTTTGTGGAGGTGGGTAGGGCAGGGGCAGG -3'
       rG4seq-K ----------------------**---------",LIF|ENSG00000128342.4_2,ENST00000249075.3_1,3UTR
chr22,30688037,30688039,longloop,23,-,chr22:30688038-30688067:-,False,"            5'- GGGTGCTGGTGTGAGGGGAAAGGGTGGGGTGTTCTTTGT -3'
       rG4seq-K ----------------------------**---------",AC004997.1|ENSG00000248751.6_6;TBC1D10A|ENSG00000099992.15_4,ENST00000215790.11_2;ENST00000330168.9_4;ENST00000403362.5_1;ENST00000403477.7_2;ENST00000418047.5_4;ENST00000433426.5_1;ENST00000434291.5_4;ENST00000434987.5_4;ENST00000447976.1_4;ENST00000462073.5_1;ENST00000467596.5_1,3UTR;non_coding
chr22,30972651,30972654,longloop,107,-,chr22:30972652-30972681:-,False,"            5'- GGGTGCTGTGATGGGGTGAGGGTAGGGGGAGCATTTGTT -3'
       rG4seq-K ---------------------------***---------",PES1|ENSG00000100029.17_3,ENST00000354694.11_1;ENST00000402281.5_1;ENST00000402284.7_1;ENST00000405677.5_1;ENST00000441668.5_1;ENST00000488719.1_1,3UTR
chr22,30975199,30975200,bulges,255,-,chr22:30975200-30975234:-,False,"            5'- GGTGATGAAGAGGGAGAAAATGAGGAGGAGGAGGAAGATGCAGA -3'
       rG4seq-K ----------------------------------*---------",PES1|ENSG00000100029.17_3,ENST00000335214.8_2;ENST00000354694.11_1;ENST00000402281.5_1;ENST00000402284.7_1;ENST00000405677.5_1;ENST00000441668.5_1;ENST00000488719.1_1,CDS
chr22,31333932,31333935,bulges,49,-,"chr22:31334051-31334059:-,chr22:31333933-31333956:-",True,"            5'- GGGGGCATGGCATGTGGCGGGGTTGTTGGGGTTGTTGATGT -3'
       rG4seq-K -----------------------------***---------",MORC2|ENSG00000133422.12_2,ENST00000215862.8_1;ENST00000397641.7_1;ENST00000469915.1_1,CDS
chr22,31531197,31531198,bulges,18,-,chr22:31531198-31531218:-,False,"            5'- GGGGTGGGTGTTGGAGAGGGCTTTCAGCTC -3'
       rG4seq-K --------------------*---------",PLA2G3|ENSG00000100078.3_2,ENST00000215885.3_1,3UTR
chr22,32079784,32079786,canonical/G3L1-7,12,-,chr22:32079784-32079809:-,False,"            5'- GGGGAGATGGGTTGGGGGTGGGGGGTCTCTATGTG -3'
       rG4seq-K -----------------------**----------",PRR14L|ENSG00000183530.13_5,ENST00000327423.10_2;ENST00000330495.8_4;ENST00000432485.1_3,3UTR
chr22,36002897,36002900,canonical/G3L1-7,94,-,chr22:36002898-36002920:-,False,"            5'- GGGCTGGGCGGGCCAGCTGGGGAAGCATTTGA -3'
       rG4seq-K --------------------***---------",MB|ENSG00000198125.12_3,ENST00000359787.5_2;ENST00000397326.6_2;ENST00000397328.5_2;ENST00000401702.5_1,3UTR
chr22,36003194,36003196,bulges,52,-,chr22:36003195-36003225:-,False,"            5'- GCAGGAGGAGCTGAGGGGCTGGGGCTGGGGTGTTGAAGTT -3'
       rG4seq-K -----------------------------**---------",MB|ENSG00000198125.12_3,ENST00000359787.5_2;ENST00000397326.6_2;ENST00000397328.5_2;ENST00000401702.5_1,3UTR
chr22,36136558,36136559,bulges,134,-,chr22:36136557-36136590:-,False,"            5'- GGGACTTTGGGGGGTGGGGAAGGGGTCGTGGTGTTTTAAAAGC -3'
       rG4seq-K -------------------------------*-----------",RBFOX2|ENSG00000100320.22_4,ENST00000405409.6_2,3UTR
chr22,36136564,36136566,canonical/G3L1-7,87,-,chr22:36136565-36136590:-,False,"            5'- GGGACTTTGGGGGGTGGGGAAGGGGTCGTGGTGTT -3'
       rG4seq-K ------------------------**---------",RBFOX2|ENSG00000100320.22_4,ENST00000405409.6_2,3UTR
chr22,36136571,36136573,bulges,46,-,chr22:36136571-36136605:-,False,"            5'- GATACTAGGAGGAAAGGGACTTTGGGGGGTGGGGAAGGGGTCGT -3'
       rG4seq-K --------------------------------**----------",RBFOX2|ENSG00000100320.22_4,ENST00000405409.6_2,3UTR
chr22,36138082,36138083,longloop,91,-,chr22:36138083-36138123:-,False,"            5'- GGGATGCGGGCTTTCACAGTTCTAGGGAATGGGGGCAGGGAGGATTTTGC -3'
       rG4seq-K ----------------------------------------*---------",RBFOX2|ENSG00000100320.22_4,ENST00000405409.6_2,3UTR
chr22,36138112,36138114,bulges,37,-,chr22:36138113-36138137:-,False,"            5'- GAGGAGCGGGGAATGGGATGCGGGCTTTCACAGT -3'
       rG4seq-K -----------------------**---------",RBFOX2|ENSG00000100320.22_4,ENST00000405409.6_2,3UTR
chr22,36236475,36236476,potential G-quadruplex & G>=40%,91,-,chr22:36236475-36236535:-,False,"            5'- TTAGGCATTCAGGGGTGGGGCTTCCTTCAGCCATCTGCCTGAGATATGGGAGGGAGCTGGAGAAAGAAGG -3'
       rG4seq-K -----------------------------------------------------------*----------",RBFOX2|ENSG00000100320.22_4,ENST00000359369.8_1;ENST00000405409.6_2;ENST00000408983.2_1;ENST00000438146.6_2,5UTR
chr22,36622880,36622882,bulges,24,-,chr22:36622881-36622916:-,False,"            5'- GGGAGGAGAGAGGACTGGAGAGTGTGGGGAATGGGAAGAAGTAGT -3'
       rG4seq-K ----------------------------------**---------",APOL2|ENSG00000128335.13_3,ENST00000249066.10_1;ENST00000358502.9_1,3UTR
chr22,36696948,36696949,bulges,141,-,chr22:36696947-36696974:-,False,"            5'- GAGGCCAGGGTGGAGGAGGAGGAGGAGCGCTGCCAGC -3'
       rG4seq-K -------------------------*-----------",MYH9|ENSG00000100345.21_3,ENST00000216181.10_2;ENST00000495928.1_1,CDS
chr22,37172045,37172047,longloop,33,-,chr22:37172045-37172071:-,False,"            5'- GGGCTGTGCTGAGGGGCTGGGCGGGGAGCACAGGCC -3'
       rG4seq-K ------------------------**----------",IFT27|ENSG00000100360.14_3,ENST00000340630.9_1;ENST00000417951.6_1;ENST00000430701.5_3;ENST00000433985.6_1;ENST00000471809.5_1;ENST00000476548.1_1,5UTR
chr22,38615611,38615612,bulges,66,-,chr22:38615611-38615640:-,False,"            5'- GGGAATCAGCGGTCCGTGGGGTCGTGGGGACGGGAACAT -3'
       rG4seq-K ----------------------------*----------",TMEM184B|ENSG00000198792.12_3,ENST00000361684.8_1;ENST00000361906.7_1;ENST00000436674.5_1;ENST00000633056.1_1,3UTR
chr22,38616475,38616478,longloop,51,-,chr22:38616475-38616511:-,False,"            5'- GGGTGGCCACACAGTGGGGAGCTGGGAGGTGGGGGGAATGGTCCCA -3'
       rG4seq-K ---------------------------------***----------",AL021977.1|ENSG00000256873.1;TMEM184B|ENSG00000198792.12_3,ENST00000361684.8_1;ENST00000361906.7_1;ENST00000436674.5_1;ENST00000541788.1;ENST00000633056.1_1,3UTR;non_coding
chr22,38687384,38687386,bulges,224,-,chr22:38687383-38687403:-,False,"            5'- GGGTGGGGAGGTGGTGGGGGCCGGCGTCCC -3'
       rG4seq-K -----------------**-----------",CSNK1E|ENSG00000213923.11_4,ENST00000359867.7_2;ENST00000396832.5_2,3UTR
chr22,38688433,38688434,longloop,26,-,chr22:38688433-38688460:-,False,"            5'- GGGCAGATATTTGGGGGTGGGGTGGGGAGATGCTCAC -3'
       rG4seq-K --------------------------*----------",CSNK1E|ENSG00000213923.11_4;TPTEP2-CSNK1E|ENSG00000283900.1_4,ENST00000359867.7_2;ENST00000366216.6_3;ENST00000396832.5_2;ENST00000400206.7_2;ENST00000431632.5_2,3UTR;non_coding
chr22,38881527,38881529,canonical/G3L1-7,404,-,chr22:38881528-38881550:-,False,"            5'- GGGGAGGGAGGGAGGGGGAGGGCTGAATTGTT -3'
       rG4seq-K ---------------------**---------",DDX17|ENSG00000100201.20_2,ENST00000396821.7_1,3UTR
chr22,38881531,38881535,canonical/G3L1-7,168,-,chr22:38881533-38881550:-,False,"            5'- GGGGAGGGAGGGAGGGGGAGGGCTGAA -3'
       rG4seq-K ---------------**-*--------",DDX17|ENSG00000100201.20_2,ENST00000396821.7_1,3UTR
chr22,38882440,38882441,bulges,250,-,"chr22:38883877-38883914:-,chr22:38882441-38882445:-",True,"            5'- GTGGACCACAGAGGAGGCGGCGGAGGCGGGGGTAAGGGTGGTCGTTCTCGT -3'
       rG4seq-K -----------------------------------------*---------",DDX17|ENSG00000100201.20_2,ENST00000216019.11_1;ENST00000396821.7_1;ENST00000403230.1_2;ENST00000431312.2_1;ENST00000640332.1_1;ENST00000640668.1_1,CDS
chr22,39083070,39083072,potential G-triplex & G>=40%,100,-,chr22:39083070-39083130:-,False,"            5'- CTGGTCTCAAACTCCCGACCTCAAGTGATCTGCCCGCCTTGGCCTCCCAAAGTGCTGGGATTACAGGCGT -3'
       rG4seq-K ----------------------------------------------------------**----------",JOSD1|ENSG00000100221.10_3,ENST00000216039.9_1,3UTR
chr22,39096283,39096286,canonical/G3L1-7,162,-,chr22:39096284-39096308:-,False,"            5'- GGGGGGTGGGAGGGAAGGGTGGGGAAACGGAAAC -3'
       rG4seq-K ----------------------***---------",JOSD1|ENSG00000100221.10_3,ENST00000216039.9_1;ENST00000412832.1_2;ENST00000417712.1_2;ENST00000427389.5_1;ENST00000456626.1_2;ENST00000462610.1_1;ENST00000490169.1_1;ENST00000493939.1_1,5UTR
chr22,39131152,39131155,bulges,319,-,chr22:39131153-39131171:-,False,"            5'- GGGAAGGGGGAGGAGGGGACTTTTAGAG -3'
       rG4seq-K ----------------***---------",SUN2|ENSG00000100242.15_4,ENST00000405018.5_3;ENST00000405510.5_3,3UTR
chr22,39131160,39131163,two-quartet,77,-,chr22:39131161-39131176:-,False,"            5'- GGATAGGGAAGGGGGAGGAGGGGAC -3'
       rG4seq-K -------------*-*---------",SUN2|ENSG00000100242.15_4,ENST00000405018.5_3;ENST00000405510.5_3,3UTR
chr22,39131199,39131201,bulges,43,-,chr22:39131199-39131223:-,False,"            5'- GGGGCAGTTGGTGGGGGCTGGGGGAAGAGGCTGG -3'
       rG4seq-K ----------------------**----------",SUN2|ENSG00000100242.15_4,ENST00000405018.5_3;ENST00000405510.5_3,3UTR
chr22,39257589,39257591,bulges,40,-,chr22:39257590-39257619:-,False,"            5'- GGATTCGGCGGTTCCGGGGGAGGGGTGGGTCTGTGCCGA -3'
       rG4seq-K ----------------------------**---------",CBX6|ENSG00000183741.11_2,ENST00000407418.7_1,3UTR
chr22,39258022,39258023,two-quartet,92,-,chr22:39258022-39258039:-,False,"            5'- GGGTGGAGTGGAGAGGGAGACTTCTTT -3'
       rG4seq-K ----------------*----------",CBX6|ENSG00000183741.11_2,ENST00000407418.7_1,3UTR
chr22,39259703,39259704,canonical/G3L1-7,38,-,chr22:39259703-39259731:-,False,"            5'- GGGCCCCTGGGGGTGGCTGGGGAGAGGGAATGCATTTC -3'
       rG4seq-K ---------------------------*----------",CBX6|ENSG00000183741.11_2,ENST00000407418.7_1,3UTR
chr22,39259916,39259917,potential G-quadruplex & G>=40%,34,-,chr22:39259916-39259976:-,False,"            5'- GGTCCCGGCAAGCTGAGGTTTGGGAGGGTGGGGGTTGTCACTGGTGATTTTCTCCAGGGGGCTGGTGAGT -3'
       rG4seq-K -----------------------------------------------------------*----------",CBX6|ENSG00000183741.11_2,ENST00000407418.7_1,3UTR
chr22,39259943,39259945,bulges,21,-,chr22:39259942-39259970:-,False,"            5'- GGCAAGCTGAGGTTTGGGAGGGTGGGGGTTGTCACTGG -3'
       rG4seq-K -------------------------**-----------",CBX6|ENSG00000183741.11_2,ENST00000407418.7_1,3UTR
chr22,39260180,39260184,longloop,35,-,chr22:39260181-39260208:-,False,"            5'- GGGATTCCTATGGGGGGGTGGCGGGGGAGAAAGAGCT -3'
       rG4seq-K ------------------------****---------",CBX6|ENSG00000183741.11_2,ENST00000407418.7_1,3UTR
chr22,39715627,39715628,potential G-quadruplex & G>=40%,1713,-,chr22:39715627-39715687:-,False,"            5'- CGCCGGAAGGGGCGGGGCCAGATTTGGCTTTATATAGCGGACCCGTAAGGCCGACCGGCCTCTACCGGCG -3'
       rG4seq-K -----------------------------------------------------------*----------",RPL3|ENSG00000100316.15_4,ENST00000216146.8_1;ENST00000402527.5_1;ENST00000420536.1_1;ENST00000459859.1_1;ENST00000461967.1_1;ENST00000465618.5_1;ENST00000484615.5_1,5UTR
chr22,40807356,40807357,canonical/G3L1-7,21,-,chr22:40807357-40807377:-,False,"            5'- GGGGTGGGGAAGGGGCTGGGAGCCAGGGTA -3'
       rG4seq-K --------------------*---------",MRTFA|ENSG00000196588.15_5,ENST00000355630.7_1;ENST00000396617.7_1;ENST00000402042.5_1;ENST00000407029.5_1;ENST00000614754.4_1;ENST00000618417.1_1;ENST00000620651.4_1,3UTR
chr22,41215352,41215355,canonical/G3L1-7,81,-,chr22:41215353-41215375:-,False,"            5'- GGGCGGGTTTGAGAGGGCGGGGATTGCGACTC -3'
       rG4seq-K --------------------***---------",SLC25A17|ENSG00000100372.14_4,ENST00000412879.5_1;ENST00000427084.5_1;ENST00000434185.1_2;ENST00000435456.6_1;ENST00000443810.5_1;ENST00000447566.5_2;ENST00000458600.5_1;ENST00000544408.5_1,5UTR
chr22,41641809,41641811,bulges,123,-,chr22:41641810-41641828:-,False,"            5'- GGGGAGGGAGAGGCAGGGTCCCCAATGT -3'
       rG4seq-K -----------------**---------",RANGAP1|ENSG00000100401.19_3,ENST00000356244.7_2;ENST00000405486.5_2;ENST00000455915.6_1,3UTR
chr22,41642016,41642019,longloop,130,-,chr22:41642017-41642047:-,False,"            5'- GGGTGGGACTGTGGGGGTCGGATCGTGGGGTTGTTGGCAG -3'
       rG4seq-K ----------------------------*-*---------",RANGAP1|ENSG00000100401.19_3,ENST00000356244.7_2;ENST00000405486.5_2;ENST00000455915.6_1,3UTR
chr22,41650387,41650388,bulges,236,-,chr22:41650388-41650422:-,False,"            5'- GAGGAAGAGGAGGAAGAAGAGGAGGAGGAGGAGGAAGAAGAGCC -3'
       rG4seq-K ----------------------------------*---------",RANGAP1|ENSG00000100401.19_3,ENST00000356244.7_2;ENST00000405486.5_2;ENST00000455915.6_1,CDS
chr22,41650390,41650391,bulges,142,-,chr22:41650388-41650422:-,False,"            5'- GAGGAAGAGGAGGAAGAAGAGGAGGAGGAGGAGGAAGAAGAGCC -3'
       rG4seq-K -------------------------------*------------",RANGAP1|ENSG00000100401.19_3,ENST00000356244.7_2;ENST00000405486.5_2;ENST00000455915.6_1,CDS
chr22,41650456,41650457,bulges,175,-,chr22:41650457-41650491:-,False,"            5'- GAGGACGAGGAGGAGGAGGAGGAAGGAGAAGAGGAAGAAGAGGA -3'
       rG4seq-K ----------------------------------*---------",RANGAP1|ENSG00000100401.19_3,ENST00000356244.7_2;ENST00000405486.5_2;ENST00000455915.6_1,CDS
chr22,41650468,41650469,bulges,150,-,chr22:41650469-41650491:-,False,"            5'- GAGGACGAGGAGGAGGAGGAGGAAGGAGAAGA -3'
       rG4seq-K ----------------------*---------",RANGAP1|ENSG00000100401.19_3,ENST00000356244.7_2;ENST00000405486.5_2;ENST00000455915.6_1,CDS
chr22,41831066,41831068,longloop,43,-,chr22:41831067-41831093:-,False,"            5'- GGGGGTGGGCAGAGAGGCAGGGTGGGATTTTAGAGT -3'
       rG4seq-K -------------------------**---------",TOB2|ENSG00000183864.4_3,ENST00000327492.3_1,3UTR
chr22,41831367,41831369,bulges,39,-,chr22:41831367-41831390:-,False,"            5'- GAGGCTGGGGAATGGGCTGGGGGTATTGGCAGT -3'
       rG4seq-K ---------------------**----------",TOB2|ENSG00000183864.4_3,ENST00000327492.3_1,3UTR
chr22,41855898,41855899,canonical/G3L1-7,276,-,chr22:41855899-41855922:-,False,"            5'- GGGGGGGGGGTGGGGGGGCAGGGCTCTGCCCTC -3'
       rG4seq-K -----------------------*---------",PHF5A|ENSG00000100410.7_2,ENST00000216252.3_1,3UTR
chr22,41855903,41855908,canonical/G3L1-7,130,-,chr22:41855904-41855922:-,False,"            5'- GGGGGGGGGGTGGGGGGGCAGGGCTCTG -3'
       rG4seq-K --------------*-***---------",PHF5A|ENSG00000100410.7_2,ENST00000216252.3_1,3UTR
chr22,41924444,41924446,bulges,16,-,chr22:41924445-41924467:-,False,"            5'- GGGTGTGGGTGGAAGTGGTGGGTACTGTGTGC -3'
       rG4seq-K ---------------------**---------",POLR3H|ENSG00000100413.16_2,ENST00000355209.8_1;ENST00000396504.6_1,3UTR
chr22,42084877,42084878,G>=40%,63,-,chr22:42084877-42084937:-,False,"            5'- CGCGTAGCGTCACCTTCGCTTCCTGCCGCGCGGGGCCATTTCCGCTGCTGCTTCTGTGAGTTTTTCCGGT -3'
       rG4seq-K -----------------------------------------------------------*----------",SNU13|ENSG00000100138.14_3,ENST00000355257.7_1;ENST00000402458.1_2;ENST00000648350.1_1;ENST00000648674.1_1;ENST00000649722.1_1,5UTR;CDS
chr22,42466462,42466465,canonical/G3L1-7,36,-,chr22:42466463-42466487:-,False,"            5'- GGGGATGGGGCGGGCAACTTGGGGACCGAGTGTA -3'
       rG4seq-K ----------------------***---------",NAGA|ENSG00000198951.11_2,ENST00000396398.7_1;ENST00000402937.1_1;ENST00000403363.5_1,5UTR
chr22,42556756,42556757,bulges,13,-,chr22:42556755-42556777:-,False,"            5'- GGGAAGGTTTTGGGGGAGGGGGAAATACAGGG -3'
       rG4seq-K --------------------*-----------",TCF20|ENSG00000100207.18_5,ENST00000359486.7_3,3UTR
chr22,42557091,42557095,canonical/G3L1-7,12,-,chr22:42557092-42557117:-,False,"            5'- GGGATGATGGGGAAAGGGTGGGGGGAATTAAAAGG -3'
       rG4seq-K ----------------------*-**---------",TCF20|ENSG00000100207.18_5,ENST00000335626.8_3;ENST00000359486.7_3;ENST00000404876.1_2,3UTR
chr22,43266027,43266030,canonical/G3L1-7,62,-,chr22:43266028-43266058:-,False,"            5'- GGGCCGGCGGGGGTGGGGGGAACGTGGGGGAACCTGTGTT -3'
       rG4seq-K ----------------------------***---------",PACSIN2|ENSG00000100266.18_3,ENST00000263246.7_1;ENST00000337959.8_1;ENST00000407585.5_1;ENST00000507586.1_3,3UTR
chr22,43267321,43267323,two-quartet,37,-,chr22:43267322-43267349:-,False,"            5'- GGCCAGCGGGGGGACGGAGGCGGCGGGCCCAGGAGCC -3'
       rG4seq-K --------------------------**---------",PACSIN2|ENSG00000100266.18_3,ENST00000263246.7_1;ENST00000337959.8_1;ENST00000402229.5_1;ENST00000403744.7_1;ENST00000407585.5_1;ENST00000507586.1_3,3UTR
chr22,43579093,43579094,bulges,94,-,chr22:43579094-43579119:-,False,"            5'- GTGGAGGAGGTAGAAGAGGAGGAGGACGAGGCAGC -3'
       rG4seq-K -------------------------*---------",TTLL12|ENSG00000100304.12_3,ENST00000216129.6_1,CDS
chr22,43599608,43599609,two-quartet,50,-,chr22:43599608-43599632:-,False,"            5'- GGAGTCCAGGGGAGAGAGGAGGGGACAAAGGCGC -3'
       rG4seq-K -----------------------*----------",SCUBE1|ENSG00000159307.18_2,ENST00000360835.8_1,3UTR
chr22,44645351,44645352,canonical/G3L1-7,12,-,chr22:44645351-44645375:-,False,"            5'- GGGGCTGGGGGTGCAGGGGAGGGGATTCTGAGCC -3'
       rG4seq-K -----------------------*----------",SHISAL1|ENSG00000138944.7_3,ENST00000381176.4_1,3UTR
chr22,44889565,44889566,bulges,75,-,chr22:44889566-44889591:-,False,"            5'- GGGCAGAGCTCTGGGTGGAAGAGGGAAGAGATCCT -3'
       rG4seq-K -------------------------*---------",RTL6|ENSG00000188636.3_5,ENST00000341255.3_1,3UTR
chr22,50166976,50166978,bulges,23,-,chr22:50166977-50167010:-,False,"            5'- GGTAAAGCATTATGTTGGGGAAAGTAGGGTGGGTTTCCAAATT -3'
       rG4seq-K --------------------------------**---------",BRD1|ENSG00000100425.18_3,ENST00000216267.12_2;ENST00000404034.5_2;ENST00000404760.5_2;ENST00000438393.5_1;ENST00000457780.3_2,3UTR
chr3,4856212,4856213,two-quartet,112,+,chr3:4856192-4856212:+,False,"            5'- GGGCTGCGGAGCGGGGGTGGAGTAGGAGAT -3'
       rG4seq-K --------------------*---------",ITPR1|ENSG00000150995.19_5,ENST00000302640.12_3;ENST00000354582.11_4;ENST00000357086.10_2;ENST00000443694.4_3;ENST00000456211.8_4;ENST00000463980.6_2;ENST00000467545.6_2;ENST00000472205.1_1;ENST00000478515.2_2;ENST00000493491.6_2;ENST00000544951.6_2;ENST00000647708.1_1;ENST00000647717.1_1;ENST00000647997.1_1;ENST00000648016.1_1;ENST00000648038.1_1;ENST00000648208.1_1;ENST00000648212.1_1;ENST00000648266.1_1;ENST00000648309.1_1;ENST00000648390.1_1;ENST00000648431.1_1;ENST00000648770.1_1;ENST00000649015.1_1;ENST00000649144.1_1;ENST00000649314.1_1;ENST00000649430.1_1;ENST00000649694.1_1;ENST00000649767.1_1;ENST00000650074.1_1;ENST00000650139.1_1;ENST00000650294.1_1;ENST00000650552.1_1,3UTR;CDS
chr3,5255148,5255150,bulges,30,+,chr3:5255128-5255149:+,False,"            5'- GGGAGGGCAGGACCAAGGGGGAAAGTCTGTG -3'
       rG4seq-K --------------------**---------",EDEM1|ENSG00000134109.10_2,ENST00000256497.8_1,CDS
chr3,9519698,9519703,canonical/G3L1-7,36,+,chr3:9519674-9519702:+,False,"            5'- GGGGGGGTAGGGGCGGGGGGGTGGGGGGAACTCTTGGA -3'
       rG4seq-K ------------------------*****---------",SETD5|ENSG00000168137.15_4,ENST00000399686.6_1;ENST00000402198.5_2;ENST00000406341.5_2;ENST00000407969.5_2,3UTR
chr3,9791736,9791737,longloop,22,+,chr3:9791699-9791736:+,False,"            5'- GGGGGCGGGAGAAGATAAGTCGCAAGGAGGGGGCGGGACCTACACCT -3'
       rG4seq-K -------------------------------------*---------",OGG1|ENSG00000114026.21_5,ENST00000302003.11_4;ENST00000302036.11_4;ENST00000339511.9_2;ENST00000344629.11_1;ENST00000349503.9_1;ENST00000436092.1_1,5UTR
chr3,9848013,9848015,canonical/G3L1-7,136,+,chr3:9847994-9848014:+,False,"            5'- GGGAGTTGGGTTGGGGTGGGCATTTGATGC -3'
       rG4seq-K -------------------**---------",ARPC4-TTLL3|ENSG00000250151.9_3;ARPC4|ENSG00000241553.12_3,ENST00000397256.5_3;ENST00000397261.7_1;ENST00000417500.5_1;ENST00000418163.5_3;ENST00000424442.5_3;ENST00000433034.1_1;ENST00000440787.5_1;ENST00000453882.1_3;ENST00000498623.6_1,3UTR;non_coding
chr3,9848354,9848355,two-quartet,246,+,chr3:9848339-9848357:+,False,"            5'- GGTGGGGAGGGAGGGAGGTTTCAGACTC -3'
       rG4seq-K ---------------*------------",ARPC4-TTLL3|ENSG00000250151.9_3;ARPC4|ENSG00000241553.12_3,ENST00000397256.5_3;ENST00000397261.7_1;ENST00000418163.5_3;ENST00000424442.5_3;ENST00000453882.1_3,3UTR;non_coding
chr3,9848357,9848358,two-quartet,353,+,chr3:9848339-9848357:+,False,"            5'- GGTGGGGAGGGAGGGAGGTTTCAGACTC -3'
       rG4seq-K ------------------*---------",ARPC4-TTLL3|ENSG00000250151.9_3;ARPC4|ENSG00000241553.12_3,ENST00000397256.5_3;ENST00000397261.7_1;ENST00000418163.5_3;ENST00000424442.5_3;ENST00000453882.1_3,3UTR;non_coding
chr3,9975263,9975265,longloop,11,+,chr3:9975237-9975266:+,False,"            5'- GGGACCAGGCGCGGGACCTGGGGCGGGGGACGGGACTTA -3'
       rG4seq-K --------------------------**-----------",IL17RC|ENSG00000163702.19_4,ENST00000295981.7_1;ENST00000383812.9_2;ENST00000403601.7_1;ENST00000413608.2_1;ENST00000416074.6_1;ENST00000451231.5_1;ENST00000451271.5_1;ENST00000455057.5_1;ENST00000466046.5_1;ENST00000483582.5_1;ENST00000494365.5_1;ENST00000497387.5_1;ENST00000498214.6_2;ENST00000648140.1_1,3UTR;CDS
chr3,10168158,10168160,two-quartet,960,+,chr3:10168137-10168159:+,False,"            5'- GGGGTGTGGTGTGGTATGTGGGAAGAAGTTCA -3'
       rG4seq-K ---------------------**---------",BRK1|ENSG00000254999.3_2,ENST00000530758.1_1,3UTR
chr3,10192244,10192248,bulges,66,+,chr3:10192227-10192247:+,False,"            5'- GTTGGGGGGTGGGAGAGGGGACCTTAAAAT -3'
       rG4seq-K -----------------**-*---------",VHL|ENSG00000134086.7_2,ENST00000256474.2_1;ENST00000345392.2_1,3UTR
chr3,10321079,10321081,longloop,20,+,chr3:10321050-10321081:+,False,"            5'- GGGTGGGGTGGGGTGGGCATGGAATGAGGGGTATGGGGACT -3'
       rG4seq-K -----------------------------**----------",AC022384.1|ENSG00000272410.5_6;TATDN2|ENSG00000157014.10_3,ENST00000287652.8_1;ENST00000437082.5_4;ENST00000448281.6_1;ENST00000450534.1_4;ENST00000496355.1_1,3UTR
chr3,10321087,10321089,longloop,35,+,chr3:10321050-10321088:+,False,"            5'- GGGTGGGGTGGGGTGGGCATGGAATGAGGGGTATGGGGACTGCCTGTA -3'
       rG4seq-K -------------------------------------**---------",AC022384.1|ENSG00000272410.5_6;TATDN2|ENSG00000157014.10_3,ENST00000287652.8_1;ENST00000437082.5_4;ENST00000448281.6_1;ENST00000450534.1_4;ENST00000496355.1_1,3UTR
chr3,14527618,14527620,bulges,116,+,chr3:14527597-14527622:+,False,"            5'- GAGGGACTAGGGGAGTGGTGGGGAGGTGAGTGGAC -3'
       rG4seq-K ---------------------**------------",SLC6A6|ENSG00000131389.17_3,ENST00000613060.4_1;ENST00000618278.4_1;ENST00000622186.4_1;ENST00000649500.1_1,3UTR
chr3,14527623,14527624,bulges,144,+,chr3:14527599-14527625:+,False,"            5'- GGGACTAGGGGAGTGGTGGGGAGGTGAGTGGACCAA -3'
       rG4seq-K ------------------------*-----------",SLC6A6|ENSG00000131389.17_3,ENST00000613060.4_1;ENST00000618278.4_1;ENST00000622186.4_1;ENST00000649500.1_1,3UTR
chr3,14527630,14527631,bulges,162,+,chr3:14527599-14527630:+,False,"            5'- GGGACTAGGGGAGTGGTGGGGAGGTGAGTGGACCAAAGGAT -3'
       rG4seq-K -------------------------------*---------",SLC6A6|ENSG00000131389.17_3,ENST00000613060.4_1;ENST00000618278.4_1;ENST00000622186.4_1;ENST00000649500.1_1,3UTR
chr3,14528598,14528600,bulges,251,+,chr3:14528572-14528599:+,False,"            5'- GGGCAGGTGGCACGTGGGGAAGAGGGGACTTGGCACG -3'
       rG4seq-K --------------------------**---------",SLC6A6|ENSG00000131389.17_3,ENST00000613060.4_1;ENST00000618278.4_1;ENST00000622186.4_1;ENST00000649500.1_1,3UTR
chr3,15687700,15687701,canonical/G3L1-7,8,+,chr3:15687681-15687701:+,False,"            5'- GGGGTGAAGGGCGGGTGGGGACTGGAAATG -3'
       rG4seq-K -------------------*----------",BTD|ENSG00000169814.13_3,ENST00000643237.1_1,3UTR
chr3,19988731,19988732,bulges,18,+,chr3:19988707-19988734:+,False,"            5'- GGAGGAGGCAGAGGGAGGAGGAGGAGGAAGAATTAGT -3'
       rG4seq-K ------------------------*------------",RAB5A|ENSG00000144566.10_3,ENST00000273047.8_1,5UTR
chr3,19988734,19988735,bulges,38,+,chr3:19988707-19988734:+,False,"            5'- GGAGGAGGCAGAGGGAGGAGGAGGAGGAAGAATTAGT -3'
       rG4seq-K ---------------------------*---------",RAB5A|ENSG00000144566.10_3,ENST00000273047.8_1,5UTR
chr3,20026111,20026115,bulges,150,+,chr3:20026084-20026112:+,False,"            5'- GGTTTTGTTGTTTGGGGTGGGGAGGGGGCTTTTGTTCC -3'
       rG4seq-K ---------------------------**-*-------",RAB5A|ENSG00000144566.10_3,ENST00000273047.8_1,3UTR
chr3,23848751,23848754,longloop,91,+,chr3:23848726-23848754:+,False,"            5'- GGGGCTGTTTGCGGGGTGGGGTGGGGGGTTCGCTATGT -3'
       rG4seq-K -------------------------***----------",UBE2E1|ENSG00000170142.11_3,ENST00000306627.7_1;ENST00000346855.7_1;ENST00000442670.5_1;ENST00000481622.1_1;ENST00000484048.1_1;ENST00000495141.5_1,5UTR
chr3,23932175,23932180,canonical/G3L1-7,404,+,chr3:23932161-23932179:+,False,"            5'- GGGGTCAGGGAGGGTGGGAGTTGGTAAA -3'
       rG4seq-K --------------**-**---------",UBE2E1|ENSG00000170142.11_3,ENST00000306627.7_1;ENST00000346855.7_1;ENST00000424381.5_1;ENST00000452012.1_2;ENST00000475680.5_1;ENST00000493707.1_1,3UTR
chr3,24021848,24021850,two-quartet,68,+,chr3:24021834-24021850:+,False,"            5'- GGGGTTGGGGGAGGGGATCTGTTAGG -3'
       rG4seq-K --------------**----------",NR1D2|ENSG00000174738.12_2,ENST00000312521.8_1,3UTR
chr3,24021860,24021861,bulges,138,+,chr3:24021834-24021860:+,False,"            5'- GGGGTTGGGGGAGGGGATCTGTTAGGAAACTGTTAC -3'
       rG4seq-K --------------------------*---------",NR1D2|ENSG00000174738.12_2,ENST00000312521.8_1,3UTR
chr3,32208496,32208500,canonical/G3L1-7,14,+,chr3:32208480-32208499:+,False,"            5'- GGGGGGGTGGGGGAAGGGGCGGTCTCAGA -3'
       rG4seq-K ----------------****---------",GPD1L|ENSG00000152642.10_3,ENST00000282541.9_1;ENST00000474846.5_1,3UTR
chr3,33185419,33185420,bulges,81,+,chr3:33185392-33185421:+,False,"            5'- GGAGAGGCGGCTGGGGAGGACAGGTGGTGGAGGGCCTTG -3'
       rG4seq-K ---------------------------*-----------",CRTAP|ENSG00000170275.14_3,ENST00000320954.10_3,3UTR
chr3,33185422,33185423,bulges,118,+,chr3:33185395-33185425:+,False,"            5'- GAGGCGGCTGGGGAGGACAGGTGGTGGAGGGCCTTGGCTT -3'
       rG4seq-K ---------------------------*------------",CRTAP|ENSG00000170275.14_3,ENST00000320954.10_3,3UTR
chr3,33185425,33185427,bulges,156,+,chr3:33185395-33185425:+,False,"            5'- GAGGCGGCTGGGGAGGACAGGTGGTGGAGGGCCTTGGCTT -3'
       rG4seq-K ------------------------------**--------",CRTAP|ENSG00000170275.14_3,ENST00000320954.10_3,3UTR
chr3,38022920,38022921,bulges,19,+,chr3:38022896-38022923:+,False,"            5'- GTGGCGGGGGGTGCTGAGGGAGGGGAGTGAGTCACAG -3'
       rG4seq-K ------------------------*------------",CTDSPL|ENSG00000144677.14_3,ENST00000273179.9_2;ENST00000436654.1_1;ENST00000443503.6_3;ENST00000447745.5_1,3UTR
chr3,38531226,38531227,longloop,11,+,chr3:38531202-38531227:+,False,"            5'- GGGGTGCCTATTGGGGTGGGATGGGACTCGAATAA -3'
       rG4seq-K ------------------------*----------",ACVR2B|ENSG00000114739.13_2,ENST00000352511.4_1,3UTR
chr3,39448515,39448517,bulges,30,+,chr3:39448493-39448516:+,False,"            5'- GGACCAGGCCGCGGGTGGGCGGGAGTGCAGAAA -3'
       rG4seq-K ----------------------**---------",RPSA|ENSG00000168028.13_3,ENST00000301821.10_2;ENST00000443003.2_2;ENST00000444512.2_1;ENST00000458478.5_1;ENST00000475346.1_1;ENST00000477325.1_1;ENST00000487876.1_1,5UTR
chr3,39449622,39449624,two-quartet,28,+,chr3:39449601-39449623:+,False,"            5'- GGAAAGTGGGGTAAGAGGTGGGAATGAACAAT -3'
       rG4seq-K ---------------------**---------",RPSA|ENSG00000168028.13_3,ENST00000301821.10_2;ENST00000443003.2_2;ENST00000444512.2_1;ENST00000458478.5_1;ENST00000475346.1_1;ENST00000477325.1_1,non_coding
chr3,40498819,40498820,potential G-quadruplex & G>=40%,135,+,chr3:40498760-40498820:+,False,"            5'- GTCGGTGACTCGTTACCGCAGGGGCGGTGCGTTCTTCTACACATGCGCAGGGTTGGGCGGGTCTTCTTCC -3'
       rG4seq-K -----------------------------------------------------------*----------",RPL14|ENSG00000188846.13_3,ENST00000338970.10_2;ENST00000465325.1_1,5UTR
chr3,40506696,40506697,bulges,17,+,chr3:40506668-40506696:+,False,"            5'- GAGGTTGGAAAGGAGTCATGAGGGGTGGGAAACTAGCA -3'
       rG4seq-K ----------------------------*---------",RPL14|ENSG00000188846.13_3,ENST00000338970.10_2,3UTR
chr3,41277219,41277220,two-quartet,306,+,chr3:41277209-41277221:+,False,"            5'- GGCAGGAGGGGGTCCGCATGGA -3'
       rG4seq-K ----------*-----------",CTNNB1|ENSG00000168036.17_5,ENST00000349496.10_2;ENST00000396183.7_2;ENST00000396185.8_2;ENST00000405570.6_2;ENST00000431914.6_2;ENST00000433400.6_2;ENST00000441708.2_2;ENST00000450969.6_3;ENST00000453024.6_2;ENST00000465552.2_2;ENST00000482042.1_1;ENST00000485265.2_2;ENST00000642248.1_1;ENST00000642315.1_1;ENST00000642426.1_1;ENST00000642836.1_2;ENST00000642886.1_1;ENST00000642986.1_1;ENST00000642992.1_1;ENST00000643031.1_1;ENST00000643052.1_1;ENST00000643297.1_1;ENST00000643541.1_1;ENST00000643865.1_1;ENST00000643977.1_1;ENST00000643992.1_1;ENST00000644138.1_1;ENST00000644395.1_1;ENST00000644524.1_1;ENST00000644678.1_2;ENST00000644867.1_1;ENST00000644873.1_1;ENST00000644906.1_1;ENST00000645210.1_1;ENST00000645276.1_1;ENST00000645305.1_1;ENST00000645320.1_1;ENST00000645493.1_1;ENST00000645763.1_1;ENST00000645900.1_1;ENST00000645927.1_1;ENST00000645982.1_1;ENST00000646074.1_1;ENST00000646116.1_1;ENST00000646174.1_1;ENST00000646369.1_1;ENST00000646381.1_1;ENST00000646725.1_1;ENST00000647021.1_1;ENST00000647264.1_1;ENST00000647390.1_2;ENST00000647413.1_1,CDS
chr3,41280933,41280935,two-quartet,103,+,chr3:41280914-41280934:+,False,"            5'- GGTTGGTAGGGTGGGAGTGGTTTAGGCTAT -3'
       rG4seq-K -------------------**---------",CTNNB1|ENSG00000168036.17_5,ENST00000349496.10_2;ENST00000396183.7_2;ENST00000396185.8_2;ENST00000405570.6_2;ENST00000431914.6_2;ENST00000433400.6_2;ENST00000441708.2_2;ENST00000450969.6_3;ENST00000453024.6_2;ENST00000471014.2_3;ENST00000642248.1_1;ENST00000642315.1_1;ENST00000642426.1_1;ENST00000642836.1_2;ENST00000642886.1_1;ENST00000642986.1_1;ENST00000642992.1_1;ENST00000643031.1_1;ENST00000643052.1_1;ENST00000643297.1_1;ENST00000643541.1_1;ENST00000643977.1_1;ENST00000643992.1_1;ENST00000644501.1_1;ENST00000644524.1_1;ENST00000644678.1_2;ENST00000644867.1_1;ENST00000644873.1_1;ENST00000645210.1_1;ENST00000645276.1_1;ENST00000645305.1_1;ENST00000645320.1_1;ENST00000645493.1_1;ENST00000645900.1_1;ENST00000645982.1_1;ENST00000646074.1_1;ENST00000646116.1_1;ENST00000646174.1_1;ENST00000646369.1_1;ENST00000646381.1_1;ENST00000646725.1_1;ENST00000647021.1_1;ENST00000647264.1_1;ENST00000647390.1_2,3UTR
chr3,45730926,45730929,bulges,20,+,chr3:45730912-45730930:+,False,"            5'- GGGGCGGGGCGGGCGGAGAGAGAAGGAA -3'
       rG4seq-K --------------*-*-----------",SACM1L|ENSG00000211456.10_2,ENST00000389061.9_1;ENST00000418611.5_2;ENST00000438671.3_1;ENST00000441228.5_1;ENST00000455997.5_1;ENST00000463237.5_1;ENST00000463347.5_1;ENST00000464524.5_1,5UTR
chr3,48310535,48310536,potential G-quadruplex & G>=40%,14,+,chr3:48310476-48310536:+,False,"            5'- ATCACATCGGAGAACACACTCAGGGGAGAAGCCTTATGTGTGTGGGGAATGTGGGCGGGGATTTAGCCGG -3'
       rG4seq-K -----------------------------------------------------------*----------",ZNF589|ENSG00000164048.13_2,ENST00000354698.7_1;ENST00000412564.5_1;ENST00000427617.6_1;ENST00000440261.6_1;ENST00000448461.5_1;ENST00000457782.5_1,3UTR
chr3,48310955,48310956,potential G-quadruplex & G>=40%,16,+,chr3:48310896-48310956:+,False,"            5'- CGCACACGAGCAGACACATTCAGGGGAGAAGCCTTATGTGTGTGGGGAATGTGGGCGGGGATTTGGCCGG -3'
       rG4seq-K -----------------------------------------------------------*----------",ZNF589|ENSG00000164048.13_2,ENST00000354698.7_1;ENST00000412564.5_1;ENST00000427617.6_1;ENST00000440261.6_1;ENST00000448461.5_1;ENST00000457782.5_1,3UTR
chr3,48964944,48964946,two-quartet,150,+,chr3:48964925-48964946:+,False,"            5'- GGTAGTTTTGGGGGGAGGGGGAAAAAGCAAC -3'
       rG4seq-K -------------------**----------",ARIH2|ENSG00000177479.19_2,ENST00000356401.8_1;ENST00000420814.5_1;ENST00000430423.5_1;ENST00000433170.5_1;ENST00000449376.5_1;ENST00000449729.5_1;ENST00000452385.5_1;ENST00000452882.5_1;ENST00000463204.5_1;ENST00000466850.1_1;ENST00000470296.5_1;ENST00000474618.5_1;ENST00000474936.6_1;ENST00000478224.5_1;ENST00000482427.5_1;ENST00000483333.5_1;ENST00000484999.5_1;ENST00000486316.5_1;ENST00000488963.5_1;ENST00000490095.5_1;ENST00000495761.5_1;ENST00000498314.5_1,5UTR
chr3,49020961,49020962,bulges,158,+,chr3:49020940-49020962:+,False,"            5'- GGATGGTTGTTGGGAGGGAGGGAAAGTGTTTT -3'
       rG4seq-K ---------------------*----------",ARIH2|ENSG00000177479.19_2,ENST00000356401.8_1;ENST00000449376.5_1;ENST00000452385.5_1,3UTR
chr3,49049973,49049976,canonical/G3L1-7,95,+,chr3:49049951-49049976:+,False,"            5'- GGGCGTGGGTACCGGGGATTGGGGGTCTCGGCTCT -3'
       rG4seq-K ----------------------***----------",WDR6|ENSG00000178252.17_4,ENST00000395474.7_3;ENST00000415265.6_2;ENST00000420783.7_2;ENST00000448293.5_3;ENST00000452875.5_2;ENST00000471162.5_1;ENST00000489684.2_1;ENST00000608424.5_3;ENST00000610967.4_3;ENST00000615452.1_1,3UTR;CDS
chr3,49050618,49050621,bulges,62,+,chr3:49050595-49050620:+,False,"            5'- GGGTAGTGGTAGTAGTGGGGGTGGGAATGCTTTCA -3'
       rG4seq-K -----------------------***---------",WDR6|ENSG00000178252.17_4,ENST00000395474.7_3;ENST00000415265.6_2;ENST00000420783.7_2;ENST00000448293.5_3;ENST00000452875.5_2;ENST00000471162.5_1;ENST00000489684.2_1;ENST00000608424.5_3;ENST00000610967.4_3;ENST00000615452.1_1,3UTR;CDS
chr3,49571181,49571182,potential G-triplex & G>=40%,230,+,chr3:49571122-49571182:+,False,"            5'- TTACGTTTAATCTGCTGTTTACCTAAACTTGTATGTATAATTTTTGGGTGGGTATGGGGAATTGCTTTGC -3'
       rG4seq-K -----------------------------------------------------------*----------",DAG1|ENSG00000173402.11_5,ENST00000308775.6_1;ENST00000515359.6_1;ENST00000538711.5_1;ENST00000539901.5_1;ENST00000541308.5_1;ENST00000545947.5_1,3UTR
chr3,49572297,49572298,two-quartet,48,+,chr3:49572286-49572300:+,False,"            5'- GGGTGGGTGGGTGGACCCAGGCTC -3'
       rG4seq-K -----------*------------",DAG1|ENSG00000173402.11_5,ENST00000308775.6_1;ENST00000515359.6_1;ENST00000538711.5_1;ENST00000539901.5_1;ENST00000541308.5_1;ENST00000545947.5_1,3UTR
chr3,49572300,49572301,two-quartet,258,+,chr3:49572286-49572300:+,False,"            5'- GGGTGGGTGGGTGGACCCAGGCTC -3'
       rG4seq-K --------------*---------",DAG1|ENSG00000173402.11_5,ENST00000308775.6_1;ENST00000515359.6_1;ENST00000538711.5_1;ENST00000539901.5_1;ENST00000541308.5_1;ENST00000545947.5_1,3UTR
chr3,49572406,49572409,longloop,66,+,chr3:49572384-49572408:+,False,"            5'- GGGGAGGGCTGGTAGGAGGGGGGGAGAGGTCTCT -3'
       rG4seq-K ----------------------***---------",DAG1|ENSG00000173402.11_5,ENST00000308775.6_1;ENST00000515359.6_1;ENST00000538711.5_1;ENST00000539901.5_1;ENST00000541308.5_1;ENST00000545947.5_1,3UTR
chr3,50005147,50005152,longloop,50,+,chr3:50005119-50005151:+,False,"            5'- GGGGAGGGACCTGGACATGATTTCAGGGGGGGAGATTTTTCG -3'
       rG4seq-K ----------------------------*****---------",RBM6|ENSG00000004534.14_3,ENST00000266022.8_2;ENST00000419610.5_1;ENST00000422955.5_2;ENST00000425608.5_1;ENST00000434592.5_1;ENST00000441115.5_1;ENST00000442092.5_2;ENST00000443081.5_1;ENST00000454079.5_1,5UTR;CDS
chr3,50005237,50005238,longloop,124,+,chr3:50005204-50005237:+,False,"            5'- GGGGTAGGGACATACATTCTGGGGATTTTCGGGATAGAGAAGG -3'
       rG4seq-K ---------------------------------*---------",RBM6|ENSG00000004534.14_3,ENST00000266022.8_2;ENST00000419610.5_1;ENST00000422955.5_2;ENST00000425608.5_1;ENST00000434592.5_1;ENST00000441115.5_1;ENST00000442092.5_2;ENST00000443081.5_1;ENST00000454079.5_1,5UTR;CDS
chr3,50312514,50312515,bulges,21,+,chr3:50312490-50312514:+,False,"            5'- GACCAGGATGGGGGTCGGGGTGGGATGGACTGAG -3'
       rG4seq-K ------------------------*---------",SEMA3B|ENSG00000012171.19_4,ENST00000416295.1_1;ENST00000418576.3_1;ENST00000419007.5_1;ENST00000433753.4_1;ENST00000441915.5_1;ENST00000456210.5_1;ENST00000456560.6_1;ENST00000611067.4_2;ENST00000616701.4_1;ENST00000618865.4_1;ENST00000619119.4_1,non_coding
chr3,50314387,50314388,bulges,151,+,chr3:50314361-50314388:+,False,"            5'- GGATTCAGCCGGAGGGAAGGGACGGGGAAGCCGAGCT -3'
       rG4seq-K --------------------------*----------",SEMA3B|ENSG00000012171.19_4,ENST00000419007.5_1;ENST00000433753.4_1;ENST00000441915.5_1;ENST00000456210.5_1;ENST00000456560.6_1;ENST00000616701.4_1;ENST00000618865.4_1;ENST00000619119.4_1,3UTR
chr3,50606988,50606989,bulges,17,+,chr3:50606963-50606990:+,False,"            5'- GCTTCTCCGGCTGGTGGGTGGGTGGGGCAGCCTTTCA -3'
       rG4seq-K -------------------------*-----------",HEMK1|ENSG00000114735.9_3,ENST00000232854.8_1;ENST00000434410.5_2;ENST00000448997.5_1;ENST00000455834.5_1,5UTR
chr3,50608363,50608364,bulges,29,+,"chr3:50606978-50607005:+,chr3:50608361-50608363:+",True,"            5'- GGGTGGGTGGGGCAGCCTTTCAGGCAGGGTGGCAACCAA -3'
       rG4seq-K -----------------------------*---------",HEMK1|ENSG00000114735.9_3,ENST00000232854.8_1;ENST00000424388.1_1;ENST00000434410.5_2;ENST00000448997.5_1;ENST00000455834.5_1;ENST00000482974.1_1,5UTR
chr3,51422761,51422762,bulges,28,+,chr3:51422729-51422763:+,False,"            5'- GGCGGCGGCAGCGGAGGAGGAGGAGGAGGAGGAGGAGGAGGAGG -3'
       rG4seq-K --------------------------------*-----------",MANF|ENSG00000145050.16_3,ENST00000528157.5_1,5UTR
chr3,51422773,51422774,bulges,87,+,chr3:51422732-51422773:+,False,"            5'- GGCGGCAGCGGAGGAGGAGGAGGAGGAGGAGGAGGAGGAGGATGAGGAGGA -3'
       rG4seq-K -----------------------------------------*---------",MANF|ENSG00000145050.16_3,ENST00000528157.5_1,5UTR;CDS
chr3,51422782,51422783,bulges,171,+,chr3:51422741-51422782:+,False,"            5'- GGAGGAGGAGGAGGAGGAGGAGGAGGAGGAGGATGAGGAGGATGTGGGCCA -3'
       rG4seq-K -----------------------------------------*---------",MANF|ENSG00000145050.16_3,ENST00000528157.5_1,5UTR;CDS
chr3,51698042,51698043,canonical/G3L1-7,12,+,chr3:51698016-51698042:+,False,"            5'- GGGTGAAGGTGGGAGGGGAGGGAGGGAAGAACTAAG -3'
       rG4seq-K --------------------------*---------",RAD54L2|ENSG00000164080.13_3;TEX264|ENSG00000164081.12_5,ENST00000409535.6_1;ENST00000419358.5_4,3UTR;non_coding
chr3,52242213,52242216,longloop,117,+,chr3:52242180-52242215:+,False,"            5'- GGGGCTTTATGGGGCTCGAGGCGGAGGGATTGGGGATCGGGATGG -3'
       rG4seq-K ---------------------------------***---------",ALAS1|ENSG00000023330.14_2,ENST00000310271.6_1;ENST00000394965.6_1;ENST00000469224.5_1;ENST00000484952.5_1;ENST00000493402.1_1,CDS
chr3,52242220,52242222,longloop,204,+,chr3:52242190-52242221:+,False,"            5'- GGGGCTCGAGGCGGAGGGATTGGGGATCGGGATGGAGTCAT -3'
       rG4seq-K ------------------------------**---------",ALAS1|ENSG00000023330.14_2,ENST00000310271.6_1;ENST00000394965.6_1;ENST00000469224.5_1;ENST00000484952.5_1;ENST00000493402.1_1,CDS
chr3,52724766,52724769,G>=40%,70,+,chr3:52724709-52724769:+,False,"            5'- AGATAACCAAGGTATCCTTTATTAGTGGTAAGAAATGTGATTCTTTCAGATTTTGGTTGAAATATGATGA -3'
       rG4seq-K ---------------------------------------------------------*-*----------",GNL3|ENSG00000163938.16_3;SNORD19B|ENSG00000238862.1,ENST00000394799.6_1;ENST00000418458.5_1;ENST00000459623.1;ENST00000484022.1_1;ENST00000492349.5_1;ENST00000496254.5_1,3UTR;CDS;non_coding
chr3,58303984,58303985,bulges,41,+,chr3:58303962-58303984:+,False,"            5'- GGGGAAGGGAGCAGGAAGAGGGTTGTTCAAAT -3'
       rG4seq-K ----------------------*---------",HTD2|ENSG00000255154.7_6;RPP14|ENSG00000163684.11_3,ENST00000295959.9_1;ENST00000445193.7_2;ENST00000461393.5_1;ENST00000477305.5_1;ENST00000481972.5_1,3UTR
chr3,63985970,63985971,canonical/G3L1-7,30,+,chr3:63985952-63985970:+,False,"            5'- GGGTCGGGGGAGGGTGGGAGTGAGGAAG -3'
       rG4seq-K ------------------*---------",ATXN7|ENSG00000163635.18_4;ATXN7|ENSG00000285258.1_2,ENST00000295900.10_2;ENST00000538065.5_2;ENST00000643453.1_1,3UTR
chr3,70016568,70016569,bulges,114,+,chr3:70016551-70016571:+,False,"            5'- GGGGGGGAGGGCGCTGGATGCAAAAGTTGA -3'
       rG4seq-K -----------------*------------",MITF|ENSG00000187098.15_4,ENST00000314589.10_2;ENST00000328528.10_1;ENST00000352241.8_2;ENST00000394351.8_2;ENST00000642352.1_1,3UTR
chr3,75264761,75264762,two-quartet,17,+,chr3:75264738-75264761:+,False,"            5'- GGATCTGGTGGTGGAAGTGGTGGATATGGTAGC -3'
       rG4seq-K -----------------------*---------",HNRNPA3P6|ENSG00000213300.5_4,ENST00000472163.1_1,non_coding
chr3,100174868,100174872,bulges,19,+,chr3:100174844-100174871:+,False,"            5'- GGATGTGGATGGGGGCGGGGTTGGGGGTAAAAACAGC -3'
       rG4seq-K ------------------------****---------",LNP1|ENSG00000206535.7_2,ENST00000383693.7_1;ENST00000466996.5_1;ENST00000489752.1_1,3UTR
chr3,101311627,101311629,potential G-quadruplex & G>=40%,602,+,chr3:101311569-101311629:+,False,"            5'- TGGAAATGTCCATGACCAAGACAATTAAATGATGTTTTGAAATTGGGGTGTGGGGTGGGTGTAAAGTTAA -3'
       rG4seq-K ----------------------------------------------------------**----------",PCNP|ENSG00000081154.11_2,ENST00000265260.7_1;ENST00000460231.5_1;ENST00000465366.1_1;ENST00000469941.5_1;ENST00000470490.1_1;ENST00000486406.5_1;ENST00000498274.5_1,3UTR;CDS
chr3,101311643,101311644,bulges,803,+,chr3:101311613-101311643:+,False,"            5'- GGGGTGTGGGGTGGGTGTAAAGTTAAAAGGAACAGTTTCC -3'
       rG4seq-K ------------------------------*---------",PCNP|ENSG00000081154.11_2,ENST00000265260.7_1;ENST00000460231.5_1;ENST00000465366.1_1;ENST00000469941.5_1;ENST00000470490.1_1;ENST00000486406.5_1;ENST00000498274.5_1,3UTR
chr3,105086058,105086061,bulges,16,+,chr3:105086038-105086060:+,False,"            5'- GGGAGGGAGGAGGAGTTGGGGGCATTGCGTGG -3'
       rG4seq-K --------------------***---------",ALCAM|ENSG00000170017.12_4,ENST00000306107.9_4;ENST00000470756.5_1,5UTR
chr3,107526673,107526675,canonical/G3L1-7,128,+,chr3:107526657-107526675:+,False,"            5'- GGGTTGGGGGTGGGAGGGCAACTTACTG -3'
       rG4seq-K ----------------**----------",BBX|ENSG00000114439.18_4,ENST00000415149.6_1,3UTR
chr3,107528070,107528071,bulges,65,+,chr3:107528047-107528071:+,False,"            5'- GTTTATAAGGTGGGGAGGGGAGGGAAAATACCAA -3'
       rG4seq-K -----------------------*----------",BBX|ENSG00000114439.18_4,ENST00000415149.6_1,3UTR
chr3,111578657,111578662,canonical/G3L1-7,52,+,chr3:111578640-111578661:+,False,"            5'- GGGAGACAGGGTGGGCGGGGGCAAAGGCTAG -3'
       rG4seq-K -----------------*****---------",PHLDB2|ENSG00000144824.20_5,ENST00000393923.7_2;ENST00000393925.7_2;ENST00000412622.5_2;ENST00000431670.6_2;ENST00000477695.5_1;ENST00000478922.1_1;ENST00000498699.5_2,5UTR
chr3,120501154,120501157,bulges,56,+,chr3:120501129-120501158:+,False,"            5'- GGAGGTGGGAGCGTGTGTGGAAGGGGGAGAGATATACTT -3'
       rG4seq-K -------------------------***-----------",GTF2E1|ENSG00000153767.9_4,ENST00000283875.5_1,3UTR
chr3,122785966,122785967,canonical/G3L1-7,12,+,chr3:122785950-122785967:+,False,"            5'- GGGCGGGCGGGAGCGGGCGCCGGAGTG -3'
       rG4seq-K ----------------*----------",PDIA5|ENSG00000065485.19_4,ENST00000316218.11_1;ENST00000489923.5_1,5UTR
chr3,127391268,127391270,bulges,103,+,chr3:127391244-127391271:+,False,"            5'- GGGGAGCTGGGGGGCGCTCATGGGGGGCAAGCGGGAC -3'
       rG4seq-K ------------------------**-----------",PODXL2|ENSG00000114631.10_3,ENST00000342480.6_1,CDS
chr3,127391279,127391280,longloop,172,+,chr3:127391245-127391279:+,False,"            5'- GGGAGCTGGGGGGCGCTCATGGGGGGCAAGCGGGACCCCGAGGA -3'
       rG4seq-K ----------------------------------*---------",PODXL2|ENSG00000114631.10_3,ENST00000342480.6_1,CDS
chr3,127399585,127399586,canonical/G3L1-7,9,+,chr3:127399562-127399585:+,False,"            5'- GGGAAACCTGGGGTGGGGGTGGGCTTTGGTCTT -3'
       rG4seq-K -----------------------*---------",ABTB1|ENSG00000114626.17_3,ENST00000232744.12_1;ENST00000453791.6_1;ENST00000464431.1_1;ENST00000468137.5_1;ENST00000475042.5_1,3UTR
chr3,127790425,127790426,bulges,110,+,chr3:127790402-127790427:+,False,"            5'- GATGGTCACGGTGGGTGGGTGGGGGCTGACCCCAG -3'
       rG4seq-K -----------------------*-----------",SEC61A1|ENSG00000058262.9_2,ENST00000243253.7_1;ENST00000424880.2_1;ENST00000483956.1_1,3UTR
chr3,127790445,127790447,bulges,183,+,chr3:127790414-127790445:+,False,"            5'- GGGTGGGTGGGGGCTGACCCCAGCTTCCAGGGGACTGTCAC -3'
       rG4seq-K -------------------------------**--------",SEC61A1|ENSG00000058262.9_2,ENST00000243253.7_1;ENST00000424880.2_1;ENST00000483956.1_1,3UTR
chr3,128445019,128445021,bulges,70,+,chr3:128444988-128445020:+,False,"            5'- GGGGCGGCGGCGGTGGCGGAAGTGGGAGCGGGCCTGGAGTCT -3'
       rG4seq-K -------------------------------**---------",RAB7A|ENSG00000075785.12_2,ENST00000265062.7_1,5UTR
chr3,128631787,128631788,bulges,70,+,chr3:128631770-128631789:+,False,"            5'- GGGTGTGAGGTGGGTGGGGACCTGTGTCA -3'
       rG4seq-K -----------------*-----------",ACAD9|ENSG00000177646.18_3,ENST00000308982.11_1;ENST00000505867.5_1;ENST00000508971.1_1;ENST00000511325.1_1;ENST00000511526.5_1,3UTR
chr3,130613510,130613511,longloop,63,+,chr3:130613478-130613511:+,False,"            5'- GGGAGCGGGGGTGACAGCCTGGGATTCCGGGGGCTTCTCTTCC -3'
       rG4seq-K --------------------------------*----------",ATP2C1|ENSG00000017260.19_6,ENST00000328560.12_4;ENST00000359644.7_1;ENST00000422190.6_4;ENST00000428331.6_2;ENST00000504381.5_1;ENST00000504948.5_2;ENST00000505072.5_3;ENST00000505330.5_1;ENST00000507488.6_1;ENST00000508532.5_2;ENST00000509662.5_1;ENST00000510168.5_2;ENST00000513801.5_2;ENST00000533801.6_4,5UTR
chr3,131102250,131102251,two-quartet,34,+,chr3:131102221-131102250:+,False,"            5'- GGACCTTGGTACTAGGGAGGGAGGGAAGGACGTGGGAAT -3'
       rG4seq-K -----------------------------*---------",NUDT16|ENSG00000198585.11_2,ENST00000502852.1_1;ENST00000521288.1_1;ENST00000537561.5_1,3UTR;CDS
chr3,131102256,131102258,longloop,99,+,chr3:131102235-131102257:+,False,"            5'- GGGAGGGAGGGAAGGACGTGGGAATGTTTTCT -3'
       rG4seq-K ---------------------**---------",NUDT16|ENSG00000198585.11_2,ENST00000502852.1_1;ENST00000521288.1_1;ENST00000537561.5_1,3UTR;CDS
chr3,131104059,131104060,bulges,19,+,chr3:131104036-131104059:+,False,"            5'- GCATGGTGAGGGGTTGGGCAGGGAGGTATATTT -3'
       rG4seq-K -----------------------*---------",NUDT16|ENSG00000198585.11_2,ENST00000521288.1_1;ENST00000537561.5_1,3UTR
chr3,133293052,133293054,canonical/G3L1-7,32,+,chr3:133293031-133293053:+,False,"            5'- GGGCGGCGGGGCGGGCGCGGGGACCCGGCCGG -3'
       rG4seq-K ---------------------**---------",CDV3|ENSG00000091527.15_3,ENST00000264993.7_3;ENST00000431519.6_2;ENST00000503932.5_1,CDS
chr3,133302925,133302926,two-quartet,195,+,chr3:133302898-133302926:+,False,"            5'- GGGAAGAAGGTGGAGGTGGTGGTGGAGGTATGGAAAAA -3'
       rG4seq-K ---------------------------*----------",CDV3|ENSG00000091527.15_3,ENST00000264993.7_3;ENST00000420115.6_2;ENST00000431519.6_2;ENST00000503932.5_1;ENST00000504867.5_1;ENST00000507408.5_2;ENST00000508481.5_2;ENST00000511392.5_2;ENST00000515421.1_2,CDS
chr3,133302931,133302933,two-quartet,442,+,chr3:133302898-133302931:+,False,"            5'- GGGAAGAAGGTGGAGGTGGTGGTGGAGGTATGGAAAAATCTTC -3'
       rG4seq-K ---------------------------------**--------",CDV3|ENSG00000091527.15_3,ENST00000264993.7_3;ENST00000420115.6_2;ENST00000431519.6_2;ENST00000503932.5_1;ENST00000504867.5_1;ENST00000507408.5_2;ENST00000508481.5_2;ENST00000511392.5_2;ENST00000515421.1_2,CDS
chr3,133307622,133307624,longloop,150,+,chr3:133307593-133307623:+,False,"            5'- GGGGTCCACCAAGTGGGGGAAGGGGAAGGGAGAGAATAAT -3'
       rG4seq-K -----------------------------**---------",CDV3|ENSG00000091527.15_3,ENST00000264993.7_3;ENST00000420115.6_2;ENST00000515421.1_2,3UTR
chr3,133538560,133538561,bulges,151,+,chr3:133538540-133538561:+,False,"            5'- GGGTGGAAGAGGGGACGTGGGCTCTGCTGAC -3'
       rG4seq-K --------------------*----------",SRPRB|ENSG00000144867.11_4,ENST00000466490.6_1;ENST00000466636.1_1;ENST00000481356.1_1,CDS
chr3,138091799,138091800,bulges,12,+,chr3:138091769-138091799:+,False,"            5'- GCTGGTGGTGGTGGGGGATGGGGGTGTGGGCAAAAGTGCC -3'
       rG4seq-K ------------------------------*---------",MRAS|ENSG00000158186.12_3,ENST00000289104.8_1;ENST00000423968.6_1;ENST00000464896.5_1;ENST00000474559.1_1;ENST00000475711.5_1;ENST00000494949.5_1;ENST00000614350.4_1;ENST00000621127.4_1,CDS
chr3,140696739,140696740,bulges,104,+,chr3:140696716-140696739:+,False,"            5'- GTGGCCTTTTTTGGGGGGGAGGGTGAGAGAGTA -3'
       rG4seq-K -----------------------*---------",SLC25A36|ENSG00000114120.12_4,ENST00000446041.6_1;ENST00000648615.1_1,3UTR
chr3,140696751,140696752,bulges,140,+,chr3:140696728-140696751:+,False,"            5'- GGGGGGGAGGGTGAGAGAGTAGGAGAGAATACC -3'
       rG4seq-K -----------------------*---------",SLC25A36|ENSG00000114120.12_4,ENST00000446041.6_1;ENST00000648615.1_1,3UTR
chr3,152017937,152017938,potential G-quadruplex & G>=40%,100,+,chr3:152017878-152017938:+,False,"            5'- TTTTCATCATCAGTTCAGCTTTTTTTTTTTGGTTGTTGCTCTTTTTTGGGGGGGTTGGGTTTGTTGGTTT -3'
       rG4seq-K -----------------------------------------------------------*----------",MBNL1|ENSG00000152601.17_4,ENST00000282486.10_1;ENST00000282488.11_2;ENST00000324196.9_1;ENST00000324210.9_1;ENST00000355460.6_1;ENST00000357472.7_1;ENST00000459747.1_3;ENST00000460591.5_1;ENST00000461436.1_1;ENST00000463374.5_1;ENST00000466565.1_1;ENST00000477171.1_1;ENST00000485910.5_1;ENST00000493459.5_2;ENST00000495875.6_1;ENST00000498502.5_1;ENST00000545754.5_1,5UTR
chr3,156422999,156423003,canonical/G3L1-7,150,+,chr3:156422985-156423003:+,False,"            5'- GGGTGGGACTGGGTGGGGAACAGCATTG -3'
       rG4seq-K --------------****----------",TIPARP|ENSG00000163659.12_3,ENST00000295924.11_2;ENST00000461166.5_2;ENST00000495891.1_1;ENST00000542783.5_2,3UTR
chr3,160117490,160117491,two-quartet,174,+,chr3:160117470-160117490:+,False,"            5'- GGTAGGAGCGGGGAGGTGGGTACTACACAA -3'
       rG4seq-K --------------------*---------",SMC4|ENSG00000113810.15_2,ENST00000357388.7_1;ENST00000462787.5_1;ENST00000465903.5_1;ENST00000467468.5_1;ENST00000468653.5_1;ENST00000469762.5_1;ENST00000469858.5_1;ENST00000472282.5_1;ENST00000472991.5_1;ENST00000485645.5_1;ENST00000485867.5_1;ENST00000489573.5_1;ENST00000490207.5_1;ENST00000497311.5_1,5UTR
chr3,179506027,179506029,bulges,17,+,chr3:179505995-179506028:+,False,"            5'- GGAGATGGCAGGGGGCAGGGGCAGGACCAGGGGATGGGATTAG -3'
       rG4seq-K --------------------------------**---------",USP13|ENSG00000058056.8_2,ENST00000263966.7_1,3UTR
chr3,179506032,179506034,longloop,30,+,chr3:179506005-179506033:+,False,"            5'- GGGGGCAGGGGCAGGACCAGGGGATGGGATTAGATAAA -3'
       rG4seq-K ---------------------------**---------",USP13|ENSG00000058056.8_2,ENST00000263966.7_1,3UTR
chr3,180694388,180694390,bulges,66,+,chr3:180694372-180694389:+,False,"            5'- GGGGGGTGGTGGGTGGGGTGGGATCCC -3'
       rG4seq-K ----------------**---------",FXR1|ENSG00000114416.17_4,ENST00000305586.11_1;ENST00000357559.8_2;ENST00000445140.6_2,3UTR
chr3,180694393,180694395,canonical/G3L1-7,313,+,chr3:180694372-180694394:+,False,"            5'- GGGGGGTGGTGGGTGGGGTGGGATCCCTAACG -3'
       rG4seq-K ---------------------**---------",FXR1|ENSG00000114416.17_4,ENST00000305586.11_1;ENST00000357559.8_2;ENST00000445140.6_2,3UTR
chr3,183165614,183165615,canonical/G3L1-7,16,+,chr3:183165588-183165614:+,False,"            5'- GGGGGCGCGGGGTGGGTGGTGAAGGGAGAACGAAGC -3'
       rG4seq-K --------------------------*---------",LINC00888|ENSG00000240024.5_4,ENST00000468380.1_1;ENST00000471496.5_1,non_coding
chr3,183853262,183853264,bulges,20,+,chr3:183853238-183853264:+,False,"            5'- GGGGCCGGGAGGCAGCGGTGGCGGGGGAGCCAGAGG -3'
       rG4seq-K ------------------------**----------",EIF2B5|ENSG00000145191.13_4,ENST00000273783.8_2;ENST00000432569.2_2;ENST00000432982.5_1;ENST00000465218.3_2;ENST00000468748.6_2;ENST00000471832.2_2;ENST00000481054.5_1;ENST00000491144.5_1;ENST00000492226.2_2;ENST00000647636.1_1;ENST00000647909.1_1;ENST00000648256.1_1;ENST00000648314.1_1;ENST00000648599.1_1;ENST00000648630.1_1;ENST00000648682.1_1;ENST00000648882.1_1;ENST00000648890.1_1;ENST00000648915.1_1;ENST00000649688.1_1;ENST00000649814.1_1,CDS
chr3,183892690,183892691,two-quartet,112,+,chr3:183892678-183892690:+,False,"            5'- GGGGGCGGGCGGACATCTTGGG -3'
       rG4seq-K ------------*---------",AP2M1|ENSG00000161203.13_3,ENST00000292807.9_1;ENST00000382456.7_1;ENST00000411763.6_2;ENST00000427072.5_2;ENST00000448139.5_1;ENST00000466598.5_1;ENST00000484469.5_1;ENST00000487958.5_1,5UTR
chr3,183906002,183906005,canonical/G3L1-7,77,+,chr3:183905977-183906004:+,False,"            5'- GGGCTGGTGGGGCGGAATGGGTTGGGGAAGACAACGT -3'
       rG4seq-K -------------------------***---------",ABCF3|ENSG00000161204.11_3,ENST00000292808.5_2;ENST00000429586.6_2;ENST00000473311.5_1;ENST00000498136.5_1,CDS
chr3,183911702,183911706,bulges,20,+,chr3:183911685-183911705:+,False,"            5'- GGGGGTGGGGGTCTGGGGGGTACCCTCTGG -3'
       rG4seq-K -----------------****---------",ABCF3|ENSG00000161204.11_3,ENST00000292808.5_2;ENST00000429586.6_2;ENST00000466742.5_1;ENST00000468892.5_1;ENST00000473311.5_1;ENST00000480562.3_1,3UTR
chr3,183911716,183911718,longloop,75,+,chr3:183911685-183911717:+,False,"            5'- GGGGGTGGGGGTCTGGGGGGTACCCTCTGGGGTTATAGATTC -3'
       rG4seq-K -------------------------------**---------",ABCF3|ENSG00000161204.11_3,ENST00000292808.5_2;ENST00000429586.6_2;ENST00000466742.5_1;ENST00000468892.5_1;ENST00000473311.5_1;ENST00000480562.3_1,3UTR
chr3,184017072,184017073,two-quartet,78,+,chr3:184017047-184017073:+,False,"            5'- GGCGGAGATGGAGGAGGGAGGCCGGGACAAGGCGCC -3'
       rG4seq-K -------------------------*----------",PSMD2|ENSG00000175166.16_3,ENST00000310118.8_1;ENST00000417952.5_3;ENST00000433010.5_1;ENST00000459910.5_1;ENST00000476461.1_1;ENST00000487475.5_1;ENST00000492191.5_1,5UTR;CDS
chr3,184045087,184045090,bulges,160,+,chr3:184045060-184045089:+,False,"            5'- GCGGAGTGAACGGGGAGGGGACCGTGGGGACCGGCTTGA -3'
       rG4seq-K ---------------------------***---------",EIF4G1|ENSG00000114867.20_4,ENST00000342981.8_2;ENST00000346169.6_2;ENST00000350481.9_2;ENST00000352767.7_3;ENST00000382330.7_3;ENST00000392537.6_2;ENST00000411531.5_2;ENST00000414031.5_2;ENST00000424196.5_3;ENST00000427845.5_2;ENST00000434061.6_2;ENST00000435046.6_2;ENST00000441154.5_2;ENST00000442406.5_1;ENST00000448284.1_1;ENST00000482303.1_1,3UTR;CDS
chr3,184063126,184063128,canonical/G3L1-7,12,+,chr3:184063111-184063129:+,False,"            5'- GGGTGGGGTGGGAGGGGGCCCAGCAACC -3'
       rG4seq-K ---------------**-----------",FAM131A|ENSG00000175182.14_3,ENST00000310585.4_1;ENST00000340957.9_1;ENST00000418281.5_1;ENST00000639617.1_1,3UTR
chr3,184063891,184063896,bulges,28,+,chr3:184063866-184063892:+,False,"            5'- GTTTTTATGGTTGTGGGAAGGGTGGGTGGCTTTAGA -3'
       rG4seq-K -------------------------***-*------",FAM131A|ENSG00000175182.14_3,ENST00000310585.4_1;ENST00000340957.9_1;ENST00000418281.5_1;ENST00000639617.1_1,3UTR
chr3,185350783,185350784,bulges,6,+,chr3:185350764-185350784:+,False,"            5'- GCTGGATGGGGGTGGGAGGGAAACAGATTT -3'
       rG4seq-K -------------------*----------",SENP2|ENSG00000163904.12_3,ENST00000296257.9_1,3UTR
chr3,196461345,196461346,two-quartet,66,+,chr3:196461326-196461345:+,False,"            5'- GGAAGGGTGAGGCGGGAGGATCGCTTGAA -3'
       rG4seq-K -------------------*---------",PIGX|ENSG00000163964.14_3,ENST00000392391.7_3,3UTR
chr3,197680922,197680923,potential G-triplex & G>=40%,8786,+,chr3:197680863-197680923:+,False,"            5'- TTAAAATCAGCAACACAGTCACTCCTGGCGGCAAACCAAACAAAACCAGAGTCATCTGGGGAAAAGTAAC -3'
       rG4seq-K -----------------------------------------------------------*----------",RPL35A|ENSG00000182899.16_4,ENST00000329092.12_2;ENST00000429437.5_1;ENST00000439255.1_1;ENST00000442341.5_2;ENST00000448864.6_2;ENST00000464167.6_2;ENST00000474640.1_1;ENST00000485439.5_1;ENST00000642387.1_1;ENST00000647248.2_2,3UTR;CDS
chr3,4403566,4403567,two-quartet,46,-,chr3:4403566-4403583:-,False,"            5'- GGAAGGGGAGTGGAGGGAACCCTGAGC -3'
       rG4seq-K ----------------*----------",SUMF1|ENSG00000144455.13_3,ENST00000272902.9_1;ENST00000383843.9_1;ENST00000448413.5_1;ENST00000458465.6_1,3UTR
chr3,8921311,8921314,bulges,20,-,chr3:8921314-8921346:-,False,"            5'- GGAGACACTTTTGGAGGTGGAGGGTGGTGAGGGGTACTACCA -3'
       rG4seq-K --------------------------------*-*-------",RAD18|ENSG00000070950.9_3,ENST00000264926.6_1;ENST00000427329.5_2,3UTR
chr3,9883611,9883613,potential G-quadruplex & G>=40%,34,-,chr3:9883611-9883671:-,False,"            5'- GGGAAGTAAGTGGTAGGGGTGACAGGAAGCTAGGAGTACAGGCATCCATCTGTGGTGGGGAAACAGCTGC -3'
       rG4seq-K ----------------------------------------------------------**----------",RPUSD3|ENSG00000156990.14_3,ENST00000383820.9_2;ENST00000418713.5_2;ENST00000424438.5_2;ENST00000427174.5_2;ENST00000433535.6_2;ENST00000433555.1_2;ENST00000433972.1_1;ENST00000451405.1_1;ENST00000472381.5_1;ENST00000473522.1_1;ENST00000475470.1_1;ENST00000484134.5_1;ENST00000485705.5_1,3UTR;CDS
chr3,10346810,10346811,bulges,360,-,chr3:10346809-10346840:-,False,"            5'- GGAGGAGGAGGACGGCCAGTGGAAGGAGGAGCAGAAGCTAG -3'
       rG4seq-K -----------------------------*-----------",SEC13|ENSG00000157020.17_3,ENST00000337354.8_1;ENST00000350697.7_1;ENST00000383801.6_1;ENST00000397109.7_1;ENST00000397117.5_1;ENST00000476597.1_1;ENST00000477547.6_1;ENST00000479868.6_1;ENST00000490283.1_1,CDS
chr3,11599913,11599914,bulges,66,-,chr3:11599914-11599945:-,False,"            5'- GGGGGTGGGGTGGGGGGAAGGGAAGGGATGGTTTATTTGCA -3'
       rG4seq-K -------------------------------*---------",VGLL4|ENSG00000144560.14_5,ENST00000273038.7_2;ENST00000413604.5_1;ENST00000424529.6_1;ENST00000451674.6_1,3UTR
chr3,11599922,11599924,canonical/G3L1-7,34,-,chr3:11599923-11599945:-,False,"            5'- GGGGGTGGGGTGGGGGGAAGGGAAGGGATGGT -3'
       rG4seq-K ---------------------**---------",VGLL4|ENSG00000144560.14_5,ENST00000273038.7_2;ENST00000413604.5_1;ENST00000424529.6_1;ENST00000451674.6_1,3UTR
chr3,14986419,14986420,two-quartet,115,-,chr3:14986420-14986439:-,False,"            5'- GGGAAGGTGAGGTGGGTGGATCACCTGAG -3'
       rG4seq-K -------------------*---------",FGD5-AS1|ENSG00000225733.5_5,ENST00000417835.1_1;ENST00000424349.1_1;ENST00000426200.1_1;ENST00000430166.5_1,non_coding
chr3,14986422,14986424,two-quartet,59,-,chr3:14986420-14986439:-,False,"            5'- GGGAAGGTGAGGTGGGTGGATCACCTGAG -3'
       rG4seq-K ---------------**------------",FGD5-AS1|ENSG00000225733.5_5,ENST00000417835.1_1;ENST00000424349.1_1;ENST00000426200.1_1;ENST00000430166.5_1,non_coding
chr3,15092265,15092267,canonical/G3L1-7,19,-,chr3:15092266-15092288:-,False,"            5'- GGGGGTGGGAGGGGAAGGTGGGCAGAGACTGA -3'
       rG4seq-K ---------------------**---------",MRPS25|ENSG00000131368.7_2,ENST00000253686.6_1;ENST00000420267.5_1;ENST00000449354.6_1,3UTR
chr3,15093778,15093779,two-quartet,194,-,chr3:15093779-15093797:-,False,"            5'- GGATGTGGGAGAGGAGGGTCTGAAGCTG -3'
       rG4seq-K ------------------*---------",MRPS25|ENSG00000131368.7_2,ENST00000253686.6_1;ENST00000420267.5_1;ENST00000444840.6_1;ENST00000449354.6_1,3UTR
chr3,15113111,15113113,bulges,29,-,chr3:15113112-15113135:-,False,"            5'- GGGGTGTGGAGATGGGGAGTGGGTAGAAGTGTG -3'
       rG4seq-K ----------------------**---------",RBSN|ENSG00000131381.12_3,ENST00000253699.7_1,3UTR
chr3,15115191,15115192,bulges,19,-,chr3:15115192-15115225:-,False,"            5'- GGGCAGGCAGGATGGATGGGGAAGGTGGCAGGGTGAGAACTCA -3'
       rG4seq-K ---------------------------------*---------",RBSN|ENSG00000131381.12_3,ENST00000253699.7_1;ENST00000476527.6_1,3UTR
chr3,15296877,15296879,two-quartet,434,-,chr3:15296878-15296899:-,False,"            5'- GGGGATTTGTGGCTGTGGGGGAGAAGGTTCT -3'
       rG4seq-K --------------------**---------",SH3BP5|ENSG00000131370.15_4,ENST00000383791.7_1;ENST00000412806.1_1,3UTR
chr3,15296894,15296896,longloop,308,-,chr3:15296895-15296930:-,False,"            5'- GGGGGGATGAGGGTAGGAGGGACTTATAGAAGGGGATTTGTGGCT -3'
       rG4seq-K ----------------------------------**---------",SH3BP5|ENSG00000131370.15_4,ENST00000383791.7_1;ENST00000412806.1_1,3UTR
chr3,15296908,15296910,canonical/G3L1-7,127,-,chr3:15296909-15296938:-,False,"            5'- GGGGATGCGGGGGGATGAGGGTAGGAGGGACTTATAGAA -3'
       rG4seq-K ----------------------------**---------",SH3BP5|ENSG00000131370.15_4,ENST00000383791.7_1;ENST00000412806.1_1,3UTR
chr3,15296916,15296917,bulges,48,-,chr3:15296917-15296938:-,False,"            5'- GGGGATGCGGGGGGATGAGGGTAGGAGGGAC -3'
       rG4seq-K ---------------------*---------",SH3BP5|ENSG00000131370.15_4,ENST00000383791.7_1;ENST00000412806.1_1,3UTR
chr3,15296923,15296927,longloop,27,-,chr3:15296924-15296962:-,False,"            5'- GGGGTGGGAAAGGTGAATGCCAGTGGGGATGCGGGGGGATGAGGGTAG -3'
       rG4seq-K -----------------------------------****---------",SH3BP5|ENSG00000131370.15_4,ENST00000383791.7_1;ENST00000412806.1_1,3UTR
chr3,15373802,15373803,two-quartet,177,-,chr3:15373803-15373838:-,False,"            5'- GGAGGAAGAGGGGATGGAGCAGGGGCTGGAGGAGGAAGAAGAGGT -3'
       rG4seq-K -----------------------------------*---------",SH3BP5|ENSG00000131370.15_4,ENST00000383791.7_1;ENST00000408919.7_1;ENST00000412806.1_1;ENST00000426925.5_1;ENST00000450625.1_1;ENST00000465894.6_1,CDS
chr3,15373805,15373806,bulges,109,-,chr3:15373806-15373844:-,False,"            5'- GGAGGAGGAGGAAGAGGGGATGGAGCAGGGGCTGGAGGAGGAAGAAGA -3'
       rG4seq-K --------------------------------------*---------",SH3BP5|ENSG00000131370.15_4,ENST00000383791.7_1;ENST00000408919.7_1;ENST00000412806.1_1;ENST00000426925.5_1;ENST00000450625.1_1;ENST00000465894.6_1,CDS
chr3,15373824,15373825,bulges,48,-,chr3:15373827-15373849:-,False,"            5'- GAGGAGGAGGAGGAGGAAGAGGGGATGGAGCA -3'
       rG4seq-K ------------------------*-------",SH3BP5|ENSG00000131370.15_4,ENST00000383791.7_1;ENST00000408919.7_1;ENST00000412806.1_1;ENST00000426925.5_1;ENST00000450625.1_1;ENST00000465894.6_1,CDS
chr3,16358473,16358474,bulges,14,-,chr3:16358473-16358490:-,False,"            5'- GGGGTGGGTGTGGAGGGTGAGGCTGTG -3'
       rG4seq-K ----------------*----------",RFTN1|ENSG00000131378.13_5,ENST00000334133.8_1;ENST00000432519.5_1;ENST00000483671.1_1;ENST00000607320.5_3,CDS
chr3,24164254,24164255,canonical/G3L1-7,35,-,chr3:24164255-24164279:-,False,"            5'- GGGATTATTTGGGAGGGAAAAGGGAAGTAGTCCT -3'
       rG4seq-K ------------------------*---------",THRB|ENSG00000151090.18_5,ENST00000356447.9_2;ENST00000396671.7_2;ENST00000415021.6_2;ENST00000416420.5_2;ENST00000642307.1_1;ENST00000643772.1_1;ENST00000644321.1_1;ENST00000645139.1_1;ENST00000646209.1_1;ENST00000646432.1_2;ENST00000646966.1_1,3UTR
chr3,24164261,24164262,canonical/G3L1-7,26,-,chr3:24164262-24164283:-,False,"            5'- GGGAGGGATTATTTGGGAGGGAAAAGGGAAG -3'
       rG4seq-K ---------------------*---------",THRB|ENSG00000151090.18_5,ENST00000356447.9_2;ENST00000396671.7_2;ENST00000415021.6_2;ENST00000416420.5_2;ENST00000642307.1_1;ENST00000643772.1_1;ENST00000644321.1_1;ENST00000645139.1_1;ENST00000646209.1_1;ENST00000646432.1_2;ENST00000646966.1_1,3UTR
chr3,33481737,33481739,canonical/G3L1-7,15,-,chr3:33481738-33481759:-,False,"            5'- GGGTGACGGGCGGGCGGAGGGCTTGCCCCCG -3'
       rG4seq-K --------------------**---------",UBP1|ENSG00000153560.11_2,ENST00000283628.9_1;ENST00000283629.7_1;ENST00000456378.1_1;ENST00000496310.1_1,5UTR
chr3,39185069,39185071,bulges,39,-,chr3:39185070-39185106:-,False,"            5'- GGGGAGGAGGAGGAAGAGGAGGAAGGGAGCGTGGGGAACCTGGACA -3'
       rG4seq-K -----------------------------------**---------",CSRNP1|ENSG00000144655.14_2,ENST00000273153.9_1;ENST00000514182.1_1,CDS
chr3,44483492,44483493,canonical/G3L1-7,10,-,chr3:44483493-44483514:-,False,"            5'- GGGTGATTGTGGGTGGGGGGGTGGTCAATGA -3'
       rG4seq-K ---------------------*---------",ZNF445|ENSG00000185219.16_2,ENST00000396077.7_1;ENST00000425708.6_1,3UTR
chr3,44791086,44791088,canonical/G3L1-7,14,-,chr3:44791086-44791105:-,False,"            5'- GGGGTAGGGAAGGGAGGGGAAGCACTTTA -3'
       rG4seq-K -----------------**----------",KIAA1143|ENSG00000163807.5_2,ENST00000296121.5_1;ENST00000484437.1_1,3UTR
chr3,44967540,44967542,longloop,107,-,chr3:44967541-44967581:-,False,"            5'- GGGCTTGGGGTGTGTAGAATGATTTTGCGGGGGAGTGGGGAGAAAGATGA -3'
       rG4seq-K ---------------------------------------**---------",ZDHHC3|ENSG00000163812.13_3,ENST00000296127.7_1;ENST00000339420.6_1;ENST00000424952.6_1;ENST00000443879.2_3,3UTR
chr3,45017442,45017444,longloop,68,-,chr3:45017443-45017472:-,False,"            5'- GGGAGCCCCACCGGGGTCTGGGACTGGGGAACTGCCTCC -3'
       rG4seq-K ----------------------------**---------",ZDHHC3|ENSG00000163812.13_3,ENST00000296127.7_1;ENST00000342790.8_1;ENST00000424952.6_1;ENST00000455235.5_3,5UTR
chr3,45266373,45266375,potential G-quadruplex & G>=40%,29,-,chr3:45266373-45266433:-,False,"            5'- CAGATGTTTAAGCCCTTGGACTGAGGGTGGGATCGCAGCTCCGAAGACGGAGAGGAGGGAAATGGGGCCC -3'
       rG4seq-K ----------------------------------------------------------**----------",TMEM158|ENSG00000249992.1_2,ENST00000503771.1_1,3UTR
chr3,46963477,46963478,bulges,68,-,chr3:46963476-46963503:-,False,"            5'- GAGGATGGTCTTGGGCAGGGATGGGGGCTAGGCTTGC -3'
       rG4seq-K -------------------------*-----------",CCDC12|ENSG00000160799.11_4,ENST00000292314.6_1;ENST00000425441.5_1;ENST00000604367.1_1,3UTR
chr3,47058555,47058556,canonical/G3L1-7,33,-,chr3:47058556-47058577:-,False,"            5'- GGGCCAGGGTGGGAGGATGGGTGGTCAGGTA -3'
       rG4seq-K ---------------------*---------",SETD2|ENSG00000181555.20_6,ENST00000330022.11_1;ENST00000409792.3_1;ENST00000431180.5_1;ENST00000445387.5_3,3UTR
chr3,47459886,47459887,longloop,29,-,chr3:47459888-47459919:-,False,"            5'- GGGTGGTGGGCCCGGGCGGCGGAGGCGCGGGGAGCTGCCCT -3'
       rG4seq-K --------------------------------*--------",SCAP|ENSG00000114650.19_3,ENST00000265565.9_1;ENST00000320017.10_1;ENST00000428413.5_1;ENST00000441517.6_1;ENST00000545718.2_1;ENST00000648151.1_1,3UTR;CDS
chr3,47604040,47604042,canonical/G3L1-7,20,-,chr3:47604041-47604066:-,False,"            5'- GGGGGTAGTGGGTGGGGGGTAGGGGAAGAAACATT -3'
       rG4seq-K ------------------------**---------",CSPG5|ENSG00000114646.9_4,ENST00000264723.8_3;ENST00000383738.6_3;ENST00000456150.5_1;ENST00000610462.1_1,3UTR
chr3,47629204,47629205,longloop,157,-,chr3:47629204-47629233:-,False,"            5'- GGGCAGAAGGGGGGGAATAGCCACAGGGGACAAACCTTA -3'
       rG4seq-K ----------------------------*----------",SMARCC1|ENSG00000173473.10_3,ENST00000254480.9_1;ENST00000425518.5_1,3UTR
chr3,47894086,47894087,bulges,176,-,chr3:47894087-47894117:-,False,"            5'- GTGGAGGAGGTTGGGAGGGGGTTGGGGTGGTTGAGGCTAA -3'
       rG4seq-K ------------------------------*---------",MAP4|ENSG00000047849.21_5,ENST00000335271.9_4;ENST00000360240.10_1;ENST00000395734.7_1;ENST00000420772.6_2;ENST00000426837.6_1;ENST00000429422.5_2,3UTR
chr3,48199461,48199467,longloop,56,-,chr3:48199466-48199501:-,False,"            5'- GGGGGGTGGGGGTAGGTGGGCTCCACAGGATGGGGGAGGAGCATG -3'
       rG4seq-K ----------------------------------****-*-----",CDC25A|ENSG00000164045.11_3,ENST00000302506.7_2;ENST00000351231.7_2,3UTR
chr3,48200091,48200092,bulges,40,-,chr3:48200089-48200113:-,False,"            5'- GAGGGGAGAGGAGACGGAGGGGAGTAGAGAAGTT -3'
       rG4seq-K ---------------------*------------",CDC25A|ENSG00000164045.11_3,ENST00000302506.7_2;ENST00000351231.7_2,3UTR
chr3,48601605,48601606,bulges,124,-,chr3:48601606-48601623:-,False,"            5'- GGGGGGGTGGCTGTGGGCAGTGAGCGG -3'
       rG4seq-K -----------------*---------",COL7A1|ENSG00000114270.17_3,ENST00000328333.12_1;ENST00000465238.5_1;ENST00000466591.1_1;ENST00000470076.1_1;ENST00000487017.5_1,3UTR
chr3,48675326,48675328,canonical/G3L1-7,14,-,chr3:48675327-48675345:-,False,"            5'- GGGCTGGGAGGGGGAGGGAGATAGAGGG -3'
       rG4seq-K -----------------**---------",CELSR3|ENSG00000008300.16_3,ENST00000164024.4_1;ENST00000461362.5_1;ENST00000498057.1_1,3UTR
chr3,48895041,48895042,bulges,39,-,chr3:48895041-48895064:-,False,"            5'- GTCTTGGAGGGCAAGGGGAGGGGAATGGTGAGA -3'
       rG4seq-K ----------------------*----------",SLC25A20|ENSG00000178537.9_2,ENST00000319017.4_1;ENST00000430379.5_1;ENST00000440964.1_1;ENST00000479050.1_1,3UTR
chr3,49065607,49065609,canonical/G3L1-7,15,-,chr3:49065608-49065629:-,False,"            5'- GGGGTGGGGTGGGAGTAGGGGTTTATTCTAA -3'
       rG4seq-K --------------------**---------",IMPDH2|ENSG00000178035.11_2,ENST00000326739.8_1;ENST00000429182.5_1;ENST00000442157.1_1;ENST00000485500.1_1;ENST00000496837.1_1,non_coding
chr3,49138853,49138854,G>=40%,370,-,chr3:49138853-49138913:-,False,"            5'- TCAGACTTTATTTCTCTTTTCCCATCCCCCTTATTTTAGGTACGTACCCGGTTCCCGCCAGAACCCAATG -3'
       rG4seq-K -----------------------------------------------------------*----------",QARS|ENSG00000172053.17_2,ENST00000306125.11_1;ENST00000414533.5_1;ENST00000430182.5_1;ENST00000452739.5_1;ENST00000464962.6_2;ENST00000470225.6_1;ENST00000470619.6_1;ENST00000482261.7_1;ENST00000494767.2_1;ENST00000494838.6_1;ENST00000635443.1_1;ENST00000635501.1_1;ENST00000635541.1_2;ENST00000636018.1_1;ENST00000636669.1_1;ENST00000637543.1_1,3UTR;CDS
chr3,49145808,49145809,canonical/G3L1-7,47,-,chr3:49145809-49145828:-,False,"            5'- GGGGGGGACTGGGTTTGGGACACCCACAC -3'
       rG4seq-K -------------------*---------",USP19|ENSG00000172046.18_3,ENST00000398896.5_2;ENST00000398898.6_1;ENST00000417901.5_1;ENST00000453664.5_1,3UTR
chr3,49200048,49200051,canonical/G3L1-7,60,-,chr3:49200049-49200080:-,False,"            5'- GGGGTACGGTGGGGTGGGTGGGCGGGAGGGGTGTTTTCATG -3'
       rG4seq-K -----------------------------***---------",CCDC71|ENSG00000177352.9_2,ENST00000321895.6_1,3UTR
chr3,49762260,49762262,canonical/G3L1-7,20,-,chr3:49762261-49762278:-,False,"            5'- GGGTGGGGTGGGACGGGTGGTGCTTAA -3'
       rG4seq-K ----------------**---------",IP6K1|ENSG00000176095.11_2,ENST00000321599.8_2;ENST00000395238.5_2;ENST00000613416.4_2,3UTR
chr3,50355326,50355327,canonical/G3L1-7,145,-,chr3:50355327-50355355:-,False,"            5'- GGGGAAGGAGGGTACAGCTGGGCTGGGGAGGACCTGAC -3'
       rG4seq-K ----------------------------*---------",HYAL2|ENSG00000068001.13_5,ENST00000357750.8_1;ENST00000395139.7_1;ENST00000442581.1_1;ENST00000447092.5_1,3UTR
chr3,50374756,50374758,bulges,16,-,chr3:50374757-50374785:-,False,"            5'- GGACGCGCAGGACTGGGGGACGGGCGGGTACGGCTATG -3'
       rG4seq-K ---------------------------**---------",RASSF1|ENSG00000068028.17_3,ENST00000327761.7_1;ENST00000357043.6_2;ENST00000359365.8_2;ENST00000395117.6_1;ENST00000395126.7_1;ENST00000478619.1_1;ENST00000482447.1_1;ENST00000488024.1_1;ENST00000494145.1_1;ENST00000616212.4_1,5UTR
chr3,51440623,51440624,two-quartet,52,-,chr3:51440624-51440644:-,False,"            5'- GGAGGGAGAGGACGGGGAGGATGAAGACTC -3'
       rG4seq-K --------------------*---------",DCAF1|ENSG00000145041.15_5,ENST00000335891.5_1;ENST00000423656.5_1;ENST00000504652.5_2,CDS
chr3,51972172,51972174,bulges,64,-,chr3:51972173-51972201:-,False,"            5'- GAGGAGGAGGAGGAGGAGGAGCTGGAGGAAACTGCACA -3'
       rG4seq-K ---------------------------**---------",RRP9|ENSG00000114767.6_2,ENST00000232888.6_1,CDS
chr3,51975483,51975484,potential G-triplex & G>=40%,52,-,chr3:51975483-51975543:-,False,"            5'- GACCCCTGACCAAAGAAAAGACCGTATAATTCCCAGGCCGACTCTGCGGGGGACAGGGGCAAATCCAAGG -3'
       rG4seq-K -----------------------------------------------------------*----------",RRP9|ENSG00000114767.6_2,ENST00000232888.6_1,CDS
chr3,52262688,52262690,canonical/G3L1-7,135,-,chr3:52262689-52262714:-,False,"            5'- GGGTCAGTCAGGGCTGGGGCAGGGGTCACTGCAGT -3'
       rG4seq-K ------------------------**---------",AC097637.1|ENSG00000173366.11_6;TWF2|ENSG00000247596.8_3,ENST00000305533.9_1;ENST00000478201.1_4;ENST00000494383.1_4;ENST00000499914.2_1,3UTR;non_coding
chr3,52288774,52288776,canonical/G3L1-7,28,-,chr3:52288774-52288795:-,False,"            5'- GGGGATGGGTGGGGAGTGGGGCAGCGGCGTT -3'
       rG4seq-K -------------------**----------",WDR82|ENSG00000164091.11_2,ENST00000296490.7_1,3UTR
chr3,52290787,52290789,canonical/G3L1-7,34,-,chr3:52290788-52290807:-,False,"            5'- GGGGAGGGTAGCGGGAGGGTAGCAGGTGA -3'
       rG4seq-K ------------------**---------",WDR82|ENSG00000164091.11_2,ENST00000296490.7_1;ENST00000487402.1_1,3UTR
chr3,52290798,52290800,canonical/G3L1-7,10,-,chr3:52290799-52290827:-,False,"            5'- GGGCCTGAAAGGGAGGGAAAGGGGAGGGTAGCGGGAGG -3'
       rG4seq-K ---------------------------**---------",WDR82|ENSG00000164091.11_2,ENST00000296490.7_1;ENST00000487402.1_1,3UTR
chr3,52443938,52443940,longloop,8,-,chr3:52443939-52443984:-,False,"            5'- GGGGCCCCGGGGGCGGTGGGGGCTCCCGGTGGGGGCAGCGGTGGGGAGGGAGGGC -3'
       rG4seq-K --------------------------------------------**---------",BAP1|ENSG00000163930.9_2,ENST00000460680.5_1;ENST00000490917.1_1,5UTR
chr3,52739608,52739610,canonical/G3L1-7,30,-,chr3:52739609-52739628:-,False,"            5'- GGGCGGGTCGGGGCGCGGGCTGCATCCGC -3'
       rG4seq-K ------------------**---------",GLT8D1|ENSG00000016864.18_5,ENST00000266014.10_2;ENST00000463762.1_1;ENST00000464705.1_2;ENST00000478968.6_1;ENST00000484163.5_1;ENST00000487642.5_5;ENST00000491606.5_2;ENST00000497436.5_2;ENST00000497953.5_3,5UTR
chr3,52739615,52739618,bulges,16,-,chr3:52739615-52739635:-,False,"            5'- GCTGGCAGGGCGGGTCGGGGCGCGGGCTGC -3'
       rG4seq-K -----------------***----------",GLT8D1|ENSG00000016864.18_5,ENST00000266014.10_2;ENST00000463762.1_1;ENST00000464705.1_2;ENST00000478968.6_1;ENST00000484163.5_1;ENST00000487642.5_5;ENST00000491606.5_2;ENST00000497436.5_2;ENST00000497953.5_3,5UTR
chr3,53259744,53259748,longloop,3451,-,chr3:53259745-53259772:-,False,"            5'- GGGCGGGTATGAAGTGTGGGGCGGGGGTCTATACATT -3'
       rG4seq-K ------------------------****---------",TKT|ENSG00000163931.15_2,ENST00000296289.10_1;ENST00000423516.5_1;ENST00000423525.6_1;ENST00000450814.6_1;ENST00000460343.5_1;ENST00000461139.5_1;ENST00000462138.5_1;ENST00000469678.1_1,3UTR
chr3,53259751,53259752,potential G-quadruplex & G>=40%,972,-,chr3:53259751-53259811:-,False,"            5'- CATTGCACAAGCTGTGAGGGGCCTCATCACCAAGGCCTAGGGCGGGTATGAAGTGTGGGGCGGGGGTCTA -3'
       rG4seq-K -----------------------------------------------------------*----------",TKT|ENSG00000163931.15_2,ENST00000296289.10_1;ENST00000423516.5_1;ENST00000423525.6_1;ENST00000450814.6_1;ENST00000460343.5_1;ENST00000461139.5_1;ENST00000462138.5_1;ENST00000469678.1_1,3UTR;CDS
chr3,53259763,53259764,potential G-quadruplex & G>=40%,1446,-,chr3:53259763-53259823:-,False,"            5'- CGACAGGGATGCCATTGCACAAGCTGTGAGGGGCCTCATCACCAAGGCCTAGGGCGGGTATGAAGTGTGG -3'
       rG4seq-K -----------------------------------------------------------*----------",TKT|ENSG00000163931.15_2,ENST00000296289.10_1;ENST00000423516.5_1;ENST00000423525.6_1;ENST00000450814.6_1;ENST00000460343.5_1;ENST00000461139.5_1;ENST00000462138.5_1;ENST00000469678.1_1,3UTR;CDS
chr3,67426053,67426054,bulges,296,-,chr3:67426054-67426079:-,False,"            5'- GGGGAAGAAAAGGGGAGGGGGAAGGCAAGAATCAC -3'
       rG4seq-K -------------------------*---------",SUCLG2|ENSG00000172340.14_4,ENST00000307227.9_3;ENST00000460567.5_1;ENST00000493112.5_3,3UTR
chr3,67426059,67426060,two-quartet,235,-,chr3:67426058-67426079:-,False,"            5'- GGGGAAGAAAAGGGGAGGGGGAAGGCAAGAA -3'
       rG4seq-K -------------------*-----------",SUCLG2|ENSG00000172340.14_4,ENST00000307227.9_3;ENST00000460567.5_1;ENST00000493112.5_3,3UTR
chr3,71007392,71007394,bulges,14,-,chr3:71007392-71007413:-,False,"            5'- GGGGGTGGTTCGGGGGAGGGGTGTTTCGGAT -3'
       rG4seq-K -------------------**----------",FOXP1|ENSG00000114861.20_5,ENST00000318789.9_2;ENST00000475937.5_1;ENST00000493089.7_3;ENST00000615603.4_3,3UTR
chr3,71733649,71733651,bulges,23,-,chr3:71733650-71733673:-,False,"            5'- GGGGTGGGGGGAGATTGTGTGGGTTTCTACCGT -3'
       rG4seq-K ----------------------**---------",AC097634.4|ENSG00000285708.1_1;EIF4E3|ENSG00000163412.12_3,ENST00000295612.7_1;ENST00000389826.7_1;ENST00000425534.7_1;ENST00000448225.5_1;ENST00000647725.1_1;ENST00000650123.1_1;ENST00000650530.1_1,3UTR;non_coding
chr3,72425033,72425036,bulges,22,-,chr3:72425034-72425055:-,False,"            5'- GGGGAGGGGTGAAGGAAGGGGAAGAAGATTG -3'
       rG4seq-K -------------------***---------",RYBP|ENSG00000163602.10_3,ENST00000477973.3_3,3UTR
chr3,72427165,72427166,canonical/G3L1-7,28,-,chr3:72427166-72427189:-,False,"            5'- GGGGAGGGCTGGGAGGGGGAGGGAACTTTTATT -3'
       rG4seq-K -----------------------*---------",RYBP|ENSG00000163602.10_3,ENST00000477973.3_3,3UTR
chr3,72427171,72427172,canonical/G3L1-7,14,-,chr3:72427171-72427189:-,False,"            5'- GGGGAGGGCTGGGAGGGGGAGGGAACTT -3'
       rG4seq-K -----------------*----------",RYBP|ENSG00000163602.10_3,ENST00000477973.3_3,3UTR
chr3,100119688,100119692,canonical/G3L1-7,28,-,chr3:100119688-100119715:-,False,"            5'- GGGACTGCGGGCCCGGGCACGGGGGGGCTGCCGCGAT -3'
       rG4seq-K -----------------------****----------",TOMM70|ENSG00000154174.7_3,ENST00000284320.5_1,CDS
chr3,108269917,108269920,canonical/G3L1-7,144,-,chr3:108269918-108269935:-,False,"            5'- GGGGGGGTGGGTAGGGGAGTTAATTTG -3'
       rG4seq-K ---------------***---------",CIP2A|ENSG00000163507.13_4,ENST00000295746.12_1;ENST00000491772.5_1;ENST00000619684.4_2,3UTR
chr3,112357852,112357856,bulges,62,-,chr3:112357851-112357886:-,False,"            5'- GGTGGTGGCGGAGGGGAATGACGGTGGAGGGGGAGCAGGAAGGCC -3'
       rG4seq-K ------------------------------****-----------",CCDC80|ENSG00000091986.15_3,ENST00000206423.7_2;ENST00000439685.6_1,CDS
chr3,112723997,112723998,bulges,96,-,chr3:112723996-112724023:-,False,"            5'- GAGGTAAATGAGGAGCGGGGGTGGGAGATAGCAAGGA -3'
       rG4seq-K -------------------------*-----------",NEPRO|ENSG00000163608.14_5,ENST00000314400.9_1;ENST00000383675.6_2;ENST00000469809.5_1;ENST00000472637.5_1;ENST00000472705.5_1;ENST00000474311.1_1;ENST00000486271.5_1,3UTR
chr3,119148948,119148949,canonical/G3L1-7,33,-,chr3:119148948-119148966:-,False,"            5'- GGGGTGGGAAGGGTAGGGAATCTGCCAT -3'
       rG4seq-K -----------------*----------",TMEM39A|ENSG00000176142.12_3,ENST00000319172.9_1;ENST00000438581.6_1;ENST00000473684.5_3,3UTR
chr3,119545388,119545392,canonical/G3L1-7,50,-,chr3:119545389-119545417:-,False,"            5'- GGGGGTGGGAGGGGTTGTGGGGAGGGGGAAAGCGGAGC -3'
       rG4seq-K -------------------------****---------",GSK3B|ENSG00000082701.15_5,ENST00000264235.12_3,3UTR
chr3,119545394,119545397,canonical/G3L1-7,10,-,chr3:119545396-119545427:-,False,"            5'- GGGAGATCCAGGGGGTGGGAGGGGTTGTGGGGAGGGGGAAA -3'
       rG4seq-K ------------------------------***--------",GSK3B|ENSG00000082701.15_5,ENST00000264235.12_3,3UTR
chr3,122233645,122233646,longloop,53,-,chr3:122233646-122233677:-,False,"            5'- GGGAGTGGCACGGCGGGCGGGCGAGCGAGGGGCTAACTTCA -3'
       rG4seq-K -------------------------------*---------",KPNA1|ENSG00000114030.12_4,ENST00000344337.10_1;ENST00000465882.5_3;ENST00000476916.5_1;ENST00000493510.1_3;ENST00000494339.5_1,5UTR
chr3,123332961,123332962,two-quartet,38,-,chr3:123332962-123332988:-,False,"            5'- GGAAGGTGAAGGGGAAGGGGAAGAGGAAGAAGAGTG -3'
       rG4seq-K --------------------------*---------",MYLK|ENSG00000065534.18_3,ENST00000346322.9_2;ENST00000354792.9_2;ENST00000359169.5_2;ENST00000360304.7_2;ENST00000360772.7_2;ENST00000418370.6_1;ENST00000464489.5_1;ENST00000475616.5_2;ENST00000578202.1_1;ENST00000583087.5_1,3UTR;CDS
chr3,124684970,124684972,longloop,32,-,chr3:124684971-124685003:-,False,"            5'- GGGTAGGGAGGATGGGATAGGCCAGGGATGGGATGGAGTCAG -3'
       rG4seq-K -------------------------------**---------",HEG1|ENSG00000173706.13_4,ENST00000311127.8_1,3UTR
chr3,127410171,127410173,bulges,36,-,chr3:127410170-127410199:-,False,"            5'- GGTGGATAGGTGGGAGGGAGCAAGGGGAGTTTGAGGGAA -3'
       rG4seq-K --------------------------**-----------",MGLL|ENSG00000074416.14_6,ENST00000265052.9_1;ENST00000398104.5_1;ENST00000434178.6_1;ENST00000453507.6_1,3UTR
chr3,128204980,128204981,canonical/G3L1-7,17,-,chr3:128204981-128205008:-,False,"            5'- GGGGGTGGGAGCGGGGGAGGCAGCGGGAGCTCAGTGG -3'
       rG4seq-K ---------------------------*---------",GATA2|ENSG00000179348.11_4,ENST00000341105.6_1;ENST00000430265.6_1;ENST00000487848.5_1;ENST00000492608.1_1,CDS
chr3,128339176,128339177,two-quartet,633,-,chr3:128339177-128339201:-,False,"            5'- GGCAGATTGGGTGGTAGTGGGAGGTTGTGCATGG -3'
       rG4seq-K ------------------------*---------",RPN1|ENSG00000163902.11_3,ENST00000296255.7_1;ENST00000497289.5_1,3UTR
chr3,128339179,128339180,two-quartet,418,-,chr3:128339177-128339201:-,False,"            5'- GGCAGATTGGGTGGTAGTGGGAGGTTGTGCATGG -3'
       rG4seq-K ---------------------*------------",RPN1|ENSG00000163902.11_3,ENST00000296255.7_1;ENST00000497289.5_1,3UTR
chr3,129274508,129274512,canonical/G3L1-7,57,-,chr3:129274509-129274532:-,False,"            5'- GGGTGGAGGGGAGGGATGGGGGGCACAGGAGCT -3'
       rG4seq-K --------------------****---------",PLXND1|ENSG00000004399.12_5,ENST00000324093.8_1;ENST00000501038.6_1;ENST00000504524.5_1;ENST00000504689.1_1;ENST00000512744.5_2,3UTR
chr3,129369440,129369441,longloop,17,-,chr3:129369441-129369468:-,False,"            5'- GGGTTTTTTTGGACAGGGTTGGGAGGGTCTTTTATTT -3'
       rG4seq-K ---------------------------*---------",TMCC1|ENSG00000172765.17_5,ENST00000393238.7_1;ENST00000426664.6_1;ENST00000432054.6_1;ENST00000648771.1_1,3UTR
chr3,130465429,130465431,longloop,46,-,chr3:130465430-130465467:-,False,"            5'- GGGCAGGTTAGGGGGCTGGAGGGGTCAAATCCCGGGGTACTTGTGGA -3'
       rG4seq-K ------------------------------------**---------",PIK3R4|ENSG00000196455.7_2,ENST00000356763.7_1,5UTR
chr3,135868401,135868402,two-quartet,31,-,chr3:135868402-135868429:-,False,"            5'- GGTCTCTTTTGGTGGGGTGGGGGTGGGCTAAAGCCAT -3'
       rG4seq-K ---------------------------*---------",MSL2|ENSG00000174579.3_3,ENST00000309993.2_1,3UTR
chr3,138663774,138663775,bulges,72,-,chr3:138663772-138663793:-,False,"            5'- GCGGGCGGGCGCGGAGGGAGGCTGCGTTTCC -3'
       rG4seq-K ------------------*------------",FOXL2|ENSG00000183770.6_3,ENST00000330315.3_1;ENST00000648323.1_1,3UTR
chr3,139090648,139090650,two-quartet,582,-,"chr3:139092054-139092059:-,chr3:139090650-139090675:-",True,"            5'- GGGCGGTTTGTGGTGGTGTGTGGTGATGGGGAGTATATCA -3'
       rG4seq-K ------------------------------**--------",COPB2|ENSG00000184432.9_3,ENST00000333188.9_1;ENST00000507777.5_1,CDS
chr3,141868313,141868314,bulges,22,-,chr3:141868311-141868343:-,False,"            5'- GGGGCTGTAGCTGGGCAGGGAGAGGGCGGACGAAATCGGTAG -3'
       rG4seq-K -----------------------------*------------",TFDP2|ENSG00000114126.17_5,ENST00000464782.5_1;ENST00000467072.5_1;ENST00000475734.5_2;ENST00000476617.5_1;ENST00000489671.5_2;ENST00000491667.1_1;ENST00000494358.5_3;ENST00000495095.6_1,5UTR
chr3,142607791,142607793,bulges,31,-,chr3:142607790-142607824:-,False,"            5'- GCGGCGGTGTGAGCGCGGTGGGTGCGGAGGGGCGTGTGTGCCGG -3'
       rG4seq-K -------------------------------**-----------",PCOLCE2|ENSG00000163710.8_4,ENST00000295992.7_1;ENST00000461818.5_1;ENST00000495732.5_1;ENST00000648195.1_1,5UTR
chr3,149095432,149095433,two-quartet,897,-,chr3:149095431-149095456:-,False,"            5'- GGTAGCAGGAATGGGCTGAGAGTGGTGTTTGCTTT -3'
       rG4seq-K -----------------------*-----------",TM4SF1|ENSG00000169908.11_3,ENST00000305366.7_1;ENST00000493298.1_1;ENST00000493348.1_1,5UTR
chr3,149236501,149236502,bulges,39,-,chr3:149236501-149236520:-,False,"            5'- GGGAGGAGGAGGGGCAGGGCATGCTGATG -3'
       rG4seq-K ------------------*----------",WWTR1|ENSG00000018408.14_3,ENST00000465804.5_1,3UTR
chr3,149683701,149683702,potential G-quadruplex & G>=40%,409,-,chr3:149683701-149683761:-,False,"            5'- GCACAATAATGATTTGCATGATACCTTGAAATTGGGGGGAGGGGGCATGCCAAGTTGGGCATCACTTTGT -3'
       rG4seq-K -----------------------------------------------------------*----------",ANKUB1|ENSG00000206199.10_4;PFN2|ENSG00000070087.14_4,ENST00000239940.11_1;ENST00000423691.2_1;ENST00000452853.6_1;ENST00000460404.5_1;ENST00000468323.5_1;ENST00000481585.1_1;ENST00000481767.5_1;ENST00000494827.5_1;ENST00000649949.1_1,3UTR;non_coding
chr3,149684166,149684167,potential G-triplex & G>=40%,142,-,chr3:149684166-149684226:-,False,"            5'- CTAGCTATAAGCTTAAGTCTTAATTCTGGAAATTTTATTAGCAATGCAGGGTGATGGGGTATGAACCTGT -3'
       rG4seq-K -----------------------------------------------------------*----------",ANKUB1|ENSG00000206199.10_4;PFN2|ENSG00000070087.14_4,ENST00000239940.11_1;ENST00000423691.2_1;ENST00000452853.6_1;ENST00000460404.5_1;ENST00000468323.5_1;ENST00000475518.5_1;ENST00000481275.5_1;ENST00000481585.1_1;ENST00000481767.5_1;ENST00000489155.1_1;ENST00000490975.1_1;ENST00000494827.5_1;ENST00000497060.1_1;ENST00000497148.5_1;ENST00000498169.1_1;ENST00000498307.5_1;ENST00000649949.1_1,3UTR;non_coding
chr3,150261069,150261070,two-quartet,264,-,chr3:150261070-150261096:-,False,"            5'- GGTAAGGGTGAGGGTCATAGGGCAGGTTTTGGGTTT -3'
       rG4seq-K --------------------------*---------",SERP1|ENSG00000120742.10_2,ENST00000239944.6_1;ENST00000479209.1_1,3UTR
chr3,154042052,154042053,two-quartet,37,-,chr3:154042053-154042085:-,False,"            5'- GGCGGCGGAGGGGGTGGTCGAGGCGGCAGGGGCCGGCATCCC -3'
       rG4seq-K --------------------------------*---------",DHX36|ENSG00000174953.13_5,ENST00000308361.10_2;ENST00000329463.9_4;ENST00000496811.5_4,CDS
chr3,154042070,154042071,bulges,12,-,chr3:154042068-154042105:-,False,"            5'- GAGGCTCCGGAGGAGGCGGCGGCGGCGGAGGGGGTGGTCGAGGCGGC -3'
       rG4seq-K ----------------------------------*------------",DHX36|ENSG00000174953.13_5,ENST00000308361.10_2;ENST00000329463.9_4;ENST00000496811.5_4,CDS
chr3,156260909,156260911,bulges,751,-,chr3:156260910-156260938:-,False,"            5'- GGAAAAGTAGCAGGGTGGTCAGGGTGGGAGACACAAGA -3'
       rG4seq-K ---------------------------**---------",SSR3|ENSG00000114850.6_2,ENST00000265044.6_1;ENST00000463503.5_2;ENST00000464138.1_1;ENST00000467789.5_1;ENST00000476217.5_1;ENST00000478842.5_1;ENST00000498205.5_1,3UTR
chr3,156272936,156272937,two-quartet,41,-,chr3:156272935-156272961:-,False,"            5'- GGCGGCCGCAGGGGCGGAGTCAAGGGCCTTTGCCCG -3'
       rG4seq-K ------------------------*-----------",SSR3|ENSG00000114850.6_2,ENST00000265044.6_1;ENST00000467789.5_1,5UTR
chr3,159975536,159975538,longloop,50,-,chr3:159975536-159975569:-,False,"            5'- GGGACTGCAGGGAGGAGGAAATGGGGGGTGGGGTTATTGTTTA -3'
       rG4seq-K -------------------------------**----------",AC079594.2|ENSG00000248710.1_6;IFT80|ENSG00000068885.14_4,ENST00000326448.11_1;ENST00000483465.5_1;ENST00000483754.1_1,3UTR;non_coding
chr3,167452655,167452657,two-quartet,99,-,chr3:167452659-167452690:-,False,"            5'- GGTTCCTCTTGGGTCCTTCCGGCGTCGCCGGAGTGAATTGA -3'
       rG4seq-K ---------------------------------**------",PDCD10|ENSG00000114209.14_3,ENST00000470131.5_2;ENST00000473645.6_2;ENST00000481136.1_1;ENST00000497056.6_2,5UTR
chr3,169814261,169814263,canonical/G3L1-7,13,-,chr3:169814262-169814283:-,False,"            5'- GGGGGTGGGTTCAGGGGAGGGTTGCTACTGG -3'
       rG4seq-K --------------------**---------",PHC3|ENSG00000173889.15_4,ENST00000484068.5_1;ENST00000494943.5_1;ENST00000495893.6_1,3UTR
chr3,176914967,176914970,bulges,20,-,chr3:176914970-176915005:-,False,"            5'- GGTGGTTGGAGGCGGTGGCGGCGGCGGCGAGGAGGGGAATTTCCT -3'
       rG4seq-K -----------------------------------***-------",TBL1XR1|ENSG00000177565.16_3,ENST00000352800.9_1;ENST00000413084.5_1;ENST00000422066.5_1;ENST00000422442.5_1;ENST00000427349.5_1;ENST00000431421.5_2;ENST00000431674.5_1;ENST00000450267.5_1;ENST00000457928.6_1;ENST00000626672.2_1;ENST00000627825.2_1;ENST00000635794.1_1;ENST00000636187.1_1;ENST00000637544.1_1,5UTR
chr3,182698284,182698286,bulges,52,-,chr3:182698285-182698319:-,False,"            5'- GCGGAGCCGGAGGAGGAGGGGAGAGGCCTGGAGGACACCAACAT -3'
       rG4seq-K ---------------------------------**---------",DCUN1D1|ENSG00000043093.13_5,ENST00000292782.8_2;ENST00000460412.5_1;ENST00000466812.1_1;ENST00000469954.5_2;ENST00000487822.5_1;ENST00000492563.1_1;ENST00000632685.1_2,5UTR
chr3,184429123,184429124,bulges,174,-,chr3:184429122-184429154:-,False,"            5'- GGAGGAGGAGGAGGAGGAGGATCTGGGAGGAGATGGCCCCAG -3'
       rG4seq-K ------------------------------*-----------",MAGEF1|ENSG00000177383.4_3,ENST00000317897.4_1,CDS
chr3,184429133,184429134,two-quartet,87,-,chr3:184429134-184429154:-,False,"            5'- GGAGGAGGAGGAGGAGGAGGATCTGGGAGG -3'
       rG4seq-K --------------------*---------",MAGEF1|ENSG00000177383.4_3,ENST00000317897.4_1,CDS
chr3,185135529,185135530,potential G-triplex & G>=40%,63,-,chr3:185135529-185135589:-,False,"            5'- GAAGCTAAACCCATATGCAAAGACCATGCGCCGGAACACCATTCTTCGCCAGGCCAGGAATCACAAGCTC -3'
       rG4seq-K -----------------------------------------------------------*----------",RPL4P4|ENSG00000229638.1_4,ENST00000422486.1_1,non_coding
chr3,185637255,185637256,potential G-quadruplex & G>=40%,693,-,chr3:185637255-185637315:-,False,"            5'- TGCGTGTTGTGTTGCCTTTCTGTCTTCACAGAGGAGGAGGTGGAGGAGGAGGAGGATGGAGAGCTGCCCA -3'
       rG4seq-K -----------------------------------------------------------*----------",TRA2B|ENSG00000136527.17_3,ENST00000259043.11_1;ENST00000382191.4_2;ENST00000414862.5_1;ENST00000453386.6_2;ENST00000456380.5_1;ENST00000463328.5_1;ENST00000466832.5_1;ENST00000487615.5_1;ENST00000492417.5_1,3UTR;CDS
chr3,185637259,185637263,bulges,315,-,"chr3:185638891-185638892:-,chr3:185637260-185637284:-",True,"            5'- GAGGAGGAGGTGGAGGAGGAGGAGGATGGAGAGCT -3'
       rG4seq-K ----------------------*-**---------",TRA2B|ENSG00000136527.17_3,ENST00000259043.11_1;ENST00000382191.4_2;ENST00000414862.5_1;ENST00000453386.6_2;ENST00000456380.5_1;ENST00000463328.5_1;ENST00000466832.5_1;ENST00000487615.5_1;ENST00000492417.5_1,3UTR;CDS
chr3,185766232,185766234,canonical/G3L1-7,40,-,chr3:185766233-185766255:-,False,"            5'- GGGGAGTGGGAACAGGGAGGGGCAGAAAACCA -3'
       rG4seq-K ---------------------**---------",ETV5|ENSG00000244405.7_3,ENST00000306376.9_1;ENST00000434744.5_1,3UTR
chr3,187440083,187440086,canonical/G3L1-7,73,-,chr3:187440084-187440112:-,False,"            5'- GGGGGTGGTGGGGGTCGGGGCCTGGGGGACTGGGAGCC -3'
       rG4seq-K --------------------------***---------",BCL6|ENSG00000113916.17_3,ENST00000406870.6_1;ENST00000419510.6_1;ENST00000621333.4_1,3UTR
chr3,187440092,187440093,canonical/G3L1-7,10,-,chr3:187440092-187440119:-,False,"            5'- GGGGGTTGGGGGTGGTGGGGGTCGGGGCCTGGGGGAC -3'
       rG4seq-K --------------------------*----------",BCL6|ENSG00000113916.17_3,ENST00000406870.6_1;ENST00000419510.6_1;ENST00000621333.4_1,3UTR
chr3,187454911,187454912,canonical/G3L1-7,46,-,chr3:187454912-187454935:-,False,"            5'- GGGTGCGGGGAGATTGGGATGGGAAGTCCAGGT -3'
       rG4seq-K -----------------------*---------",BCL6|ENSG00000113916.17_3,ENST00000406870.6_1;ENST00000438077.1_1;ENST00000470319.1_1;ENST00000480458.5_1;ENST00000496823.1_1;ENST00000621333.4_1,non_coding
chr3,194123720,194123722,potential G-quadruplex & G>=40%,138,-,chr3:194123720-194123780:-,False,"            5'- AAAATAGGTTTTTGTATATTTATGGTGGGAGGTGGTTGGGAACTTTTAACAAAATGGGGTGTTAATTTTT -3'
       rG4seq-K ----------------------------------------------------------**----------",ATP13A3|ENSG00000133657.15_4,ENST00000256031.8_2;ENST00000439040.5_2;ENST00000619199.4_1;ENST00000642744.1_1;ENST00000645319.1_1;ENST00000645538.1_1;ENST00000645621.1_1,3UTR
chr3,194789414,194789415,bulges,44,-,chr3:194789414-194789434:-,False,"            5'- GGGAGGCTGAAGTGGGAGGGTGGCTTGAGT -3'
       rG4seq-K -------------------*----------",XXYLT1|ENSG00000173950.15_3,ENST00000310380.10_1;ENST00000437101.5_1,3UTR
chr3,195776936,195776937,two-quartet,946,-,chr3:195776937-195776959:-,False,"            5'- GGTTTGGGGGCTGTGGGGAAGGAGAGTCCCCT -3'
       rG4seq-K ----------------------*---------",TFRC|ENSG00000072274.12_2,ENST00000360110.8_2;ENST00000392396.7_2;ENST00000420415.5_2;ENST00000426789.5_1,3UTR
chr3,196074693,196074694,canonical/G3L1-7,44,-,chr3:196074694-196074719:-,False,"            5'- GGGGTGGGGGAGGGAAGGGAGTGGGACGATAAGTC -3'
       rG4seq-K -------------------------*---------",UBXN7|ENSG00000163960.11_2,ENST00000296328.8_1,3UTR
chr3,196074699,196074700,canonical/G3L1-7,27,-,chr3:196074700-196074729:-,False,"            5'- GGGGGACAATGGGGTGGGGGAGGGAAGGGAGTGGGACGA -3'
       rG4seq-K -----------------------------*---------",UBXN7|ENSG00000163960.11_2,ENST00000296328.8_1,3UTR
chr3,196075512,196075515,canonical/G3L1-7,39,-,chr3:196075513-196075537:-,False,"            5'- GGGATGATGAGGGTGGGTTGGGGGCTTGAGTGAA -3'
       rG4seq-K ----------------------***---------",UBXN7|ENSG00000163960.11_2,ENST00000296328.8_1,3UTR
chr3,196075519,196075521,canonical/G3L1-7,8,-,chr3:196075520-196075545:-,False,"            5'- GGGGGATAGGGATGATGAGGGTGGGTTGGGGGCTT -3'
       rG4seq-K ------------------------**---------",UBXN7|ENSG00000163960.11_2,ENST00000296328.8_1,3UTR
chr3,197238708,197238709,bulges,80,-,chr3:197238709-197238732:-,False,"            5'- GGTGGAAGGGGAGGGGAGGGAGGAACCCATATA -3'
       rG4seq-K -----------------------*---------",BDH1|ENSG00000161267.11_3,ENST00000358186.6_1;ENST00000392378.6_1;ENST00000392379.5_1;ENST00000441275.5_1,3UTR
chr3,197238711,197238713,bulges,41,-,chr3:197238709-197238732:-,False,"            5'- GGTGGAAGGGGAGGGGAGGGAGGAACCCATATA -3'
       rG4seq-K -------------------**------------",BDH1|ENSG00000161267.11_3,ENST00000358186.6_1;ENST00000392378.6_1;ENST00000392379.5_1;ENST00000441275.5_1,3UTR
chr3,197399274,197399276,bulges,11,-,chr3:197399275-197399299:-,False,"            5'- GGGGGGAAGTGGGTAGAGGATGGGATGTTTTGGA -3'
       rG4seq-K -----------------------**---------",RUBCN|ENSG00000145016.15_4,ENST00000273582.9_3,3UTR
chr4,1333006,1333008,canonical/G3L1-7,362,+,chr4:1332983-1333007:+,False,"            5'- GGGGACGGGCTGCAGTGGGCGGGGAGGCCACGCC -3'
       rG4seq-K -----------------------**---------",MAEA|ENSG00000090316.15_3,ENST00000264750.10_1;ENST00000303400.8_2;ENST00000503162.1_1;ENST00000505839.1_1;ENST00000506530.5_1;ENST00000510794.5_1;ENST00000512289.5_1;ENST00000514708.5_1;ENST00000515766.1_1,3UTR
chr4,1982108,1982109,longloop,52,+,chr4:1982083-1982108:+,False,"            5'- GGGGCTGCTTGTCTGGGAGGGAGGGAGAGAACATT -3'
       rG4seq-K -------------------------*---------",NSD2|ENSG00000109685.17_3,ENST00000312087.10_2;ENST00000353275.9_2;ENST00000382891.9_2;ENST00000382892.6_2;ENST00000382895.7_2,3UTR
chr4,6623112,6623113,bulges,28,+,chr4:6623082-6623113:+,False,"            5'- GGAAAAGCAGTGCGGAGGGATGGGACTGGGGAGTCAGCTGC -3'
       rG4seq-K ------------------------------*----------",MAN2B2|ENSG00000013288.8_3,ENST00000285599.7_2;ENST00000505907.1_2,3UTR
chr4,6695601,6695604,potential G-triplex & G>=40%,351,+,chr4:6695544-6695604:+,False,"            5'- GTCCCACCCTCTGTGTCAATATGAGGCTGCCTTATAAAGCACCAAGAGGCTGCCAGTGGGACATTTTCTC -3'
       rG4seq-K ---------------------------------------------------------***----------",S100P|ENSG00000163993.6_2,ENST00000296370.3_1,5UTR
chr4,6882652,6882653,two-quartet,18,+,chr4:6882633-6882653:+,False,"            5'- GGCGGAGGCGAGTGGGTGGGCCCTAGTGAA -3'
       rG4seq-K -------------------*----------",KIAA0232|ENSG00000170871.11_2,ENST00000307659.5_1;ENST00000425103.5_1,CDS
chr4,6883729,6883731,bulges,14,+,chr4:6883712-6883730:+,False,"            5'- GTGGTGGGTTGGGGCGGGTAGAGTCATG -3'
       rG4seq-K -----------------**---------",KIAA0232|ENSG00000170871.11_2,ENST00000307659.5_1;ENST00000425103.5_1,3UTR
chr4,13338837,13338838,G>=40%,142,+,chr4:13338778-13338838:+,False,"            5'- TGATGGTAAGGCAGAGGAAGAGAAAGGTGAGAAAGAAGAGGAAAATAAAGATGACGAAGAAAAGCCCAAG -3'
       rG4seq-K -----------------------------------------------------------*----------",HSP90AB2P|ENSG00000205940.8_2,ENST00000507090.2_1;ENST00000602906.1_1,non_coding
chr4,17626381,17626383,bulges,10,+,chr4:17626363-17626383:+,False,"            5'- GTGGTGGGGGTGGGGAGGGGCTGCAGGGTG -3'
       rG4seq-K ------------------**----------",MED28|ENSG00000118579.12_3,ENST00000237380.11_1;ENST00000503945.2_1,3UTR
chr4,17626391,17626392,canonical/G3L1-7,22,+,chr4:17626368-17626391:+,False,"            5'- GGGGGTGGGGAGGGGCTGCAGGGTGATCATTGG -3'
       rG4seq-K -----------------------*---------",MED28|ENSG00000118579.12_3,ENST00000237380.11_1;ENST00000503945.2_1,3UTR
chr4,17634423,17634424,bulges,22,+,chr4:17634400-17634423:+,False,"            5'- GTAAAGGATGGGGCTGGGGAGGGAGTACCTAAT -3'
       rG4seq-K -----------------------*---------",MED28|ENSG00000118579.12_3,ENST00000237380.11_1,3UTR
chr4,25915854,25915856,potential G-triplex & G>=40%,11,+,chr4:25915796-25915856:+,False,"            5'- CCTCCTCGTCCCTCCCTCAAGGCCCGGAAGCGAAAGCCTCTCCACCTCTTCCGAGCGGGGTCACGGCCCG -3'
       rG4seq-K ----------------------------------------------------------**----------",SMIM20|ENSG00000250317.8_2,ENST00000506197.2_1;ENST00000515764.2_1;ENST00000614775.4_1,5UTR;CDS
chr4,39699920,39699924,bulges,86,+,chr4:39699881-39699922:+,False,"            5'- GGCGGCGGTGGCGGTGGTCGTAGCGGTGGCGGAGGAGGCGGGTACGAATCA -3'
       rG4seq-K ---------------------------------------*-**--------",UBE2K|ENSG00000078140.13_3,ENST00000261427.9_1;ENST00000438068.6_1;ENST00000445950.2_1;ENST00000503368.5_1;ENST00000510934.5_3;ENST00000513231.5_1,5UTR
chr4,39784245,39784247,potential G-quadruplex & G>=40%,25,+,chr4:39784187-39784247:+,False,"            5'- TAACTTCCTGTAAGGGGAAAATGGGTGGGTTACCAGAAATACCATTGAAGCAGGGTGGGCTGTGGGGTGG -3'
       rG4seq-K ----------------------------------------------------------**----------",UBE2K|ENSG00000078140.13_3,ENST00000261427.9_1,3UTR
chr4,39784255,39784258,two-quartet,45,+,chr4:39784239-39784257:+,False,"            5'- GGGTGGGCTGTGGGGTGGAAGGTTGGGG -3'
       rG4seq-K ----------------***---------",UBE2K|ENSG00000078140.13_3,ENST00000261427.9_1,3UTR
chr4,39784265,39784268,longloop,93,+,chr4:39784239-39784267:+,False,"            5'- GGGTGGGCTGTGGGGTGGAAGGTTGGGGTATTTGTCTT -3'
       rG4seq-K --------------------------***---------",UBE2K|ENSG00000078140.13_3,ENST00000261427.9_1,3UTR
chr4,41957286,41957290,longloop,77,+,chr4:41957258-41957289:+,False,"            5'- GGGAATGGGGTAGGGGGAGGAGTTGTGGGGGAATAATGTGC -3'
       rG4seq-K ----------------------------****---------",TMEM33|ENSG00000109133.12_2,ENST00000325094.9_1;ENST00000504986.5_1,3UTR
chr4,48424634,48424636,bulges,39,+,chr4:48424610-48424635:+,False,"            5'- GGGGGTGGGAGGAAAGAAACCTGGGCTAGAGATTA -3'
       rG4seq-K ------------------------**---------",SLAIN2|ENSG00000109171.14_2,ENST00000264313.10_1;ENST00000512093.5_1,3UTR
chr4,48833460,48833462,bulges,37,+,chr4:48833423-48833461:+,False,"            5'- GGGAGGCGACGGAGTGCTTCTGGGGGTGTGAGCTGGGGAAGTTCGTGG -3'
       rG4seq-K -------------------------------------**---------",OCIAD1|ENSG00000109180.14_4,ENST00000264312.11_2;ENST00000381473.7_2;ENST00000396448.6_2;ENST00000425583.6_2;ENST00000444354.6_2;ENST00000503016.5_2;ENST00000504654.5_1;ENST00000505922.6_1;ENST00000506801.5_1;ENST00000507210.5_1;ENST00000507546.5_1;ENST00000508293.5_2;ENST00000508996.5_1;ENST00000509122.5_1;ENST00000509164.5_1;ENST00000509246.5_1;ENST00000509664.5_1;ENST00000509963.5_2;ENST00000510824.5_2;ENST00000511102.5_1;ENST00000511662.5_1;ENST00000512236.5_1;ENST00000512981.5_1;ENST00000513391.2_3;ENST00000513641.5_1;ENST00000514981.5_1,5UTR
chr4,53579039,53579040,longloop,175,+,chr4:53579012-53579039:+,False,"            5'- GGGTTTCGGGCGGGCCACGCGTGCGGGACAGGAACCC -3'
       rG4seq-K ---------------------------*---------",DANCR|ENSG00000226950.6_4,ENST00000411630.6_2;ENST00000425653.1_1;ENST00000441504.1_1;ENST00000444958.1_1,non_coding
chr4,54243965,54243968,longloop,36,+,chr4:54243933-54243967:+,False,"            5'- GGGGCTGCGAGGCTGGGGAAGGGGTTGGAGGGGGCTGTTGATCG -3'
       rG4seq-K --------------------------------***---------",FIP1L1|ENSG00000145216.15_5,ENST00000306932.10_1;ENST00000337488.10_3;ENST00000358575.9_3;ENST00000507922.5_1;ENST00000511376.5_1,5UTR
chr4,54244061,54244063,two-quartet,32,+,chr4:54244037-54244063:+,False,"            5'- GGAGCTGAGCGGCGGGACCGGAGGGGATGAGGAGGA -3'
       rG4seq-K ------------------------**----------",AC058822.1|ENSG00000282278.1_6;FIP1L1|ENSG00000145216.15_5,ENST00000306932.10_1;ENST00000337488.10_3;ENST00000358575.9_3;ENST00000505125.5_1;ENST00000507166.5_1;ENST00000507922.5_1;ENST00000511376.5_1;ENST00000513975.5_1,CDS
chr4,57333825,57333827,bulges,395,+,chr4:57333803-57333828:+,False,"            5'- GGCGAGCGGCGGCAGCGGGGGGGTGTCAGTACCTG -3'
       rG4seq-K ----------------------**-----------",SRP72|ENSG00000174780.16_4,ENST00000342756.10_2;ENST00000504757.2_1;ENST00000510663.6_2;ENST00000642900.1_1,CDS
chr4,71554632,71554633,bulges,13,+,chr4:71554599-71554634:+,False,"            5'- GTGGAGACGAGGAGGATGGCGAGGAGGAGGAGGAGGAGGTGCTAG -3'
       rG4seq-K ---------------------------------*-----------",UTP3|ENSG00000132467.3_2,ENST00000254803.3_1,CDS
chr4,71554635,71554636,bulges,22,+,chr4:71554599-71554637:+,False,"            5'- GTGGAGACGAGGAGGATGGCGAGGAGGAGGAGGAGGAGGTGCTAGCCC -3'
       rG4seq-K ------------------------------------*-----------",UTP3|ENSG00000132467.3_2,ENST00000254803.3_1,CDS
chr4,71554638,71554639,bulges,42,+,chr4:71554607-71554640:+,False,"            5'- GAGGAGGATGGCGAGGAGGAGGAGGAGGAGGTGCTAGCCCTAG -3'
       rG4seq-K -------------------------------*-----------",UTP3|ENSG00000132467.3_2,ENST00000254803.3_1,CDS
chr4,71554707,71554708,bulges,59,+,chr4:71554676-71554709:+,False,"            5'- GGAGGGAATGCGGGGGAGGAGGAGGAGGAGGAGAATGCCGATG -3'
       rG4seq-K -------------------------------*-----------",UTP3|ENSG00000132467.3_2,ENST00000254803.3_1,CDS
chr4,71554884,71554885,bulges,28,+,chr4:71554849-71554887:+,False,"            5'- GGAGGCAGAGGAGGAGGAAAGAGAGGAGGAGGAGGAGGCACAGATCAT -3'
       rG4seq-K -----------------------------------*------------",UTP3|ENSG00000132467.3_2,ENST00000254803.3_1,CDS
chr4,71554887,71554888,bulges,44,+,chr4:71554849-71554887:+,False,"            5'- GGAGGCAGAGGAGGAGGAAAGAGAGGAGGAGGAGGAGGCACAGATCAT -3'
       rG4seq-K --------------------------------------*---------",UTP3|ENSG00000132467.3_2,ENST00000254803.3_1,CDS
chr4,76649945,76649947,longloop,61,+,chr4:76649913-76649947:+,False,"            5'- GGGATTGGGGCCCAGGCCCTGCGGAGGGCGGGGGAAGTTGTCTT -3'
       rG4seq-K --------------------------------**----------",USO1|ENSG00000138768.14_4,ENST00000264904.8_4;ENST00000514213.6_4,5UTR
chr4,88059864,88059866,two-quartet,38,+,chr4:88059848-88059865:+,False,"            5'- GGTGAGGAGTGGGAGGGCCCAGCAAGC -3'
       rG4seq-K ----------------**---------",AFF1|ENSG00000172493.20_3,ENST00000307808.10_1;ENST00000395146.8_1,3UTR
chr4,88363034,88363035,canonical/G3L1-7,61,+,chr4:88363007-88363034:+,False,"            5'- GGGCCGGGGGCTTTTGGGGCGATGGGGCCCAAATCAC -3'
       rG4seq-K ---------------------------*---------",NUDT9|ENSG00000170502.12_3,ENST00000302174.8_2;ENST00000440591.6_1;ENST00000473942.5_2;ENST00000502933.1_1;ENST00000512216.5_1;ENST00000515371.1_1,CDS
chr4,95587001,95587003,bulges,97,+,chr4:95586978-95587002:+,False,"            5'- GAGGTTGGGTAGTGTTGGGAGGGGAGTTTAATTA -3'
       rG4seq-K -----------------------**---------",PDLIM5|ENSG00000163110.14_4,ENST00000317968.8_1;ENST00000437932.5_1;ENST00000503974.5_1;ENST00000615540.4_2,3UTR
chr4,106768468,106768469,canonical/G3L1-7,21,+,chr4:106768447-106768469:+,False,"            5'- GGGCAGTATGGGTGGGGGTGGGAGACATATTG -3'
       rG4seq-K ---------------------*----------",GSTCD|ENSG00000138780.14_4,ENST00000394730.7_3;ENST00000515279.5_3,3UTR
chr4,107269907,107269908,bulges,27,+,chr4:107269887-107269908:+,False,"            5'- GGGAGTGTGGATAGGGGAGGGCTGGTAGCTA -3'
       rG4seq-K --------------------*----------",AIMP1|ENSG00000164022.16_2,ENST00000394701.4_1;ENST00000442366.5_1,3UTR
chr4,108833156,108833158,bulges,32,+,chr4:108833128-108833157:+,False,"            5'- GGGGCAGAGGGTGGAGAGGCCAATGCGGGTAGAAGGAGG -3'
       rG4seq-K ----------------------------**---------",SGMS2|ENSG00000164023.14_3,ENST00000394684.8_1,3UTR
chr4,110737435,110737437,bulges,27,+,chr4:110737408-110737436:+,False,"            5'- GAGGTGGAGGCGGCGGTGGAGGCGGCGGCAATTTCAGA -3'
       rG4seq-K ---------------------------**---------",GAR1|ENSG00000109534.16_2,ENST00000226796.6_1;ENST00000394631.7_1;ENST00000503671.2_1;ENST00000506840.5_1,CDS
chr4,110745155,110745159,bulges,72,+,"chr4:110743640-110743644:+,chr4:110745120-110745154:+",True,"            5'- GGCGGTGGTTTTAGAGGTGGAAGAGGAGGTGGAGGTGGGGGCTTCAGA -3'
       rG4seq-K ---------------------------------------****-----",GAR1|ENSG00000109534.16_2,ENST00000226796.6_1;ENST00000394631.7_1;ENST00000506840.5_1,CDS
chr4,110745580,110745581,bulges,222,+,"chr4:110745162-110745189:+,chr4:110745573-110745580:+",True,"            5'- GAGGAGGAAGAGGTGGTGGTTTCAGAGGGAGAGGACATTAAGTG -3'
       rG4seq-K ----------------------------------*---------",GAR1|ENSG00000109534.16_2,ENST00000226796.6_1;ENST00000394631.7_1,CDS
chr4,119632041,119632043,bulges,26,+,chr4:119632016-119632042:+,False,"            5'- GGGGAGGTGGAGATTCCAGGGGTGGGTGAAAGAAGA -3'
       rG4seq-K -------------------------**---------",METTL14|ENSG00000145388.14_2,ENST00000388822.9_1;ENST00000628452.2_1,3UTR
chr4,123815649,123815651,bulges,67,+,chr4:123815630-123815650:+,False,"            5'- GGGAGGCTGAGGTGGGAGGGTTGATCACTT -3'
       rG4seq-K -------------------**---------",FGF2|ENSG00000138685.15_5,ENST00000264498.7_1;ENST00000608478.1_2;ENST00000644866.2_2,3UTR
chr4,153831461,153831462,two-quartet,62,+,chr4:153831445-153831462:+,False,"            5'- GGGGGAAGTGGGAGGGGTGACAAGCAT -3'
       rG4seq-K ----------------*----------",ARFIP1|ENSG00000164144.15_4,ENST00000353617.6_2;ENST00000405727.6_2;ENST00000429148.6_1;ENST00000451320.6_2;ENST00000514499.1_1,3UTR
chr4,177253232,177253236,bulges,96,+,chr4:177253216-177253235:+,False,"            5'- GGGGGTGGGATGGGGGAGGTTAGTTACAC -3'
       rG4seq-K ----------------*-**---------",SPCS3|ENSG00000129128.12_2,ENST00000503362.1_1,3UTR
chr4,184237839,184237840,potential G-quadruplex & G>=40%,100,+,chr4:184237780-184237840:+,False,"            5'- GAGCTGGAGGGGTGGAGGGAAATGCATCGGCACTCATTTGGTGTAACCAAGAAGAGGGGGAAAGATGTCT -3'
       rG4seq-K -----------------------------------------------------------*----------",WWC2|ENSG00000151718.15_3,ENST00000403733.7_2;ENST00000427431.5_1;ENST00000448232.6_2;ENST00000504005.5_1;ENST00000513834.5_2,3UTR
chr4,184238003,184238004,potential G-quadruplex & G>=40%,120,+,chr4:184237944-184238004:+,False,"            5'- GTTCTATCTATAATTTATGGTAAATAGTTGGGAGGCAAAGGGAAGAATGTGTGTGGGGGGATTATTAATT -3'
       rG4seq-K -----------------------------------------------------------*----------",WWC2|ENSG00000151718.15_3,ENST00000403733.7_2;ENST00000427431.5_1;ENST00000448232.6_2;ENST00000504005.5_1;ENST00000513834.5_2,3UTR
chr4,1205891,1205892,bulges,104,-,chr4:1205890-1205914:-,False,"            5'- GGGCTGTCAGGAGGCGGGAGGGGGCAGCGCTGGG -3'
       rG4seq-K ----------------------*-----------",CTBP1|ENSG00000159692.15_4,ENST00000290921.10_3;ENST00000382952.7_3;ENST00000503594.5_1;ENST00000514596.1_1,3UTR
chr4,1717771,1717773,longloop,100,-,chr4:1717772-1717802:-,False,"            5'- GGGCTGCCAAAGAGGGGCAGTGGGTTGGGGTTGTTTTTAC -3'
       rG4seq-K -----------------------------**---------",TMEM129|ENSG00000168936.10_2,ENST00000303277.6_1;ENST00000382936.7_1,3UTR
chr4,2743756,2743757,two-quartet,53,-,chr4:2743757-2743785:-,False,"            5'- GGAGGCTGGAGGTGGAGATGGGGTCAGGAACATCTGGC -3'
       rG4seq-K ----------------------------*---------",TNIP2|ENSG00000168884.14_4,ENST00000315423.11_4;ENST00000503235.1_1;ENST00000510267.5_4,3UTR
chr4,2743761,2743763,two-quartet,38,-,chr4:2743762-2743789:-,False,"            5'- GGCTGGAGGCTGGAGGTGGAGATGGGGTCAGGAACAT -3'
       rG4seq-K --------------------------**---------",TNIP2|ENSG00000168884.14_4,ENST00000315423.11_4;ENST00000503235.1_1;ENST00000510267.5_4,3UTR
chr4,5862764,5862765,longloop,20,-,chr4:5862765-5862792:-,False,"            5'- GGGACCAGGGCGGCACTGGTGGGCGGGACCACGATGA -3'
       rG4seq-K ---------------------------*---------",CRMP1|ENSG00000072832.14_3,ENST00000324989.11_2;ENST00000397890.6_2;ENST00000506216.5_1;ENST00000511535.1_1;ENST00000512574.1_1,CDS
chr4,7062568,7062570,potential G-quadruplex & G>=40%,152,-,chr4:7062568-7062628:-,False,"            5'- TCTGAGACCCGCCCTGGTGGGGGTGGTGAAGGAAGCTTAGCTGCTGTTGATGGGGTGGGTGTTTTTAAAC -3'
       rG4seq-K ----------------------------------------------------------**----------",GRPEL1|ENSG00000109519.12_2,ENST00000264954.4_1;ENST00000504920.5_1;ENST00000509696.5_1,3UTR;CDS
chr4,7968589,7968590,canonical/G3L1-7,16,-,chr4:7968588-7968606:-,False,"            5'- GGGGTGGGCGGGAGGGGGTCCCCCAGCA -3'
       rG4seq-K ----------------*-----------",ABLIM2|ENSG00000163995.19_4,ENST00000341937.9_1;ENST00000361581.9_1;ENST00000361737.9_2;ENST00000407564.7_2;ENST00000447017.6_1;ENST00000509819.1_1;ENST00000512594.5_1;ENST00000514025.5_1,3UTR
chr4,17802451,17802453,two-quartet,46,-,chr4:17802452-17802472:-,False,"            5'- GGAGGTGGGAGGAGGTAGGGAAGAGGTCTG -3'
       rG4seq-K -------------------**---------",DCAF16|ENSG00000163257.10_2,ENST00000382247.5_1,3UTR
chr4,17804108,17804109,two-quartet,45,-,chr4:17804109-17804133:-,False,"            5'- GGAAGGGGGCGGGGAGGCAGGAGGAGTGCAGTTT -3'
       rG4seq-K ------------------------*---------",DCAF16|ENSG00000163257.10_2,ENST00000382247.5_1,3UTR
chr4,24586103,24586107,longloop,214,-,chr4:24586104-24586131:-,False,"            5'- GGGCTGTAGTAGCGGGAGGGGTGGGGGTCCTCCAGAG -3'
       rG4seq-K ------------------------****---------",DHX15|ENSG00000109606.12_2,ENST00000336812.4_1;ENST00000513092.1_1,5UTR
chr4,25160611,25160612,bulges,19,-,chr4:25160612-25160642:-,False,"            5'- GGCAATTGTGGTGTGGGAGAAAGGGAAGGGAGAGTGGCAT -3'
       rG4seq-K ------------------------------*---------",SEPSECS|ENSG00000109618.11_2,ENST00000358971.7_1;ENST00000382103.6_1;ENST00000513285.1_1;ENST00000514585.5_1,3UTR;CDS
chr4,39528987,39528988,potential G-quadruplex & G>=40%,79,-,chr4:39528987-39529047:-,False,"            5'- GCAGCCTGAGGGAGGGGCGTGCGCCGAGAGGGAGCTCAGATCGAGCGGGGCGCGGGTGGAGAAGCTGCGG -3'
       rG4seq-K -----------------------------------------------------------*----------",UGDH|ENSG00000109814.11_3,ENST00000316423.10_1;ENST00000501493.6_1;ENST00000503779.5_1;ENST00000505698.1_1;ENST00000507089.5_1;ENST00000509391.1_3;ENST00000510490.1_3;ENST00000510881.5_1;ENST00000514106.5_3;ENST00000515021.5_3;ENST00000515398.1_1,5UTR
chr4,39824867,39824868,potential G-quadruplex & G>=40%,76,-,chr4:39824867-39824927:-,False,"            5'- TGTCTGGCACTAAGGGAAGCAAGAGTAGGGTTGTGGAAAGACCAAGCTGATGGGGAGGGACTTGTTTACG -3'
       rG4seq-K -----------------------------------------------------------*----------",PDS5A|ENSG00000121892.14_3,ENST00000303538.12_1,3UTR
chr4,69202890,69202891,bulges,67,-,chr4:69202891-69202932:-,False,"            5'- GGAGGAAGAGGAGGAGGAGGAAGAGGAGGAGGAGGAGGAGGAAGAAGAAGA -3'
       rG4seq-K -----------------------------------------*---------",YTHDC1|ENSG00000083896.12_3,ENST00000344157.8_1;ENST00000355665.7_1;ENST00000579690.5_2,CDS
chr4,69202995,69202996,potential G-quadruplex & G>=40%,57,-,chr4:69202995-69203055:-,False,"            5'- TGATGAGCAAGGGAACAACACTGAGAATGAGGAGGAAGGAGTGGAAGAAGATGTGGAGGAAGATGAAGAA -3'
       rG4seq-K -----------------------------------------------------------*----------",YTHDC1|ENSG00000083896.12_3,ENST00000344157.8_1;ENST00000355665.7_1;ENST00000579690.5_2,CDS
chr4,76569473,76569474,two-quartet,257,-,chr4:76569474-76569491:-,False,"            5'- GGGGAGAGGGAAGGAGGAAGTCAGTTA -3'
       rG4seq-K -----------------*---------",G3BP2|ENSG00000138757.14_2,ENST00000359707.8_1;ENST00000395719.7_1,3UTR
chr4,76569480,76569481,longloop,172,-,chr4:76569481-76569518:-,False,"            5'- GGGAGGGAGGGAGTCCTGTGTGTTTGTGGGGAGAGGGAAGGAGGAAG -3'
       rG4seq-K -------------------------------------*---------",G3BP2|ENSG00000138757.14_2,ENST00000359707.8_1;ENST00000395719.7_1,3UTR
chr4,76569486,76569489,potential G-quadruplex & G>=40%,85,-,chr4:76569486-76569546:-,False,"            5'- CTTCAGTTAACAACTTTGTGTTCTCTGTGGGAGGGAGGGAGTCCTGTGTGTTTGTGGGGAGAGGGAAGGA -3'
       rG4seq-K ---------------------------------------------------------***----------",G3BP2|ENSG00000138757.14_2,ENST00000359707.8_1;ENST00000395719.7_1,3UTR
chr4,77082228,77082231,canonical/G3L1-7,97,-,chr4:77082229-77082249:-,False,"            5'- GGGAAAGGGGTTGGGTGGGGCAATACCCAT -3'
       rG4seq-K ------------------***---------",SCARB2|ENSG00000138760.9_3,ENST00000264896.7_2;ENST00000638295.1_1;ENST00000638603.1_1;ENST00000638680.1_1;ENST00000639145.1_1;ENST00000639300.1_1;ENST00000639715.1_1;ENST00000639738.1_1;ENST00000640341.1_1;ENST00000640640.1_1,3UTR
chr4,77996628,77996629,bulges,118,-,chr4:77996627-77996655:-,False,"            5'- GGAGGAGGAGGAGGAGGAAGAGGAGGAGAAGAATGTTT -3'
       rG4seq-K --------------------------*-----------",CCNI|ENSG00000118816.9_4,ENST00000237654.8_1;ENST00000507788.1_3;ENST00000511943.5_1;ENST00000515790.1_1,5UTR;CDS
chr4,83294634,83294637,bulges,580,-,"chr4:83294777-83294813:-,chr4:83294638-83294639:-",True,"            5'- GGCGGGGACGGGGCGGCGGCAGCGGCAACGGCGGCGGGGGCGAAGAT -3'
       rG4seq-K --------------------------------------***------",HNRNPD|ENSG00000138668.18_4,ENST00000313899.11_1;ENST00000352301.8_2;ENST00000353341.8_2;ENST00000503822.1_2;ENST00000507010.5_1;ENST00000509107.1_1;ENST00000513584.1_1;ENST00000515432.1_1,CDS
chr4,83294654,83294657,two-quartet,426,-,chr4:83294655-83294672:-,False,"            5'- GGAGGCACCGAAGGGGGCAGCGCCGAG -3'
       rG4seq-K ---------------***---------",HNRNPD|ENSG00000138668.18_4,ENST00000313899.11_1;ENST00000352301.8_2;ENST00000353341.8_2;ENST00000503822.1_2;ENST00000507010.5_1;ENST00000509107.1_1;ENST00000513584.1_1;ENST00000515432.1_1,CDS
chr4,83294684,83294686,bulges,158,-,chr4:83294685-83294709:-,False,"            5'- GGGAAGCGGAGCCGGGACCGGGGGCGGAACCGCG -3'
       rG4seq-K -----------------------**---------",HNRNPD|ENSG00000138668.18_4,ENST00000313899.11_1;ENST00000352301.8_2;ENST00000353341.8_2;ENST00000503822.1_2;ENST00000507010.5_1;ENST00000509107.1_1;ENST00000513584.1_1;ENST00000515432.1_1,CDS
chr4,83294706,83294707,two-quartet,84,-,chr4:83294706-83294736:-,False,"            5'- GGCGACACAGGGGGCAGCGGCGGCGGCGGGAAGCGGAGCC -3'
       rG4seq-K -----------------------------*----------",HNRNPD|ENSG00000138668.18_4,ENST00000313899.11_1;ENST00000352301.8_2;ENST00000353341.8_2;ENST00000503822.1_2;ENST00000507010.5_1;ENST00000509107.1_1;ENST00000513584.1_1;ENST00000515432.1_1,CDS
chr4,83294905,83294908,bulges,1063,-,chr4:83294908-83294937:-,False,"            5'- GAGGTAGAGCGGGCGCGCGGCAGCGGCGGGGATTACTTT -3'
       rG4seq-K -----------------------------***-------",HNRNPD|ENSG00000138668.18_4,ENST00000313899.11_1;ENST00000352301.8_2;ENST00000353341.8_2;ENST00000503822.1_2;ENST00000507010.5_1;ENST00000509107.1_1;ENST00000513584.1_1;ENST00000515432.1_1,5UTR
chr4,83294993,83294994,bulges,188,-,chr4:83294994-83295019:-,False,"            5'- GGGAGGCGAAGGGGGCAGGCCAGGGAGAGGCGCAG -3'
       rG4seq-K -------------------------*---------",HNRNPD|ENSG00000138668.18_4,ENST00000313899.11_1;ENST00000352301.8_2;ENST00000353341.8_2;ENST00000503822.1_2;ENST00000507010.5_1;ENST00000509107.1_1;ENST00000513584.1_1;ENST00000515432.1_1,5UTR
chr4,83552373,83552375,canonical/G3L1-7,40,-,chr4:83552373-83552394:-,False,"            5'- GGGAGGGGGCAGAGGGTGGGGAAGGAACGAG -3'
       rG4seq-K -------------------**----------",SCD5|ENSG00000145284.11_2,ENST00000319540.8_1,3UTR
chr4,83812295,83812297,bulges,142,-,chr4:83812294-83812323:-,False,"            5'- GGAGGAGGGGCGGCGGCGAATGCTGGGAGAGTCCGACGA -3'
       rG4seq-K --------------------------**-----------",SEC31A|ENSG00000138674.16_4,ENST00000311785.11_2;ENST00000355196.6_2;ENST00000395310.6_2;ENST00000436790.6_1;ENST00000443462.6_1;ENST00000448323.5_2;ENST00000503210.5_1;ENST00000505984.5_1;ENST00000506495.5_1;ENST00000507051.1_1;ENST00000507340.5_1;ENST00000507676.5_3;ENST00000507816.5_1;ENST00000507867.5_1;ENST00000508479.5_1;ENST00000508502.5_2;ENST00000509142.5_2;ENST00000510310.1_1;ENST00000511975.5_1;ENST00000513858.5_1,5UTR;CDS
chr4,83812306,83812307,two-quartet,35,-,chr4:83812307-83812338:-,False,"            5'- GGTGGCCCTGGCCGGGGAGGAGGGGCGGCGGCGAATGCTGG -3'
       rG4seq-K -------------------------------*---------",SEC31A|ENSG00000138674.16_4,ENST00000311785.11_2;ENST00000355196.6_2;ENST00000395310.6_2;ENST00000436790.6_1;ENST00000443462.6_1;ENST00000448323.5_2;ENST00000503210.5_1;ENST00000506495.5_1;ENST00000507051.1_1;ENST00000507340.5_1;ENST00000507676.5_3;ENST00000507816.5_1;ENST00000507867.5_1;ENST00000508502.5_2;ENST00000509142.5_2;ENST00000510310.1_1;ENST00000511975.5_1,5UTR
chr4,99993201,99993203,longloop,102,-,chr4:99993202-99993234:-,False,"            5'- GGGAAAGGGAAAGGAAGCAGGGCAGTGGTGGGTGTCTGAAAC -3'
       rG4seq-K -------------------------------**---------",ADH5|ENSG00000197894.10_5,ENST00000296412.12_1,3UTR
chr4,100871438,100871440,two-quartet,119,-,chr4:100871439-100871457:-,False,"            5'- GGGAGCAGGGAAGGCGGGAGACAGCGCA -3'
       rG4seq-K -----------------**---------",H2AFZ|ENSG00000164032.11_3,ENST00000296417.5_1;ENST00000511203.1_1;ENST00000511348.1_1;ENST00000529158.5_1,5UTR
chr4,103715739,103715740,two-quartet,14,-,chr4:103715739-103715754:-,False,"            5'- GGGCGGGGAGGGGGGTAACTCAGCC -3'
       rG4seq-K --------------*----------",UBE2D3|ENSG00000109332.19_5,ENST00000394804.6_1;ENST00000453744.6_1;ENST00000618836.4_1,3UTR
chr4,103717290,103717291,potential G-quadruplex & G>=40%,279,-,chr4:103717290-103717350:-,False,"            5'- AACAACATGGGAGTAATAATGGGTCAAAATTTGCAAAATAAAGTACTGTTTTGGTGTGGGAGTTGTCATG -3'
       rG4seq-K -----------------------------------------------------------*----------",UBE2D3|ENSG00000109332.19_5,ENST00000343106.9_1;ENST00000394801.8_1;ENST00000394803.9_1;ENST00000394804.6_1;ENST00000453744.6_1;ENST00000508474.5_1;ENST00000618836.4_1,3UTR
chr4,110632858,110632860,bulges,52,-,chr4:110632859-110632876:-,False,"            5'- GGGAGGTGGTGGGTGGGAAAGATTACA -3'
       rG4seq-K ----------------**---------",PLA2G12A|ENSG00000123739.10_3,ENST00000243501.9_1,3UTR
chr4,110970456,110970457,bulges,18,-,chr4:110970457-110970494:-,False,"            5'- GACTGGAAGAAATGGGGAGTGGGGGACAGTGCAGGGGAGGAAAGCTG -3'
       rG4seq-K -------------------------------------*---------",ELOVL6|ENSG00000170522.9_2,ENST00000394607.7_1,3UTR
chr4,111119580,111119584,longloop,69,-,chr4:111119581-111119609:-,False,"            5'- GGGGAAGACCTAGGGGGGTGGGTGGGGGAAGCAGACAG -3'
       rG4seq-K -------------------------****---------",ELOVL6|ENSG00000170522.9_2,ENST00000302274.7_1;ENST00000394607.7_1;ENST00000503885.1_1;ENST00000506461.1_1;ENST00000506625.5_1;ENST00000514184.5_1,5UTR
chr4,113152285,113152286,bulges,19,-,chr4:113152286-113152311:-,False,"            5'- GGGTTGGGTAGTTGGGGTTCAGAGGAAATTGGCAA -3'
       rG4seq-K -------------------------*---------",AC109347.1|ENSG00000260526.1_5,ENST00000562919.1_1,non_coding
chr4,113197427,113197428,two-quartet,14,-,chr4:113197428-113197443:-,False,"            5'- GGGAGGAAGGGGAGGTCATGAGCCA -3'
       rG4seq-K ---------------*---------",TIFA|ENSG00000145365.10_2,ENST00000361717.3_1,3UTR
chr4,122738206,122738207,bulges,605,-,chr4:122738206-122738225:-,False,"            5'- GGGAGTGGAAGAGGGTGGGAAGCTTATAT -3'
       rG4seq-K ------------------*----------",CCNA2|ENSG00000145386.9_2,ENST00000274026.9_1;ENST00000618014.1_1,3UTR
chr4,129191991,129191995,longloop,366,-,chr4:129191992-129192028:-,False,"            5'- GGGTGAGGGAGGCGACCTGATCAGGGGAGGTGGGGGTACACATCAA -3'
       rG4seq-K ---------------------------------****---------",PGRMC2|ENSG00000164040.16_3,ENST00000296425.9_3;ENST00000394276.3_1;ENST00000503588.1_1;ENST00000503872.1_1;ENST00000512483.5_1;ENST00000520121.5_3;ENST00000613358.4_3,3UTR
chr4,129208787,129208790,potential G-quadruplex & G>=40%,64,-,chr4:129208787-129208847:-,False,"            5'- GGCAGCGGAAGGGGGAGGCTGGGCGGCGGCGGCGTTGGCGCTTCTGACGGGGGGCGGGGAAATGCTGCTG -3'
       rG4seq-K ---------------------------------------------------------***----------",PGRMC2|ENSG00000164040.16_3,ENST00000296425.9_3;ENST00000512483.5_1;ENST00000520121.5_3;ENST00000613358.4_3,CDS
chr4,139163442,139163443,two-quartet,294,-,chr4:139163443-139163461:-,False,"            5'- GGTGGAACGAGGAGGTGGAGAATTGAGA -3'
       rG4seq-K ------------------*---------",SLC7A11|ENSG00000151012.13_2,ENST00000280612.9_1,5UTR
chr4,139979779,139979781,canonical/G3L1-7,46,-,chr4:139979780-139979798:-,False,"            5'- GGGAGGGGTTGGGATGGGTAATCTCATT -3'
       rG4seq-K -----------------**---------",ELF2|ENSG00000109381.19_4,ENST00000358635.7_1;ENST00000379549.6_1;ENST00000379550.5_3;ENST00000394235.6_2;ENST00000515489.1_1,3UTR
chr4,140521969,140521972,longloop,14,-,chr4:140521970-140521997:-,False,"            5'- GGGAGGGTGGTTGCCAAGGGCTAGGGGAAAAAGGGAA -3'
       rG4seq-K -------------------------***---------",SETD7|ENSG00000145391.13_3,ENST00000608795.5_2;ENST00000608958.1_2,3UTR
chr4,141543308,141543310,canonical/G3L1-7,8,-,chr4:141543309-141543333:-,False,"            5'- GGGGGAGTGGGAGGAGAGGGAGGGGAGGGATTTT -3'
       rG4seq-K -----------------------**---------",TBC1D9|ENSG00000109436.7_3,ENST00000442267.2_1,3UTR
chr4,141782197,141782199,canonical/G3L1-7,18,-,chr4:141782198-141782217:-,False,"            5'- GGGGTGGGAGTGGGGAGGGACTGTTATTT -3'
       rG4seq-K ------------------**---------",RNF150|ENSG00000170153.10_5,ENST00000515673.6_2,3UTR
chr4,174253246,174253247,potential G-quadruplex & G>=40%,949,-,chr4:174253246-174253306:-,False,"            5'- CGAACCAGAAGATGAGGAGGAGGAGGAGGAAGAAGAAGATGAAGATGAGGAGGAAGAGGATGAAGATGAA -3'
       rG4seq-K -----------------------------------------------------------*----------",HMGB2|ENSG00000164104.11_3,ENST00000296503.9_1;ENST00000438704.6_1;ENST00000446922.6_1;ENST00000511316.1_1,CDS
chr4,174253252,174253253,potential G-quadruplex & G>=40%,860,-,chr4:174253252-174253312:-,False,"            5'- GAAGAACGAACCAGAAGATGAGGAGGAGGAGGAGGAAGAAGAAGATGAAGATGAGGAGGAAGAGGATGAA -3'
       rG4seq-K -----------------------------------------------------------*----------",HMGB2|ENSG00000164104.11_3,ENST00000296503.9_1;ENST00000438704.6_1;ENST00000446922.6_1;ENST00000511316.1_1,CDS
chr4,183811877,183811878,potential G-quadruplex & G>=40%,108,-,chr4:183811877-183811937:-,False,"            5'- CCATTCCTGCTCTCCCACTGCACACAGGGTGGTGGCACATTATCCCTCTGGGGGGTGGGGACGCCTGTTG -3'
       rG4seq-K -----------------------------------------------------------*----------",DCTD|ENSG00000129187.14_5,ENST00000357067.7_3;ENST00000438320.6_3;ENST00000500813.6_1;ENST00000507543.5_1,3UTR
chr4,183838453,183838455,two-quartet,30,-,chr4:183838452-183838480:-,False,"            5'- GGAGCCGGCACCGGATGGTGGGCGGGGGCCAGCCGTGC -3'
       rG4seq-K -------------------------**-----------",DCTD|ENSG00000129187.14_5,ENST00000357067.7_3;ENST00000438320.6_3;ENST00000500813.6_1;ENST00000503182.5_4;ENST00000507543.5_1;ENST00000507631.5_1;ENST00000508994.1_3;ENST00000509218.5_1;ENST00000509757.5_1;ENST00000510370.5_3;ENST00000512766.5_3;ENST00000513348.5_1,5UTR;CDS
chr5,917917,917918,potential G-quadruplex & G>=40%,448,+,chr5:917858-917918:+,False,"            5'- AGGGAAACACATGCTGGACATCCCTTGTAACCCGGTATGGGCGCCCCTGCATTGCTGGGATGTTTCTGCC -3'
       rG4seq-K -----------------------------------------------------------*----------",TRIP13|ENSG00000071539.13_4,ENST00000166345.7_1;ENST00000508430.1_1;ENST00000510412.5_1,3UTR
chr5,8460270,8460271,two-quartet,206,+,chr5:8460257-8460270:+,False,"            5'- GGATGGGGGTGGGTAAACACTCA -3'
       rG4seq-K -------------*---------",MIR4458HG|ENSG00000247516.6_5,ENST00000502001.2_1;ENST00000606459.1_1,non_coding
chr5,10391792,10391793,two-quartet,200,+,chr5:10391769-10391792:+,False,"            5'- GGAGGAGGAGGACAATGAGGAGGAAGATGACGC -3'
       rG4seq-K -----------------------*---------",MARCH6|ENSG00000145495.15_3,ENST00000274140.9_1;ENST00000449913.6_1;ENST00000503788.5_1;ENST00000511802.5_1,CDS
chr5,14509518,14509520,canonical/G3L1-7,14,+,chr5:14509499-14509519:+,False,"            5'- GGGGTTGGCGGGTGGGTGGGTAGGGTCGTA -3'
       rG4seq-K -------------------**---------",TRIO|ENSG00000038382.19_3,ENST00000344135.5_1;ENST00000344204.8_1;ENST00000513206.5_1;ENST00000620511.1_1,3UTR;CDS
chr5,14509524,14509525,canonical/G3L1-7,53,+,chr5:14509499-14509524:+,False,"            5'- GGGGTTGGCGGGTGGGTGGGTAGGGTCGTAGCCCT -3'
       rG4seq-K -------------------------*---------",TRIO|ENSG00000038382.19_3,ENST00000344135.5_1;ENST00000344204.8_1;ENST00000513206.5_1;ENST00000620511.1_1,3UTR;CDS
chr5,14694417,14694418,two-quartet,27,+,chr5:14694393-14694417:+,False,"            5'- GGCTAAGGGTGGTGACTGGGGTGGTGAAGGGGCA -3'
       rG4seq-K ------------------------*---------",OTULIN|ENSG00000154124.4_2,ENST00000284274.4_1,3UTR
chr5,17276218,17276219,potential G-quadruplex & G>=40%,606,+,chr5:17276159-17276219:+,False,"            5'- GAAGTAATGATATGTATTGCCCAAGGAAAAATACAGGATGTTGTCCCATCAAGGGAGGGAGGGGGTGGGA -3'
       rG4seq-K -----------------------------------------------------------*----------",BASP1|ENSG00000176788.8_3,ENST00000322611.3_1;ENST00000616743.1_1,3UTR
chr5,17276221,17276229,canonical/G3L1-7,3090,+,chr5:17276211-17276228:+,False,"            5'- GGGAGGGAGGGGGTGGGAGAATCCAAA -3'
       rG4seq-K ----------**-*****---------",BASP1|ENSG00000176788.8_3,ENST00000322611.3_1;ENST00000616743.1_1,3UTR
chr5,37064089,37064090,bulges,30,+,chr5:37064053-37064091:+,False,"            5'- GAGGATAGAGGAGGAGGCACTTCAGGGGTGAGGCGGAGGAGGAGTCAA -3'
       rG4seq-K ------------------------------------*-----------",NIPBL|ENSG00000164190.17_3,ENST00000282516.12_2;ENST00000448238.2_2;ENST00000513819.1_2;ENST00000514335.1_1,CDS
chr5,37064095,37064096,bulges,66,+,chr5:37064066-37064097:+,False,"            5'- GAGGCACTTCAGGGGTGAGGCGGAGGAGGAGTCAACGTATT -3'
       rG4seq-K -----------------------------*-----------",NIPBL|ENSG00000164190.17_3,ENST00000282516.12_2;ENST00000448238.2_2;ENST00000513819.1_2;ENST00000514335.1_1,CDS
chr5,38934130,38934134,bulges,75,+,chr5:38934117-38934133:+,False,"            5'- GGGTGGGGGCGGGGGGCATAGCTCTA -3'
       rG4seq-K -------------****---------",OSMR|ENSG00000145623.12_3,ENST00000274276.7_1;ENST00000508882.1_1;ENST00000509237.5_1,3UTR
chr5,41920728,41920731,longloop,22,+,chr5:41920699-41920729:+,False,"            5'- GGGTAAGGGGCTAGTGTGATAGGGAGAGGGGTGGGATGCC -3'
       rG4seq-K -----------------------------***--------",C5orf51|ENSG00000205765.8_2,ENST00000381647.6_2,3UTR
chr5,41920733,41920735,longloop,89,+,chr5:41920705-41920734:+,False,"            5'- GGGGCTAGTGTGATAGGGAGAGGGGTGGGATGCCATCAT -3'
       rG4seq-K ----------------------------**---------",C5orf51|ENSG00000205765.8_2,ENST00000381647.6_2,3UTR
chr5,41920760,41920762,longloop,218,+,chr5:41920720-41920761:+,False,"            5'- GGGAGAGGGGTGGGATGCCATCATATTTAGGGGTGGTTGGGAACTGTCTAC -3'
       rG4seq-K ----------------------------------------**---------",C5orf51|ENSG00000205765.8_2,ENST00000381647.6_2,3UTR
chr5,52386627,52386629,longloop,15,+,chr5:52386595-52386628:+,False,"            5'- GGGGGGTGGGGGAGGTGCGGGGGGCAGGTAGGGAAATAATAGG -3'
       rG4seq-K --------------------------------**---------",ITGA2|ENSG00000164171.10_2,ENST00000296585.9_1;ENST00000503810.6_1,3UTR
chr5,56469937,56469938,bulges,46,+,chr5:56469911-56469938:+,False,"            5'- GGGACTGAGACTGGTTGTGGGGGAGGGAAAAGCGGCA -3'
       rG4seq-K --------------------------*----------",GPBP1|ENSG00000062194.15_2,ENST00000424459.7_2;ENST00000514387.6_1,5UTR
chr5,60840174,60840176,two-quartet,10,+,chr5:60840160-60840176:+,False,"            5'- GGGGTGGGGGGTGGGGATGGGAGGGA -3'
       rG4seq-K --------------**----------",ZSWIM6|ENSG00000130449.5_3,ENST00000252744.5_1,3UTR
chr5,60840184,60840185,canonical/G3L1-7,32,+,chr5:60840160-60840185:+,False,"            5'- GGGGTGGGGGGTGGGGATGGGAGGGATGGTTTGTT -3'
       rG4seq-K ------------------------*----------",ZSWIM6|ENSG00000130449.5_3,ENST00000252744.5_1,3UTR
chr5,60840189,60840190,bulges,56,+,chr5:60840160-60840189:+,False,"            5'- GGGGTGGGGGGTGGGGATGGGAGGGATGGTTTGTTTTTA -3'
       rG4seq-K -----------------------------*---------",ZSWIM6|ENSG00000130449.5_3,ENST00000252744.5_1,3UTR
chr5,61708734,61708735,canonical/G3L1-7,54,+,chr5:61708709-61708734:+,False,"            5'- GGGAAGTGGGAGCGGGAGGGCCGGGCAATTCCCGA -3'
       rG4seq-K -------------------------*---------",IPO11|ENSG00000086200.16_4;KIF2A|ENSG00000068796.16_4,ENST00000325324.10_1;ENST00000424533.5_1;ENST00000505902.5_1;ENST00000509663.2_1;ENST00000514647.5_1,5UTR;non_coding
chr5,65440203,65440205,longloop,22,+,chr5:65440171-65440204:+,False,"            5'- GGGGAGCGGGAAGGCAACGGCAGCGGGATCGGGATGAACAGCG -3'
       rG4seq-K --------------------------------**---------",SREK1|ENSG00000153914.15_2,ENST00000334121.10_1;ENST00000520058.1_1;ENST00000520953.5_1;ENST00000521691.5_1;ENST00000522912.5_1;ENST00000523851.1_1;ENST00000524111.5_1;ENST00000612404.4_2,5UTR
chr5,72204657,72204659,potential G-quadruplex & G>=40%,70,+,chr5:72204599-72204659:+,False,"            5'- GGGGAAGGGTAAACCAGTAGGGAATACAGTACAATCCCAACCCTACTGGGAGGGGCGGGAGGGAGGTGTT -3'
       rG4seq-K ----------------------------------------------------------**----------",TNPO1|ENSG00000083312.17_2,ENST00000337273.9_1;ENST00000503084.1_1;ENST00000506351.6_1,3UTR
chr5,72204661,72204663,canonical/G3L1-7,249,+,chr5:72204646-72204662:+,False,"            5'- GGGAGGGGCGGGAGGGAGGTGTTGCC -3'
       rG4seq-K ---------------**---------",TNPO1|ENSG00000083312.17_2,ENST00000337273.9_1;ENST00000503084.1_1;ENST00000506351.6_1,3UTR
chr5,72204665,72204666,bulges,516,+,chr5:72204647-72204667:+,False,"            5'- GGAGGGGCGGGAGGGAGGTGTTGCCGTCAC -3'
       rG4seq-K ------------------*-----------",TNPO1|ENSG00000083312.17_2,ENST00000337273.9_1;ENST00000503084.1_1;ENST00000506351.6_1,3UTR
chr5,72205217,72205219,canonical/G3L1-7,276,+,chr5:72205201-72205218:+,False,"            5'- GGGGTGGGCAGGGAGGGAGGAATAAAT -3'
       rG4seq-K ----------------**---------",TNPO1|ENSG00000083312.17_2,ENST00000337273.9_1,3UTR
chr5,72205236,72205238,longloop,749,+,chr5:72205201-72205237:+,False,"            5'- GGGGTGGGCAGGGAGGGAGGAATAAATGGGGTTGGGCATATCAAAC -3'
       rG4seq-K -----------------------------------**---------",TNPO1|ENSG00000083312.17_2,ENST00000337273.9_1,3UTR
chr5,72794252,72794255,G>=40%,30,+,chr5:72794195-72794255:+,False,"            5'- GAGGAACCGAGTTCGCGGCGAAGTCAGTTTCCTGACTCTTGAAGGAAGTGGCCTTGTGTCACTTCCGGCC -3'
       rG4seq-K ---------------------------------------------------------*-*----------",BTF3|ENSG00000145741.15_3,ENST00000335895.12_2,5UTR
chr5,72794435,72794437,bulges,71,+,chr5:72794408-72794436:+,False,"            5'- GTGGTAGGAGGACGGGAGCGGGGGCGGGAAGTTCCCTG -3'
       rG4seq-K ---------------------------**---------",BTF3|ENSG00000145741.15_3,ENST00000335895.12_2;ENST00000380591.7_2;ENST00000507081.6_1;ENST00000508901.1_1;ENST00000510787.5_1;ENST00000512257.1_1;ENST00000514360.5_1;ENST00000514505.6_1,5UTR
chr5,72794466,72794467,bulges,116,+,chr5:72794433-72794466:+,False,"            5'- GGGAAGTTCCCTGAAGGAGCGAGACAGGGAGGGACAGGGCAGA -3'
       rG4seq-K ---------------------------------*---------",BTF3|ENSG00000145741.15_3,ENST00000335895.12_2;ENST00000380591.7_2;ENST00000507081.6_1;ENST00000508901.1_1;ENST00000510787.5_1;ENST00000512257.1_1;ENST00000514360.5_1;ENST00000514505.6_1,5UTR
chr5,78621685,78621687,bulges,106,+,chr5:78621665-78621686:+,False,"            5'- GGGTTTGGAAAGGCGGGAGGGAGTCTAGATT -3'
       rG4seq-K --------------------**---------",JMY|ENSG00000152409.8_2,ENST00000396137.4_1,3UTR
chr5,86564537,86564538,two-quartet,26,+,chr5:86564510-86564537:+,False,"            5'- GGGGGGAGCTGGACTGACAGGGGGAGGTACTGCTGCT -3'
       rG4seq-K ---------------------------*---------",RASA1|ENSG00000145715.14_2,ENST00000274376.10_1;ENST00000515800.6_1,CDS
chr5,92929670,92929671,longloop,61,+,chr5:92929645-92929670:+,False,"            5'- GGGCCAGGCAGGCTGGGTGGGAGGGAGGAGGGCCG -3'
       rG4seq-K -------------------------*---------",NR2F1|ENSG00000175745.12_3,ENST00000327111.7_1;ENST00000506162.1_1;ENST00000615873.1_1;ENST00000644230.1_1,3UTR
chr5,92929673,92929674,potential G-quadruplex & G>=40%,104,+,chr5:92929614-92929674:+,False,"            5'- CCAAAGCCGCGGGGACACCGGGAAGTGCAGCGGGCCAGGCAGGCTGGGTGGGAGGGAGGAGGGCCGAGAC -3'
       rG4seq-K -----------------------------------------------------------*----------",NR2F1|ENSG00000175745.12_3,ENST00000327111.7_1;ENST00000506162.1_1;ENST00000615873.1_1;ENST00000644230.1_1,3UTR
chr5,92929677,92929678,canonical/G3L1-7,196,+,chr5:92929659-92929677:+,False,"            5'- GGGTGGGAGGGAGGAGGGCCGAGACAGG -3'
       rG4seq-K ------------------*---------",NR2F1|ENSG00000175745.12_3,ENST00000327111.7_1;ENST00000506162.1_1;ENST00000615873.1_1;ENST00000644230.1_1,3UTR
chr5,96369664,96369665,potential G-quadruplex & G>=40%,17,+,chr5:96369605-96369665:+,False,"            5'- TATATGGGCAATAATTTTAAAGTAGTTTGGATTTTTTTAAGTTTTGAGGGGTGGGAGGGGTCTAAGGCAG -3'
       rG4seq-K -----------------------------------------------------------*----------",LNPEP|ENSG00000113441.15_4,ENST00000231368.9_2,3UTR
chr5,96370897,96370898,canonical/G3L1-7,30,+,chr5:96370875-96370897:+,False,"            5'- GGGGAGGGGTTCTTTGGGTGGGTAATAGTCAG -3'
       rG4seq-K ----------------------*---------",LNPEP|ENSG00000113441.15_4,ENST00000231368.9_2,3UTR
chr5,109203611,109203613,longloop,18,+,chr5:109203583-109203612:+,False,"            5'- GGGGAAGGGGGAATGTTGTGGGGTCTGGGAGAGGGTGGG -3'
       rG4seq-K ----------------------------**---------",MAN2A1|ENSG00000112893.9_2,ENST00000503970.2_1,non_coding
chr5,109203617,109203619,bulges,29,+,chr5:109203583-109203617:+,False,"            5'- GGGGAAGGGGGAATGTTGTGGGGTCTGGGAGAGGGTGGGTACTT -3'
       rG4seq-K ----------------------------------**--------",MAN2A1|ENSG00000112893.9_2,ENST00000503970.2_1,non_coding
chr5,109203621,109203623,canonical/G3L1-7,139,+,chr5:109203602-109203622:+,False,"            5'- GGGGTCTGGGAGAGGGTGGGTACTTTCTAT -3'
       rG4seq-K -------------------**---------",MAN2A1|ENSG00000112893.9_2,ENST00000503970.2_1,non_coding
chr5,112203742,112203744,bulges,20,+,chr5:112203713-112203743:+,False,"            5'- GTAGGTCCTTTTGTGGGTGGGGGACAGGGGAGTCTGTAAA -3'
       rG4seq-K -----------------------------**---------",SRP19|ENSG00000153037.14_4,ENST00000391338.3_2;ENST00000503445.5_2;ENST00000505459.5_2;ENST00000506997.2_2;ENST00000509024.2_2;ENST00000621420.5_2,3UTR
chr5,115177644,115177646,canonical/G3L1-7,22,+,chr5:115177628-115177646:+,False,"            5'- GGGAGGGGGCGGGTGGGGAAGGATCGCA -3'
       rG4seq-K ----------------**----------",AP3S1|ENSG00000177879.15_2,ENST00000316788.11_1;ENST00000514118.5_1;ENST00000515066.6_1,5UTR
chr5,126172276,126172277,potential G-triplex & G>=40%,161,+,chr5:126172217-126172277:+,False,"            5'- TGACTTTTTTTGTATGTGTGTTTTTTCTTTTTTTTTAAGTTCTTATGAGGAGGGGAGGGTAAATAAACCA -3'
       rG4seq-K -----------------------------------------------------------*----------",LMNB1|ENSG00000113368.11_2,ENST00000261366.9_1;ENST00000460265.5_1;ENST00000504788.5_1,3UTR
chr5,126172597,126172608,canonical/G3L1-7,53,+,chr5:126172580-126172607:+,False,"            5'- GGGTGGGGGAGGGAGGTGGAGGGAGGGAAGGGTTTCT -3'
       rG4seq-K -----------------****-******---------",LMNB1|ENSG00000113368.11_2,ENST00000261366.9_1;ENST00000460265.5_1,3UTR
chr5,126172611,126172613,canonical/G3L1-7,238,+,chr5:126172580-126172612:+,False,"            5'- GGGTGGGGGAGGGAGGTGGAGGGAGGGAAGGGTTTCTCTATT -3'
       rG4seq-K -------------------------------**---------",LMNB1|ENSG00000113368.11_2,ENST00000261366.9_1;ENST00000460265.5_1,3UTR
chr5,126865996,126865998,bulges,209,+,"chr5:126862457-126862470:+,chr5:126865985-126865997:+",True,"            5'- GGGTTTTATTAAGGGTGTGGCTGGGAATCCTATGG -3'
       rG4seq-K ------------------------**---------",PRRC1|ENSG00000164244.20_2,ENST00000296666.12_1;ENST00000442138.6_1;ENST00000512635.2_1,CDS
chr5,131979423,131979427,canonical/G3L1-7,16,+,chr5:131979402-131979426:+,False,"            5'- GGGTGGTGGTGGGGTGGGGGGGGGTCCTAAATGT -3'
       rG4seq-K ---------------------**-*---------",AC116366.3|ENSG00000283782.2_4;RAD50|ENSG00000113522.13_4,ENST00000378823.7_1;ENST00000638452.2_2;ENST00000638504.1_2;ENST00000638568.2_2;ENST00000639899.1_2;ENST00000640655.2_2,3UTR
chr5,132440258,132440259,potential G-triplex & G>=40%,89,+,chr5:132440199-132440259:+,False,"            5'- CTAGCGCAAGTGAATACTGAAGATTTCTTAGTCAGTTTTTAGGGGATTTTCGGGGAGGGGAAATAGGTAA -3'
       rG4seq-K -----------------------------------------------------------*----------",HSPA4|ENSG00000170606.14_3,ENST00000304858.6_1,3UTR
chr5,132440276,132440277,two-quartet,125,+,chr5:132440250-132440276:+,False,"            5'- GGGGAGGGGAAATAGGTAATGTATGGAGCATTTTCA -3'
       rG4seq-K --------------------------*---------",HSPA4|ENSG00000170606.14_3,ENST00000304858.6_1,3UTR
chr5,132441875,132441876,canonical/G3L1-7,24,+,chr5:132441853-132441875:+,False,"            5'- GGGGAAGGGTGTGGGTGCTGGGATGGGGGTGA -3'
       rG4seq-K ----------------------*---------",HSPA4|ENSG00000170606.14_3,ENST00000304858.6_1,3UTR
chr5,132441880,132441883,canonical/G3L1-7,73,+,chr5:132441859-132441882:+,False,"            5'- GGGTGTGGGTGCTGGGATGGGGGTGAATTTCAA -3'
       rG4seq-K ---------------------***---------",HSPA4|ENSG00000170606.14_3,ENST00000304858.6_1,3UTR
chr5,133707235,133707236,bulges,19,+,chr5:133707210-133707236:+,False,"            5'- GGCCGCCGCGCCGGGGGGTGGGGGGGCTGCGCGGGA -3'
       rG4seq-K -------------------------*----------",UBE2B|ENSG00000119048.7_3,ENST00000265339.6_1;ENST00000510021.5_1;ENST00000511807.1_1,5UTR
chr5,133916891,133916893,longloop,22,+,chr5:133916865-133916892:+,False,"            5'- GGGTGGACTCGGAGGGAGTGGGGTGGGCTTCAAGGAT -3'
       rG4seq-K --------------------------**---------",JADE2|ENSG00000043143.20_3,ENST00000395003.5_3,3UTR
chr5,137804651,137804652,longloop,42,+,chr5:137804614-137804651:+,False,"            5'- GGGGGGCAGGGAGTGATGATTTGGGGGAGGCTTTGGGAGCAAAATAA -3'
       rG4seq-K -------------------------------------*---------",EGR1|ENSG00000120738.7_2,ENST00000239938.4_1,3UTR
chr5,138699448,138699449,G>=40%,462,+,chr5:138699389-138699449:+,False,"            5'- TCAGAAAGAAAAAACCCTGAATGAGTAAGTAAATTAACTGTGCTGTTGTTCTTTTAAGGTTAAAAACGAC -3'
       rG4seq-K -----------------------------------------------------------*----------",PAIP2|ENSG00000120727.12_3,ENST00000265192.8_1;ENST00000394795.6_1;ENST00000507415.1_1;ENST00000507755.5_3;ENST00000510080.1_1;ENST00000510409.1_1;ENST00000511381.1_1;ENST00000511706.5_1,5UTR
chr5,139006710,139006712,two-quartet,157,+,chr5:139006691-139006711:+,False,"            5'- GGTGTGAGGGGGGTGGTGGGTATGGTGTGT -3'
       rG4seq-K -------------------**---------",UBE2D2|ENSG00000131508.15_3,ENST00000398733.7_1;ENST00000398734.8_1;ENST00000505548.5_1,3UTR
chr5,139006731,139006733,two-quartet,353,+,chr5:139006705-139006732:+,False,"            5'- GGTGGGTATGGTGTGTGCTTGGATGGGAAAGAAAAGG -3'
       rG4seq-K --------------------------**---------",UBE2D2|ENSG00000131508.15_3,ENST00000398733.7_1;ENST00000398734.8_1,3UTR
chr5,139503957,139503958,two-quartet,26,+,chr5:139503941-139503957:+,False,"            5'- GGGGGGGGAGAGGTGGTGTTTTACTT -3'
       rG4seq-K ----------------*---------",PURA|ENSG00000185129.5_2,ENST00000331327.4_1,3UTR
chr5,140085475,140085478,canonical/G3L1-7,213,+,chr5:140085456-140085478:+,False,"            5'- GGGGAGGGATAGAGGGTGGGGGCTCATGGTTT -3'
       rG4seq-K -------------------***----------",ZMAT2|ENSG00000146007.10_5,ENST00000274712.7_1;ENST00000506644.3_3,3UTR
chr5,145666711,145666712,canonical/G3L1-7,12,+,chr5:145666684-145666713:+,False,"            5'- GGGGGGTGGGGGGTGGAGGTGGGAGGGGGTTGAGGGCTG -3'
       rG4seq-K ---------------------------*-----------",AC091959.3|ENSG00000275740.1_5;RBM27|ENSG00000091009.7_3,ENST00000265271.6_1;ENST00000506502.2_1,3UTR;non_coding
chr5,145666720,145666721,canonical/G3L1-7,36,+,chr5:145666694-145666720:+,False,"            5'- GGGTGGAGGTGGGAGGGGGTTGAGGGCTGAGTATGC -3'
       rG4seq-K --------------------------*---------",AC091959.3|ENSG00000275740.1_5;RBM27|ENSG00000091009.7_3,ENST00000265271.6_1;ENST00000506502.2_1,3UTR;non_coding
chr5,147778679,147778681,two-quartet,65,+,chr5:147778667-147778680:+,False,"            5'- GGGCGGTGGTGGGAATACATGCC -3'
       rG4seq-K ------------**---------",FBXO38|ENSG00000145868.16_3,ENST00000296701.10_2;ENST00000340253.9_2;ENST00000394370.7_2;ENST00000502629.1_1;ENST00000503613.5_1;ENST00000508326.5_1;ENST00000509411.5_1;ENST00000509699.6_1;ENST00000511080.5_1;ENST00000513826.1_2;ENST00000521160.5_1,CDS
chr5,149937647,149937650,canonical/G3L1-7,16,+,chr5:149937621-149937649:+,False,"            5'- GGGGGGTGGGGAGAGTGGGGAGAGGGGGTGCTATCCAG -3'
       rG4seq-K --------------------------***---------",NDST1|ENSG00000070614.14_3,ENST00000261797.6_1,3UTR
chr5,150036795,150036796,canonical/G3L1-7,18,+,chr5:150036774-150036795:+,False,"            5'- GGGGTTGGGGATGGGTTAGGGACGCAAGCTT -3'
       rG4seq-K ---------------------*---------",SYNPO|ENSG00000171992.12_2,ENST00000307662.4_1,3UTR
chr5,150037787,150037788,bulges,20,+,chr5:150037766-150037788:+,False,"            5'- GGGGGTGGGTGGTGGTGGTGGGCTAGTTGGGC -3'
       rG4seq-K ---------------------*----------",SYNPO|ENSG00000171992.12_2,ENST00000307662.4_1,3UTR
chr5,150038343,150038344,bulges,44,+,chr5:150038317-150038343:+,False,"            5'- GTATGGAAGATAGGGTTGGGACAGGGTGCTTTGGAA -3'
       rG4seq-K --------------------------*---------",SYNPO|ENSG00000171992.12_2,ENST00000307662.4_1,3UTR
chr5,151183573,151183574,two-quartet,127,+,chr5:151183547-151183573:+,False,"            5'- GGCCCTCGAGGTGGGCTGGGTGGTGGAATGAGAGGC -3'
       rG4seq-K --------------------------*---------",G3BP1|ENSG00000145907.14_3,ENST00000356245.7_1;ENST00000394123.7_1;ENST00000520177.5_1;ENST00000522761.5_1,3UTR;CDS
chr5,151185750,151185753,bulges,57,+,chr5:151185733-151185752:+,False,"            5'- GGGTGGGTGGAGCTGTGGGATTAGGAAAA -3'
       rG4seq-K -----------------***---------",G3BP1|ENSG00000145907.14_3,ENST00000394123.7_1,3UTR
chr5,151190414,151190415,bulges,40,+,chr5:151190382-151190413:+,False,"            5'- GGGAAATTTGGGGGGATGGATATATAAGGGGGAGGAAGTCA -3'
       rG4seq-K --------------------------------*--------",G3BP1|ENSG00000145907.14_3,ENST00000394123.7_1,3UTR
chr5,153798646,153798648,canonical/G3L1-7,10,+,chr5:153798626-153798648:+,False,"            5'- GGGGCAGGGTTGTGGGGAGGGGAACGTTTTTG -3'
       rG4seq-K --------------------**----------",GALNT10|ENSG00000164574.15_3,ENST00000297107.10_1,3UTR
chr5,153836891,153836892,canonical/G3L1-7,11,+,chr5:153836869-153836891:+,False,"            5'- GGGTATGGGGTAGGAGGGTGGGAGAAAGAAAA -3'
       rG4seq-K ----------------------*---------",SAP30L|ENSG00000164576.11_2,ENST00000297109.10_1,3UTR
chr5,154193702,154193704,canonical/G3L1-7,42,+,chr5:154193672-154193703:+,False,"            5'- GGGGCTTGAGGGGGGAAAGGGGTAGGGTGGGTAAGAGTCCA -3'
       rG4seq-K ------------------------------**---------",LARP1|ENSG00000155506.16_3,ENST00000336314.8_2,3UTR
chr5,154193719,154193720,longloop,114,+,chr5:154193681-154193718:+,False,"            5'- GGGGGGAAAGGGGTAGGGTGGGTAAGAGTCCATGGGGGTGCCCAGTC -3'
       rG4seq-K --------------------------------------*--------",LARP1|ENSG00000155506.16_3,ENST00000336314.8_2,3UTR
chr5,154195236,154195238,longloop,81,+,chr5:154195202-154195239:+,False,"            5'- GGGAACAAGGGATGAGGAGGAGTTGGGGGCTGGGGGGAATCCTGCCA -3'
       rG4seq-K ----------------------------------**-----------",LARP1|ENSG00000155506.16_3,ENST00000336314.8_2,3UTR
chr5,157166650,157166651,canonical/G3L1-7,38,+,chr5:157166621-157166651:+,False,"            5'- GGGGAACAGGGAAGGAAGGGATGGATGGGGGTGGTGTATC -3'
       rG4seq-K -----------------------------*----------",THG1L|ENSG00000113272.13_2,ENST00000231198.11_1;ENST00000523575.1_1,3UTR
chr5,157166655,157166656,bulges,70,+,chr5:157166629-157166657:+,False,"            5'- GGGAAGGAAGGGATGGATGGGGGTGGTGTATCTTACTC -3'
       rG4seq-K --------------------------*-----------",THG1L|ENSG00000113272.13_2,ENST00000231198.11_1;ENST00000523575.1_1,3UTR
chr5,159661849,159661851,potential G-quadruplex & G>=40%,32,+,chr5:159661791-159661851:+,False,"            5'- AACAACCCAGGCTTAATGTTGTGCTTCCATTCCAGGCCACTGTGCAGATGGAGGGCGGGAAGCTGGTGGT -3'
       rG4seq-K ----------------------------------------------------------**----------",FABP6|ENSG00000170231.15_2,ENST00000393980.8_1;ENST00000402432.3_1;ENST00000521362.1_1;ENST00000523955.5_1,3UTR;CDS
chr5,159849003,159849004,longloop,10,+,chr5:159848974-159849003:+,False,"            5'- GGGGCTGAAGCTGGGGCTGGGGTTGGGGGACTGCCCGGG -3'
       rG4seq-K -----------------------------*---------",PTTG1|ENSG00000164611.12_3,ENST00000352433.9_1;ENST00000393964.1_1;ENST00000517480.1_2;ENST00000520452.5_1;ENST00000523659.5_1;ENST00000524244.5_1,5UTR
chr5,162932704,162932706,bulges,165,+,chr5:162932672-162932707:+,False,"            5'- GCGGCGTGAAGACGGCGGGCATGGTGGGGCGGGAGAAAGAGCTCT -3'
       rG4seq-K --------------------------------**-----------",MAT2B|ENSG00000038274.16_3,ENST00000280969.9_2;ENST00000321757.10_2;ENST00000421814.6_1;ENST00000518095.5_1;ENST00000519719.1_1;ENST00000520449.1_1;ENST00000523606.1_1,5UTR;CDS
chr5,167881040,167881041,bulges,35,+,chr5:167881009-167881043:+,False,"            5'- GAGGAAGAGGAGGAGGAGGTGGAGGAGGAGGAGGGAGAAGAGGA -3'
       rG4seq-K -------------------------------*------------",WWC1|ENSG00000113645.14_4,ENST00000265293.8_1;ENST00000393895.7_2;ENST00000521089.5_2;ENST00000522140.1_1;ENST00000524038.5_1;ENST00000524228.5_1,CDS
chr5,167881043,167881045,bulges,126,+,chr5:167881009-167881046:+,False,"            5'- GAGGAAGAGGAGGAGGAGGTGGAGGAGGAGGAGGGAGAAGAGGATGT -3'
       rG4seq-K ----------------------------------**-----------",WWC1|ENSG00000113645.14_4,ENST00000265293.8_1;ENST00000393895.7_2;ENST00000521089.5_2;ENST00000522140.1_1;ENST00000524038.5_1;ENST00000524228.5_1,CDS
chr5,172118415,172118416,canonical/G3L1-7,18,+,chr5:172118395-172118415:+,False,"            5'- GGGAAGTGGGTTGGGAAGGGTTTGCACTGG -3'
       rG4seq-K --------------------*---------",NEURL1B|ENSG00000214357.8_2,ENST00000369800.5_1,3UTR
chr5,172377947,172377949,bulges,580,+,chr5:172377927-172377948:+,False,"            5'- GGGTGTGTGGGAAGTGGGGGGAAAGTAGAGG -3'
       rG4seq-K --------------------**---------",ERGIC1|ENSG00000113719.15_3,ENST00000393784.7_1;ENST00000523215.1_1,3UTR
chr5,172378098,172378101,canonical/G3L1-7,741,+,chr5:172378073-172378100:+,False,"            5'- GGGGTGGGGAGTCCAGGGATCTTGGGGACCCCTCCTA -3'
       rG4seq-K -------------------------***---------",ERGIC1|ENSG00000113719.15_3,ENST00000393784.7_1;ENST00000523215.1_1,3UTR
chr5,172379461,172379463,canonical/G3L1-7,73,+,chr5:172379445-172379462:+,False,"            5'- GGGTGGGGCAGGGTGGGGTGGGGATGG -3'
       rG4seq-K ----------------**---------",ERGIC1|ENSG00000113719.15_3,ENST00000393784.7_1;ENST00000523215.1_1,3UTR
chr5,172379466,172379469,canonical/G3L1-7,522,+,chr5:172379445-172379468:+,False,"            5'- GGGTGGGGCAGGGTGGGGTGGGGATGGAAATGT -3'
       rG4seq-K ---------------------***---------",ERGIC1|ENSG00000113719.15_3,ENST00000393784.7_1;ENST00000523215.1_1,3UTR
chr5,176085060,176085064,canonical/G3L1-7,22,+,chr5:176085040-176085063:+,False,"            5'- GGGTCTGAGGGGTGGGATGGGGGTCAGGACAAT -3'
       rG4seq-K --------------------****---------",TSPAN17|ENSG00000048140.17_4,ENST00000298564.14_1;ENST00000310032.12_2;ENST00000508164.5_2;ENST00000514705.5_1;ENST00000515708.5_2,3UTR
chr5,176085629,176085630,bulges,49,+,chr5:176085611-176085629:+,False,"            5'- GCGGTGGGGATGGGGGGGAGAGCACGGG -3'
       rG4seq-K ------------------*---------",TSPAN17|ENSG00000048140.17_4,ENST00000298564.14_1;ENST00000310032.12_2;ENST00000508164.5_2;ENST00000514705.5_1;ENST00000515708.5_2,3UTR
chr5,176883225,176883226,canonical/G3L1-7,8,+,chr5:176883201-176883225:+,False,"            5'- GGGGAGGGGCGGGGGGAGGGAGGGATTTCTTATC -3'
       rG4seq-K ------------------------*---------",PRR7|ENSG00000131188.11_2,ENST00000323249.7_1;ENST00000502922.5_1;ENST00000510492.1_1,3UTR
chr5,177022736,177022742,bulges,581,+,chr5:177022712-177022741:+,False,"            5'- GAGGCTGCTGTTGGGGGTGGGGGGAGGGGAATGGGCAGG -3'
       rG4seq-K ------------------------*-****---------",TMED9|ENSG00000184840.11_2,ENST00000332598.6_1,3UTR
chr5,177022747,177022748,canonical/G3L1-7,1174,+,chr5:177022724-177022747:+,False,"            5'- GGGGGTGGGGGGAGGGGAATGGGCAGGCAAGCC -3'
       rG4seq-K -----------------------*---------",TMED9|ENSG00000184840.11_2,ENST00000332598.6_1,3UTR
chr5,177022909,177022912,two-quartet,618,+,chr5:177022896-177022911:+,False,"            5'- GGGTGGGTGGAGGGGTTTGCAGTGT -3'
       rG4seq-K -------------***---------",TMED9|ENSG00000184840.11_2,ENST00000332598.6_1,3UTR
chr5,177022924,177022925,longloop,932,+,chr5:177022896-177022924:+,False,"            5'- GGGTGGGTGGAGGGGTTTGCAGTGTGGGAATGTGGCCC -3'
       rG4seq-K ----------------------------*---------",TMED9|ENSG00000184840.11_2,ENST00000332598.6_1,3UTR
chr5,177637132,177637134,bulges,315,+,"chr5:177636409-177636433:+,chr5:177637132-177637133:+",True,"            5'- GAGGGAACCGAGGCAGCGGAGGTGGTCAGAGTCAG -3'
       rG4seq-K ------------------------**---------",HNRNPAB|ENSG00000197451.11_3,ENST00000355836.9_1;ENST00000358344.7_1;ENST00000504898.5_1;ENST00000506259.5_1;ENST00000506339.5_1;ENST00000514633.5_1;ENST00000515193.5_1,CDS
chr5,177637554,177637555,bulges,534,+,"chr5:177636409-177636433:+,chr5:177637553-177637554:+",True,"            5'- GAGGGAACCGAGGCAGCGGAGGTGGTCAGGGTAGT -3'
       rG4seq-K -------------------------*---------",HNRNPAB|ENSG00000197451.11_3,ENST00000355836.9_1;ENST00000358344.7_1;ENST00000504898.5_1;ENST00000506259.5_1;ENST00000506339.5_1;ENST00000514633.5_1;ENST00000515193.5_1,CDS
chr5,177637560,177637561,two-quartet,634,+,"chr5:177636411-177636433:+,chr5:177637553-177637560:+",True,"            5'- GGGAACCGAGGCAGCGGAGGTGGTCAGGGTAGTACAAAC -3'
       rG4seq-K -----------------------------*---------",HNRNPAB|ENSG00000197451.11_3,ENST00000355836.9_1;ENST00000358344.7_1;ENST00000504898.5_1;ENST00000506259.5_1;ENST00000506339.5_1;ENST00000514633.5_1;ENST00000515193.5_1,CDS
chr5,178977851,178977853,bulges,20,+,chr5:178977828-178977853:+,False,"            5'- GCGGCCGCGGGGCTGGGCGGCGGGGACAGCGGGGA -3'
       rG4seq-K -----------------------**----------",RUFY1|ENSG00000176783.14_4,ENST00000319449.8_2;ENST00000393448.6_1;ENST00000502984.5_1,CDS
chr5,179125951,179125952,longloop,28,+,chr5:179125923-179125953:+,False,"            5'- GGGCACAGGGCCGGGCTTCGTGCGGTGGGGCTCGCTCGCG -3'
       rG4seq-K ----------------------------*-----------",CANX|ENSG00000127022.14_3,ENST00000247461.8_1;ENST00000452673.6_1;ENST00000502296.5_1;ENST00000502498.5_1;ENST00000504734.5_1;ENST00000514383.5_1,5UTR
chr5,179126061,179126064,bulges,474,+,chr5:179126042-179126063:+,False,"            5'- GGGGCAAGGTGTGCGGGCGGGAAGGGGCACG -3'
       rG4seq-K -------------------***---------",CANX|ENSG00000127022.14_3,ENST00000247461.8_1;ENST00000452673.6_1;ENST00000502296.5_1;ENST00000502498.5_1;ENST00000502673.5_1;ENST00000504579.5_1;ENST00000504734.5_1;ENST00000506654.5_1;ENST00000507307.5_1;ENST00000510810.5_1;ENST00000513246.5_3;ENST00000514032.5_1;ENST00000514383.5_1,5UTR;CDS
chr5,179126068,179126070,longloop,568,+,chr5:179126042-179126069:+,False,"            5'- GGGGCAAGGTGTGCGGGCGGGAAGGGGCACGGGCACC -3'
       rG4seq-K --------------------------**---------",CANX|ENSG00000127022.14_3,ENST00000247461.8_1;ENST00000452673.6_1;ENST00000502296.5_1;ENST00000502498.5_1;ENST00000502673.5_1;ENST00000504579.5_1;ENST00000504734.5_1;ENST00000506654.5_1;ENST00000507307.5_1;ENST00000510810.5_1;ENST00000513246.5_3;ENST00000514032.5_1;ENST00000514383.5_1,5UTR;CDS
chr5,179126074,179126076,canonical/G3L1-7,788,+,chr5:179126056-179126075:+,False,"            5'- GGGCGGGAAGGGGCACGGGCACCCCCGCG -3'
       rG4seq-K ------------------**---------",CANX|ENSG00000127022.14_3,ENST00000247461.8_1;ENST00000452673.6_1;ENST00000502296.5_1;ENST00000502498.5_1;ENST00000502673.5_1;ENST00000504579.5_1;ENST00000504734.5_1;ENST00000506654.5_1;ENST00000507307.5_1;ENST00000510810.5_1;ENST00000513246.5_3;ENST00000514032.5_1;ENST00000514383.5_1,5UTR;CDS
chr5,179151770,179151771,bulges,980,+,chr5:179151750-179151772:+,False,"            5'- GGAGATGAGGAGGAGGAAGGAGAAGAGAAACT -3'
       rG4seq-K --------------------*-----------",CANX|ENSG00000127022.14_3,ENST00000247461.8_1;ENST00000452673.6_1;ENST00000504734.5_1;ENST00000505090.1_1;ENST00000514032.5_1,3UTR;CDS
chr5,180005130,180005132,bulges,39,+,chr5:180005095-180005131:+,False,"            5'- GGGAAGAGTGCAGGGGGACGGGGCCATGATATGGGGAAATGGTGTA -3'
       rG4seq-K -----------------------------------**---------",CNOT6|ENSG00000113300.11_2,ENST00000261951.8_1;ENST00000393356.5_1;ENST00000618123.4_1,3UTR
chr5,180650703,180650707,longloop,24,+,chr5:180650673-180650706:+,False,"            5'- GGGGCGGGGCCAGGAAGTGAGGAGGGGCGGGGGTTTATGAGGA -3'
       rG4seq-K ------------------------------****---------",TRIM41|ENSG00000146063.19_2,ENST00000315073.9_1;ENST00000351937.9_1;ENST00000508930.1_1;ENST00000515499.5_1,5UTR
chr5,180651246,180651247,bulges,54,+,chr5:180651226-180651246:+,False,"            5'- GGGGGCTGGCGCGGGGTGGGACACCCCCAT -3'
       rG4seq-K --------------------*---------",TRIM41|ENSG00000146063.19_2,ENST00000315073.9_1;ENST00000351937.9_1;ENST00000503114.1_1;ENST00000508930.1_1;ENST00000515223.1_1;ENST00000515499.5_1,CDS
chr5,180661383,180661385,canonical/G3L1-7,16,+,chr5:180661361-180661384:+,False,"            5'- GGGCGGCGGGGCTGGGCGGTGGGTGCTGCCCGT -3'
       rG4seq-K ----------------------**---------",TRIM41|ENSG00000146063.19_2,ENST00000315073.9_1;ENST00000351937.9_1;ENST00000503114.1_1;ENST00000508930.1_1;ENST00000510072.1_1;ENST00000514219.1_1;ENST00000515223.1_1,CDS
chr5,180661833,180661834,bulges,27,+,chr5:180661817-180661836:+,False,"            5'- GGTGGGTGGTGGAGGGTGGCCCGTAAGTT -3'
       rG4seq-K ----------------*------------",TRIM41|ENSG00000146063.19_2,ENST00000315073.9_1;ENST00000351937.9_1;ENST00000503114.1_1;ENST00000508930.1_1;ENST00000510072.1_1;ENST00000514219.1_1;ENST00000515223.1_1,3UTR
chr5,1112125,1112127,canonical/G3L1-7,47,-,chr5:1112126-1112145:-,False,"            5'- GGGCCGGGCCGGGACGGGGACTGTCGGCT -3'
       rG4seq-K ------------------**---------",SLC12A7|ENSG00000113504.20_5,ENST00000264930.9_4,5UTR
chr5,1318160,1318163,potential G-quadruplex & G>=40%,369,-,chr5:1318160-1318220:-,False,"            5'- TCCGGGGTTCGGCCATGTCCTCACGCGGGCAGGGGTGGGAGCCCTCACAGGCAAGGGGGCTGTTGGATTT -3'
       rG4seq-K ---------------------------------------------------------***----------",CLPTM1L|ENSG00000049656.13_2,ENST00000320895.9_1;ENST00000503042.5_1;ENST00000507807.3_1;ENST00000630539.1_1,3UTR
chr5,1344976,1344977,longloop,31,-,chr5:1344975-1345017:-,False,"            5'- GGGCGGGCGGGGCTCGCGGCTGAGAGGCGGGCGGGCCGGGGGCGCCGGGCGC -3'
       rG4seq-K ----------------------------------------*-----------",CLPTM1L|ENSG00000049656.13_2,ENST00000320895.9_1;ENST00000630539.1_1,5UTR
chr5,1461603,1461605,canonical/G3L1-7,112,-,chr5:1461604-1461627:-,False,"            5'- GGGGTGTGAGGGCAGAGGGAGGGTTGCCATGAA -3'
       rG4seq-K ----------------------**---------",LPCAT1|ENSG00000153395.9_2,ENST00000283415.3_1;ENST00000475622.5_1;ENST00000503252.1_1,3UTR
chr5,1461607,1461608,bulges,34,-,chr5:1461609-1461638:-,False,"            5'- GGGGACCTGCTGGGGTGTGAGGGCAGAGGGAGGGTTGCC -3'
       rG4seq-K ------------------------------*--------",LPCAT1|ENSG00000153395.9_2,ENST00000283415.3_1;ENST00000475622.5_1;ENST00000503252.1_1,3UTR
chr5,1461614,1461615,longloop,40,-,chr5:1461615-1461652:-,False,"            5'- GGGCCCTGGCCTGCGGGGACCTGCTGGGGTGTGAGGGCAGAGGGAGG -3'
       rG4seq-K -------------------------------------*---------",LPCAT1|ENSG00000153395.9_2,ENST00000283415.3_1;ENST00000475622.5_1;ENST00000503252.1_1,3UTR
chr5,6378603,6378604,bulges,88,-,chr5:6378604-6378632:-,False,"            5'- GGTTGAGGCTGTGTGGGTCGGGGACGGGCCGAGGCGAT -3'
       rG4seq-K ----------------------------*---------",MED10|ENSG00000133398.3_2,ENST00000255764.3_1;ENST00000504058.1_1,5UTR
chr5,6632861,6632862,two-quartet,435,-,"chr5:6632996-6633014:-,chr5:6632862-6632869:-",True,"            5'- GGAAAGCGCGGCGAGGCGGGCTGGGAAGGAGGCTA -3'
       rG4seq-K -------------------------*---------",NSUN2|ENSG00000037474.14_2,ENST00000264670.10_1;ENST00000504374.5_1;ENST00000506139.5_1,CDS
chr5,16666327,16666329,canonical/G3L1-7,53,-,chr5:16666326-16666352:-,False,"            5'- GGGAAGGTGAGGGAGTGGGAAGGGGGATGGAGAGCT -3'
       rG4seq-K -----------------------**-----------",MYO10|ENSG00000145555.14_4,ENST00000274203.13_1;ENST00000513610.5_1,3UTR
chr5,43291174,43291175,canonical/G3L1-7,460,-,chr5:43291175-43291201:-,False,"            5'- GGGTGGGCATGGGGTGGGGGTATGGGAACAGTTGGA -3'
       rG4seq-K --------------------------*---------",HMGCS1|ENSG00000112972.14_3,ENST00000325110.10_1;ENST00000433297.2_1,3UTR
chr5,43291181,43291184,canonical/G3L1-7,147,-,chr5:43291181-43291206:-,False,"            5'- GGGTGGGGTGGGCATGGGGTGGGGGTATGGGAACA -3'
       rG4seq-K ----------------------***----------",HMGCS1|ENSG00000112972.14_3,ENST00000325110.10_1;ENST00000433297.2_1,3UTR
chr5,43291187,43291189,canonical/G3L1-7,21,-,chr5:43291188-43291206:-,False,"            5'- GGGTGGGGTGGGCATGGGGTGGGGGTAT -3'
       rG4seq-K -----------------**---------",HMGCS1|ENSG00000112972.14_3,ENST00000325110.10_1;ENST00000433297.2_1,3UTR
chr5,43556872,43556873,canonical/G3L1-7,46,-,chr5:43556873-43556899:-,False,"            5'- GGGGCCTGGGCCGCGGAGGGGGCGGGCCTGAGGGCG -3'
       rG4seq-K --------------------------*---------",PAIP1|ENSG00000172239.13_5,ENST00000306846.7_2;ENST00000338972.8_2;ENST00000436644.6_1;ENST00000504075.1_1;ENST00000504639.5_1;ENST00000511321.5_1;ENST00000514514.5_1;ENST00000515338.1_3,CDS
chr5,43556950,43556951,bulges,146,-,chr5:43556949-43556983:-,False,"            5'- GCGGCCCCTGGAGGAGGAGGCGGAGGAGGAGGAGCATGTCGGAC -3'
       rG4seq-K --------------------------------*-----------",PAIP1|ENSG00000172239.13_5,ENST00000306846.7_2;ENST00000338972.8_2;ENST00000436644.6_1;ENST00000504075.1_1;ENST00000504639.5_1;ENST00000511321.5_1;ENST00000514514.5_1;ENST00000515338.1_3,5UTR
chr5,55264142,55264144,bulges,78,-,chr5:55264143-55264181:-,False,"            5'- GGGGAAGAAAATGAGGTGTGAGTGGGATGGTGGAAGGGAAACACACTT -3'
       rG4seq-K -------------------------------------**---------",IL6ST|ENSG00000134352.19_3,ENST00000336909.9_1;ENST00000381286.7_1;ENST00000381287.8_1;ENST00000381293.6_1;ENST00000381294.7_1;ENST00000381298.6_1;ENST00000396816.1_1;ENST00000502326.7_1;ENST00000503773.6_1;ENST00000522633.2_1;ENST00000577363.1_1,CDS
chr5,60458228,60458229,longloop,90,-,chr5:60458230-60458266:-,False,"            5'- GGGGAGTGGGATCCGATCCCGTGGGGCTATGTAGGGGAAGTTGGTG -3'
       rG4seq-K -------------------------------------*--------",SMIM15|ENSG00000188725.7_2,ENST00000339020.7_1;ENST00000507416.1_1,5UTR
chr5,71515309,71515310,canonical/G3L1-7,9,-,chr5:71515309-71515332:-,False,"            5'- GGGGAAAGGGAGGAGGGAGAGGGACTCATTATT -3'
       rG4seq-K ----------------------*----------",MRPS27|ENSG00000113048.16_3,ENST00000261413.9_2,3UTR
chr5,74668132,74668134,canonical/G3L1-7,16,-,chr5:74668133-74668158:-,False,"            5'- GGGAGAATGGGGGGGTTGGGGAGGGCAGGTTTATT -3'
       rG4seq-K ------------------------**---------",COL4A3BP|ENSG00000113163.16_4,ENST00000261415.12_2;ENST00000357457.9_3;ENST00000380494.10_2;ENST00000642556.1_1;ENST00000642809.1_1;ENST00000644072.1_1;ENST00000644445.1_1;ENST00000644912.1_1;ENST00000646172.1_1,3UTR
chr5,77782977,77782978,bulges,38,-,chr5:77782978-77783009:-,False,"            5'- GGGCTAAGGGCAAAAGGGGTGGGAGGTGTGGAACTAGCCTT -3'
       rG4seq-K -------------------------------*---------",LHFPL2|ENSG00000145685.13_3,ENST00000380345.6_1;ENST00000515007.6_1,3UTR
chr5,77782985,77782988,canonical/G3L1-7,20,-,chr5:77782986-77783009:-,False,"            5'- GGGCTAAGGGCAAAAGGGGTGGGAGGTGTGGAA -3'
       rG4seq-K ---------------------***---------",LHFPL2|ENSG00000145685.13_3,ENST00000380345.6_1;ENST00000515007.6_1,3UTR
chr5,79276739,79276742,potential G-triplex & G>=40%,20,-,chr5:79276739-79276799:-,False,"            5'- CTGGTCTTGAACTCCTGACCTCAAGTGATTCACCTGCCTCGGCCTCCCAAAGTGCTGGGATTACAGGCGT -3'
       rG4seq-K ---------------------------------------------------------***----------",MTX3|ENSG00000177034.15_3,ENST00000512528.2_2;ENST00000512560.5_1;ENST00000617335.4_1,3UTR
chr5,87491588,87491589,potential G-quadruplex & G>=40%,99,-,chr5:87491588-87491648:-,False,"            5'- TAGTGGCTGCCTATAGAACAATCTTCAAACTGAGCCATGCTTTAGGGGAGGGAAAGGGGCTAAAGTCTCT -3'
       rG4seq-K -----------------------------------------------------------*----------",TMEM161B|ENSG00000164180.13_3,ENST00000296595.10_3;ENST00000506536.5_1;ENST00000510089.5_1;ENST00000511087.5_1;ENST00000511218.5_1;ENST00000514135.5_3,3UTR
chr5,95297393,95297394,canonical/G3L1-7,141,-,chr5:95297394-95297417:-,False,"            5'- GGGGGGGACAGGGGGCCTGCGGGAGGAGCAGCG -3'
       rG4seq-K -----------------------*---------",ELL2|ENSG00000118985.15_2,ENST00000237853.8_1;ENST00000506628.1_1;ENST00000513343.1_1;ENST00000515020.1_1,CDS
chr5,95297401,95297405,bulges,81,-,chr5:95297402-95297426:-,False,"            5'- GATGGCGGCGGGGGGGACAGGGGGCCTGCGGGAG -3'
       rG4seq-K ---------------------****---------",ELL2|ENSG00000118985.15_2,ENST00000237853.8_1;ENST00000506628.1_1;ENST00000513343.1_1;ENST00000515020.1_1,5UTR;CDS
chr5,107195245,107195246,canonical/G3L1-7,11,-,chr5:107195245-107195268:-,False,"            5'- GGGGGGGTGGGGGTGGGGTGGGGACTTGCACTT -3'
       rG4seq-K ----------------------*----------",FBXL17|ENSG00000145743.15_3,ENST00000359660.9_1;ENST00000542267.5_2;ENST00000619412.4_2,3UTR
chr5,108745584,108745585,bulges,54,-,chr5:108745582-108745624:-,False,"            5'- GGAGTTGGAGGCGGAGAAGAAGGCGGTGGTGGCGGGTGGAGGTTCGAGCGCT -3'
       rG4seq-K ---------------------------------------*------------",PJA2|ENSG00000198961.9_2,ENST00000361189.6_1,5UTR
chr5,114548071,114548072,two-quartet,20,-,chr5:114548071-114548085:-,False,"            5'- GGGAGGGTGGGGGGATTTGTAGCA -3'
       rG4seq-K -------------*----------",PGGT1B|ENSG00000164219.9_2,ENST00000419445.5_1,3UTR
chr5,114857810,114857811,canonical/G3L1-7,41,-,chr5:114857811-114857829:-,False,"            5'- GGGGGCTGGGTGGGAGGGCTTACATGCT -3'
       rG4seq-K ------------------*---------",FEM1C|ENSG00000145780.7_2,ENST00000274457.4_1,3UTR
chr5,125879065,125879067,bulges,37,-,chr5:125879066-125879095:-,False,"            5'- GGAAGAAATCATGGGTGAGGGTATGTGGGAGTGATAATC -3'
       rG4seq-K ----------------------------**---------",ALDH7A1|ENSG00000164904.17_4,ENST00000409134.7_2;ENST00000635851.1_1;ENST00000637782.1_2,3UTR
chr5,125929094,125929095,two-quartet,212,-,"chr5:125930698-125930722:-,chr5:125929095-125929096:-",True,"            5'- GGAAGCTGGGGAGGCCGGGGAGAGGTTATTACGAC -3'
       rG4seq-K -------------------------*---------",ALDH7A1|ENSG00000164904.17_4,ENST00000409134.7_2;ENST00000412186.2_2;ENST00000413020.6_2;ENST00000458249.6_2;ENST00000479989.6_2;ENST00000503281.6_2;ENST00000509270.2_2;ENST00000509459.6_2;ENST00000510111.6_2;ENST00000511266.6_2;ENST00000553117.5_2;ENST00000635851.1_1;ENST00000635858.1_1;ENST00000635933.1_1;ENST00000636062.1_1;ENST00000636190.1_1;ENST00000636225.1_1;ENST00000636743.1_1;ENST00000636808.1_1;ENST00000636872.1_1;ENST00000636879.1_1;ENST00000636886.1_1;ENST00000637206.1_1;ENST00000637272.1_1;ENST00000637782.1_2;ENST00000637964.1_1;ENST00000638008.1_1,3UTR;CDS
chr5,127728846,127728848,longloop,353,-,chr5:127728847-127728879:-,False,"            5'- GGGGGAGCCGGTGTGGGGGCCGGGGGACAGGGACCTATCATC -3'
       rG4seq-K -------------------------------**---------",FBN2|ENSG00000138829.11_4,ENST00000262464.8_4;ENST00000508053.5_4;ENST00000508989.5_1;ENST00000619499.4_4,CDS
chr5,127728853,127728856,bulges,156,-,chr5:127728853-127728879:-,False,"            5'- GGGGGAGCCGGTGTGGGGGCCGGGGGACAGGGACCT -3'
       rG4seq-K -----------------------***----------",FBN2|ENSG00000138829.11_4,ENST00000262464.8_4;ENST00000508053.5_4;ENST00000508989.5_1;ENST00000619499.4_4,CDS
chr5,130762195,130762197,longloop,36,-,chr5:130762196-130762226:-,False,"            5'- GGGAGGGAGTAGTTTGGGGAGGAGGGTGGGAACCCTAATT -3'
       rG4seq-K -----------------------------**---------",AC008695.1|ENSG00000273217.1_6;RAPGEF6|ENSG00000158987.20_5,ENST00000507093.5_2;ENST00000509018.5_1;ENST00000512611.5_1;ENST00000514667.1_1,3UTR
chr5,132211647,132211648,two-quartet,67,-,chr5:132211647-132211666:-,False,"            5'- GGGGAGGGTTTTGGAGGGGAGATAATGTC -3'
       rG4seq-K ------------------*----------",AFF4|ENSG00000072364.12_2,ENST00000265343.9_1,3UTR
chr5,132211884,132211886,canonical/G3L1-7,26,-,chr5:132211884-132211910:-,False,"            5'- GGGATGGGTGGGGTGGGGGTAGGGGGCTCACCAACA -3'
       rG4seq-K ------------------------**----------",AFF4|ENSG00000072364.12_2,ENST00000265343.9_1,3UTR
chr5,132211891,132211893,canonical/G3L1-7,9,-,chr5:132211891-132211910:-,False,"            5'- GGGATGGGTGGGGTGGGGGTAGGGGGCTC -3'
       rG4seq-K -----------------**----------",AFF4|ENSG00000072364.12_2,ENST00000265343.9_1,3UTR
chr5,132215465,132215466,bulges,44,-,chr5:132215465-132215488:-,False,"            5'- GGGACAGGGAGTGGAGCCAGGGGTAGAGCTTAA -3'
       rG4seq-K ----------------------*----------",AFF4|ENSG00000072364.12_2,ENST00000265343.9_1,3UTR
chr5,133561558,133561560,two-quartet,117,-,chr5:133561556-133561583:-,False,"            5'- GGAGCGGCAGCCGGCTGGGGCGGGTGGCATCATGGAC -3'
       rG4seq-K -----------------------**------------",AC104109.3|ENSG00000272772.1_6;AC104109.4|ENSG00000273345.5_6;PPP2CA|ENSG00000113575.9_3,ENST00000231504.5_1;ENST00000481195.5_1;ENST00000518409.1_1;ENST00000519718.1_1;ENST00000520515.5_1,5UTR;non_coding
chr5,134363726,134363727,bulges,65,-,chr5:134363727-134363760:-,False,"            5'- GGGCAGTGCGGGCCTGGCGGGAGGTGGGGGAGGTCCATCTCAG -3'
       rG4seq-K ---------------------------------*---------",PITX1|ENSG00000069011.15_2,ENST00000265340.11_1,3UTR
chr5,134734843,134734845,longloop,33,-,chr5:134734844-134734879:-,False,"            5'- GGGCCGCGCGGGCGGGAAGCGAAGAGGCGGGCGGGCCAGCGAGGA -3'
       rG4seq-K ----------------------------------**---------",H2AFY|ENSG00000113648.16_3,ENST00000304332.8_1;ENST00000312469.8_2;ENST00000360597.8_1;ENST00000423969.6_1;ENST00000506218.1_1;ENST00000506532.5_1;ENST00000506671.5_1;ENST00000507868.5_1;ENST00000508120.5_1;ENST00000508785.5_1;ENST00000508962.1_1;ENST00000510038.1_1;ENST00000511689.5_1,5UTR
chr5,137088449,137088454,canonical/G3L1-7,523,-,chr5:137088450-137088472:-,False,"            5'- GGGTGGGGGTTGGGGTGGGGGGTAGTTTACTT -3'
       rG4seq-K ------------------*****---------",HNRNPA0|ENSG00000177733.6_3,ENST00000314940.6_1,3UTR
chr5,137088456,137088458,two-quartet,54,-,chr5:137088458-137088472:-,False,"            5'- GGGTGGGGGTTGGGGTGGGGGGTA -3'
       rG4seq-K --------------**--------",HNRNPA0|ENSG00000177733.6_3,ENST00000314940.6_1,3UTR
chr5,137088501,137088503,bulges,145,-,chr5:137088502-137088523:-,False,"            5'- GTTTTTTGGGGGGAGGGAGGGAGTGAACTTG -3'
       rG4seq-K --------------------**---------",HNRNPA0|ENSG00000177733.6_3,ENST00000314940.6_1,3UTR
chr5,137088921,137088922,bulges,185,-,chr5:137088922-137088947:-,False,"            5'- GCGGCGGCGGCGGCGGCGGTGGAGGCAGTAGCTGG -3'
       rG4seq-K -------------------------*---------",HNRNPA0|ENSG00000177733.6_3,ENST00000314940.6_1,CDS
chr5,137089993,137089994,bulges,192,-,chr5:137089994-137090028:-,False,"            5'- GGAGCGGAGGTGGCGGCGGCGGCGGTAGCGGTGGCCTTGGTTGT -3'
       rG4seq-K ----------------------------------*---------",HNRNPA0|ENSG00000177733.6_3,ENST00000314940.6_1,5UTR
chr5,137089996,137089997,bulges,132,-,chr5:137089994-137090028:-,False,"            5'- GGAGCGGAGGTGGCGGCGGCGGCGGTAGCGGTGGCCTTGGTTGT -3'
       rG4seq-K -------------------------------*------------",HNRNPA0|ENSG00000177733.6_3,ENST00000314940.6_1,5UTR
chr5,137274328,137274330,bulges,65,-,chr5:137274329-137274348:-,False,"            5'- GGGGGGTGGGGGGTGAGGGAAAACCTGGT -3'
       rG4seq-K ------------------**---------",FAM13B|ENSG00000031003.10_3,ENST00000033079.7_2,3UTR
chr5,137842854,137842856,canonical/G3L1-7,95,-,chr5:137842855-137842877:-,False,"            5'- GGGGCGGGTGGGAAGGGATGGGACACAGCTTC -3'
       rG4seq-K ---------------------**---------",ETF1|ENSG00000120705.12_3,ENST00000360541.9_1;ENST00000499810.6_1,3UTR
chr5,137842859,137842861,canonical/G3L1-7,38,-,chr5:137842860-137842877:-,False,"            5'- GGGGCGGGTGGGAAGGGATGGGACACA -3'
       rG4seq-K ----------------**---------",ETF1|ENSG00000120705.12_3,ENST00000360541.9_1;ENST00000499810.6_1,3UTR
chr5,141016374,141016375,bulges,34,-,chr5:141016375-141016401:-,False,"            5'- GGGCGGCGGGCGGCGGAGGTGCGGGGCCTGCTCCCG -3'
       rG4seq-K --------------------------*---------",HDAC3|ENSG00000171720.9_2,ENST00000305264.7_1;ENST00000492506.1_1;ENST00000495485.1_1;ENST00000519474.5_1;ENST00000523088.5_1,5UTR
chr5,141380979,141380982,canonical/G3L1-7,91,-,chr5:141380980-141381002:-,False,"            5'- GGGTGGATTTGGGTGGGTGGGGCCAAAGAGGA -3'
       rG4seq-K --------------------***---------",GNPDA1|ENSG00000113552.15_3,ENST00000311337.10_1;ENST00000500692.6_1;ENST00000503794.5_1;ENST00000508177.5_1;ENST00000513454.5_1,3UTR
chr5,149829186,149829189,longloop,73,-,chr5:149829187-149829221:-,False,"            5'- GGGACCCTGTGGGGCTTGGGACGAGAGACGGGGGTCTTTCCGTG -3'
       rG4seq-K --------------------------------***---------",RPS14|ENSG00000164587.12_4,ENST00000312037.6_2;ENST00000401695.8_2;ENST00000407193.6_2;ENST00000519690.1_1,5UTR
chr5,150480880,150480882,canonical/G3L1-7,77,-,chr5:150480881-150480912:-,False,"            5'- GGGCAGGGGTGGGGGGAGGGGTTGGGTTGGGCTCTTATCTT -3'
       rG4seq-K ------------------------------**---------",ANXA6|ENSG00000197043.13_2,ENST00000354546.9_1;ENST00000377751.9_1;ENST00000521512.5_1;ENST00000522664.5_1;ENST00000523714.5_1,3UTR
chr5,150480885,150480887,canonical/G3L1-7,39,-,chr5:150480886-150480913:-,False,"            5'- GGGGCAGGGGTGGGGGGAGGGGTTGGGTTGGGCTCTT -3'
       rG4seq-K --------------------------**---------",ANXA6|ENSG00000197043.13_2,ENST00000354546.9_1;ENST00000377751.9_1;ENST00000521512.5_1;ENST00000522664.5_1;ENST00000523714.5_1,3UTR
chr5,150480891,150480893,canonical/G3L1-7,18,-,chr5:150480891-150480913:-,False,"            5'- GGGGCAGGGGTGGGGGGAGGGGTTGGGTTGGG -3'
       rG4seq-K --------------------**----------",ANXA6|ENSG00000197043.13_2,ENST00000354546.9_1;ENST00000377751.9_1;ENST00000521512.5_1;ENST00000522664.5_1;ENST00000523714.5_1,3UTR
chr5,157285997,157285998,bulges,152,-,chr5:157285998-157286025:-,False,"            5'- GTGGGGAGCAGGAGAGGGAGGCGGCGGACCGTCCCGC -3'
       rG4seq-K ---------------------------*---------",CLINT1|ENSG00000113282.13_2,ENST00000411809.6_1;ENST00000523094.5_2;ENST00000523908.5_1;ENST00000530742.5_2,5UTR
chr5,157286006,157286007,bulges,150,-,chr5:157286007-157286032:-,False,"            5'- GGGGTCCGTGGGGAGCAGGAGAGGGAGGCGGCGGA -3'
       rG4seq-K -------------------------*---------",CLINT1|ENSG00000113282.13_2,ENST00000411809.6_1;ENST00000523094.5_2;ENST00000523908.5_1;ENST00000530742.5_2,5UTR
chr5,158584594,158584596,potential G-quadruplex & G>=40%,94,-,chr5:158584594-158584654:-,False,"            5'- TTTACATTCATCATGGCTACAGGTAGAACTGGGGAGGGGGGAATGTAATTTTTTATGGGAATTTTGATAT -3'
       rG4seq-K ----------------------------------------------------------**----------",RNF145|ENSG00000145860.11_4,ENST00000274542.6_2;ENST00000424310.6_3;ENST00000518284.1_1;ENST00000519865.5_3;ENST00000611185.4_3,3UTR
chr5,158585046,158585048,canonical/G3L1-7,173,-,chr5:158585047-158585072:-,False,"            5'- GGGAAGGGGTGGGTGGGCACTTGGGCCTTGCGGGT -3'
       rG4seq-K ------------------------**---------",RNF145|ENSG00000145860.11_4,ENST00000274542.6_2;ENST00000424310.6_3;ENST00000518284.1_1;ENST00000519865.5_3;ENST00000519985.1_1;ENST00000611185.4_3,3UTR
chr5,158585054,158585056,canonical/G3L1-7,81,-,chr5:158585055-158585072:-,False,"            5'- GGGAAGGGGTGGGTGGGCACTTGGGCC -3'
       rG4seq-K ----------------**---------",RNF145|ENSG00000145860.11_4,ENST00000274542.6_2;ENST00000424310.6_3;ENST00000518284.1_1;ENST00000519865.5_3;ENST00000519985.1_1;ENST00000611185.4_3,3UTR
chr5,171289119,171289120,bulges,125,-,chr5:171289117-171289145:-,False,"            5'- GGGGGAAGGGAGGGGGCAGGGGAGGAGGCAATTCTGAA -3'
       rG4seq-K -------------------------*------------",FBXW11|ENSG00000072803.17_3,ENST00000265094.9_2;ENST00000296933.10_2,3UTR
chr5,171289122,171289126,canonical/G3L1-7,38,-,chr5:171289123-171289145:-,False,"            5'- GGGGGAAGGGAGGGGGCAGGGGAGGAGGCAAT -3'
       rG4seq-K -------------------****---------",FBXW11|ENSG00000072803.17_3,ENST00000265094.9_2;ENST00000296933.10_2,3UTR
chr5,171763348,171763350,bulges,25,-,chr5:171763348-171763379:-,False,"            5'- GATGGCAGCCAGGGGAAGAAGGGAGGTGGGGAAGGGCCGCC -3'
       rG4seq-K -----------------------------**----------",SH3PXD2B|ENSG00000174705.12_3,ENST00000311601.5_1;ENST00000518522.5_1;ENST00000519643.5_1;ENST00000636523.1_1,3UTR
chr5,172742898,172742899,longloop,88,-,chr5:172742899-172742933:-,False,"            5'- GGGTGGGGAGGGGAATCATTGGTTGGGGGAAGGGAGGAAACCCC -3'
       rG4seq-K ----------------------------------*---------",STC2|ENSG00000113739.10_3,ENST00000265087.8_1,3UTR
chr5,172742905,172742906,longloop,61,-,chr5:172742905-172742933:-,False,"            5'- GGGTGGGGAGGGGAATCATTGGTTGGGGGAAGGGAGGA -3'
       rG4seq-K ---------------------------*----------",STC2|ENSG00000113739.10_3,ENST00000265087.8_1,3UTR
chr5,172742920,172742922,bulges,42,-,chr5:172742920-172742943:-,False,"            5'- GCCGGCGGTTGGGTGGGGAGGGGAATCATTGGT -3'
       rG4seq-K ---------------------**----------",STC2|ENSG00000113739.10_3,ENST00000265087.8_1,3UTR
chr5,172744180,172744181,longloop,638,-,chr5:172744181-172744207:-,False,"            5'- GGGCTGGGGGGGACACTGTCCAAGGGAGTGGCCCCT -3'
       rG4seq-K --------------------------*---------",STC2|ENSG00000113739.10_3,ENST00000265087.8_1,3UTR
chr5,172744248,172744249,two-quartet,458,-,chr5:172744249-172744267:-,False,"            5'- GGCGAGGGTGGAGGGAGGAGTGTCATTT -3'
       rG4seq-K ------------------*---------",STC2|ENSG00000113739.10_3,ENST00000265087.8_1,3UTR
chr5,172744251,172744252,two-quartet,374,-,chr5:172744249-172744267:-,False,"            5'- GGCGAGGGTGGAGGGAGGAGTGTCATTT -3'
       rG4seq-K ---------------*------------",STC2|ENSG00000113739.10_3,ENST00000265087.8_1,3UTR
chr5,172744325,172744329,bulges,223,-,chr5:172744324-172744354:-,False,"            5'- GGTGGAGAGGAGGCAGGGGCCGAGGGGGTGCTTGGTGCCA -3'
       rG4seq-K -------------------------****-----------",STC2|ENSG00000113739.10_3,ENST00000265087.8_1,3UTR
chr5,172744515,172744517,longloop,161,-,chr5:172744516-172744544:-,False,"            5'- GGGGGAGGTGAACCAGGGAGGGGCAGGGCAAGGCAGGG -3'
       rG4seq-K ---------------------------**---------",STC2|ENSG00000113739.10_3,ENST00000265087.8_1,3UTR
chr5,172755242,172755244,bulges,330,-,chr5:172755241-172755279:-,False,"            5'- GCGGCGAAGGAGGAAGAGGAGGAGGAGGAAGAGGGGAGCACAAAGGAT -3'
       rG4seq-K -----------------------------------**-----------",STC2|ENSG00000113739.10_3,ENST00000265087.8_1;ENST00000519511.1_1,5UTR
chr5,172755250,172755251,bulges,242,-,chr5:172755251-172755290:-,False,"            5'- GAGGAGGGGAAGCGGCGAAGGAGGAAGAGGAGGAGGAGGAAGAGGGGAG -3'
       rG4seq-K ---------------------------------------*---------",STC2|ENSG00000113739.10_3,ENST00000265087.8_1;ENST00000519511.1_1,5UTR
chr5,172755253,172755254,bulges,198,-,chr5:172755251-172755290:-,False,"            5'- GAGGAGGGGAAGCGGCGAAGGAGGAAGAGGAGGAGGAGGAAGAGGGGAG -3'
       rG4seq-K ------------------------------------*------------",STC2|ENSG00000113739.10_3,ENST00000265087.8_1;ENST00000519511.1_1,5UTR
chr5,172755256,172755257,bulges,173,-,chr5:172755255-172755291:-,False,"            5'- GGAGGAGGGGAAGCGGCGAAGGAGGAAGAGGAGGAGGAGGAAGAGG -3'
       rG4seq-K ----------------------------------*-----------",STC2|ENSG00000113739.10_3,ENST00000265087.8_1;ENST00000519511.1_1,5UTR
chr5,172755281,172755283,bulges,139,-,chr5:172755281-172755322:-,False,"            5'- GGGAAAAGGCGAGCAAAAAGGAAGAGTGGGAGGAGGAGGGGAAGCGGCGAA -3'
       rG4seq-K ---------------------------------------**----------",STC2|ENSG00000113739.10_3,ENST00000265087.8_1;ENST00000519511.1_1,5UTR
chr5,175955028,175955030,longloop,32,-,chr5:175955027-175955070:-,False,"            5'- GGGCTGGGCTGGGCGGCCGGCGGTCGTGGGGCAGGGTTGGGGGTCTGTGCTCA -3'
       rG4seq-K ----------------------------------------**-----------",RNF44|ENSG00000146083.11_2,ENST00000274811.8_1,3UTR
chr5,175955946,175955948,canonical/G3L1-7,52,-,chr5:175955947-175955971:-,False,"            5'- GGGGCCCAGGGAGGATGGGGAGGGAGTGGCCCAG -3'
       rG4seq-K -----------------------**---------",RNF44|ENSG00000146083.11_2,ENST00000274811.8_1;ENST00000506378.1_1;ENST00000513029.5_1,3UTR
chr5,176758745,176758746,bulges,160,-,chr5:176758744-176758769:-,False,"            5'- GGGGTGGGCTCCTGAGGACGTGGGGAAGTGATTTT -3'
       rG4seq-K -----------------------*-----------",LMAN2|ENSG00000169223.14_4,ENST00000303127.11_1,3UTR
chr5,176778569,176778571,two-quartet,256,-,chr5:176778571-176778598:-,False,"            5'- GGGAAGGCCTGGGCTTCTCGGCCCCGGCCCTGGCCCC -3'
       rG4seq-K ---------------------------**--------",LMAN2|ENSG00000169223.14_4,ENST00000303127.11_1;ENST00000502560.5_3;ENST00000506310.1_1;ENST00000514458.5_1;ENST00000515209.5_1,CDS
chr5,177635686,177635687,canonical/G3L1-7,83,-,chr5:177635686-177635709:-,False,"            5'- GGGGTGGAATGGGGTAGGGTGGGATACTTTAAA -3'
       rG4seq-K ----------------------*----------",PHYKPL|ENSG00000175309.14_3,ENST00000308158.9_1;ENST00000393488.2_3;ENST00000474052.5_1;ENST00000481436.5_1;ENST00000481811.5_1;ENST00000489262.5_1;ENST00000493197.5_1;ENST00000494126.6_1;ENST00000510991.5_1,3UTR
chr5,177635689,177635691,two-quartet,27,-,chr5:177635691-177635710:-,False,"            5'- GGGGGTGGAATGGGGTAGGGTGGGATACT -3'
       rG4seq-K -------------------**--------",PHYKPL|ENSG00000175309.14_3,ENST00000308158.9_1;ENST00000393488.2_3;ENST00000474052.5_1;ENST00000481436.5_1;ENST00000481811.5_1;ENST00000489262.5_1;ENST00000493197.5_1;ENST00000494126.6_1;ENST00000510991.5_1,3UTR
chr5,179041847,179041849,potential G-quadruplex & G>=40%,658,-,chr5:179041847-179041907:-,False,"            5'- ATGGGCGTGAACGGAATGGGAGGGTTGTCTAGCATGTCCAGTATGAGTGGTGGATGGGGAATGTAATTGA -3'
       rG4seq-K ----------------------------------------------------------**----------",HNRNPH1|ENSG00000169045.17_3,ENST00000329433.10_2;ENST00000356731.9_2;ENST00000393432.8_2;ENST00000442819.6_2;ENST00000502632.5_1;ENST00000502904.5_1;ENST00000510411.5_1;ENST00000510678.5_1;ENST00000514332.5_1;ENST00000515481.5_1;ENST00000519033.5_3;ENST00000521720.5_1;ENST00000523449.5_1;ENST00000524179.1_1,3UTR;CDS
chr5,179045048,179045052,bulges,4798,-,"chr5:179045145-179045174:-,chr5:179045051-179045061:-",True,"            5'- GAGGATGAGGCGTGGTGCTTATGGTGGAGGCTATGGAGGCTATGATGAT -3'
       rG4seq-K --------------------------------------**-*-------",HNRNPH1|ENSG00000169045.17_3,ENST00000329433.10_2;ENST00000356731.9_2;ENST00000393432.8_2;ENST00000442819.6_2;ENST00000502632.5_1;ENST00000502904.5_1;ENST00000503105.5_1;ENST00000504549.5_1;ENST00000504779.6_1;ENST00000510411.5_1;ENST00000510678.5_1;ENST00000514332.5_1;ENST00000514731.5_1;ENST00000515481.5_1;ENST00000518548.5_1;ENST00000519958.5_3;ENST00000520415.1_1;ENST00000521173.5_1;ENST00000523921.1_1,3UTR;CDS
chr5,179046341,179046342,two-quartet,600,-,chr5:179046342-179046371:-,False,"            5'- GGACTTCCAGGGGAGGAGTACGGGGGAGGCCTTCGTGCA -3'
       rG4seq-K -----------------------------*---------",HNRNPH1|ENSG00000169045.17_3,ENST00000329433.10_2;ENST00000356731.9_2;ENST00000393432.8_2;ENST00000442819.6_2;ENST00000503105.5_1;ENST00000504348.5_1;ENST00000504779.6_1;ENST00000505811.5_1;ENST00000506721.5_3;ENST00000508103.5_1;ENST00000510411.5_1;ENST00000510431.5_1;ENST00000510678.5_1;ENST00000513225.5_1;ENST00000514332.5_1;ENST00000514731.5_1;ENST00000515481.5_1;ENST00000518548.5_1;ENST00000519056.5_1;ENST00000519958.5_3;ENST00000520415.1_1;ENST00000521173.5_1;ENST00000521790.5_1;ENST00000522958.5_1;ENST00000523137.5_1,CDS
chr5,179046345,179046346,two-quartet,516,-,chr5:179046346-179046371:-,False,"            5'- GGACTTCCAGGGGAGGAGTACGGGGGAGGCCTTCG -3'
       rG4seq-K -------------------------*---------",HNRNPH1|ENSG00000169045.17_3,ENST00000329433.10_2;ENST00000356731.9_2;ENST00000393432.8_2;ENST00000442819.6_2;ENST00000503105.5_1;ENST00000504348.5_1;ENST00000504779.6_1;ENST00000505811.5_1;ENST00000506721.5_3;ENST00000508103.5_1;ENST00000510411.5_1;ENST00000510431.5_1;ENST00000510678.5_1;ENST00000513225.5_1;ENST00000514332.5_1;ENST00000514731.5_1;ENST00000515481.5_1;ENST00000518548.5_1;ENST00000519056.5_1;ENST00000519958.5_3;ENST00000520415.1_1;ENST00000521173.5_1;ENST00000521790.5_1;ENST00000522958.5_1;ENST00000523137.5_1,CDS
chr5,180218796,180218797,longloop,77,-,chr5:180218797-180218828:-,False,"            5'- GGGGAGGTGCGGGTGCAGTATACGGGCAGGGACAGCTTCAA -3'
       rG4seq-K -------------------------------*---------",MGAT1|ENSG00000131446.16_4,ENST00000307826.4_1;ENST00000333055.8_1;ENST00000393340.7_1;ENST00000427865.2_1;ENST00000446023.6_1,CDS
chr5,180236743,180236745,canonical/G3L1-7,7,-,chr5:180236744-180236767:-,False,"            5'- GGGGAGGGGGCAACAGGGGTGGGTTTTCGGGCT -3'
       rG4seq-K ----------------------**---------",MGAT1|ENSG00000131446.16_4,ENST00000333055.8_1;ENST00000393340.7_1;ENST00000446023.6_1;ENST00000504385.5_1;ENST00000506033.1_1;ENST00000506708.1_1;ENST00000506889.1_1;ENST00000508090.1_1;ENST00000508702.1_1;ENST00000510341.1_1;ENST00000510962.1_1;ENST00000512080.1_1;ENST00000513149.1_1;ENST00000513431.5_1;ENST00000514438.1_3;ENST00000514760.1_1,5UTR
chr6,1613974,1613979,two-quartet,66,+,chr6:1613964-1613978:+,False,"            5'- GGGGGGGTGGGGGGCTTGCAGTTT -3'
       rG4seq-K ----------*****---------",FOXC1|ENSG00000054598.7_3,ENST00000380874.3_1;ENST00000645831.1_1,3UTR
chr6,2765687,2765689,bulges,19,+,chr6:2765659-2765690:+,False,"            5'- GCGGCCGGCCGAGGGCGGGCGGACGCGGGAGCTGCGGACGT -3'
       rG4seq-K ----------------------------**-----------",WRNIP1|ENSG00000124535.15_3,ENST00000380771.8_2;ENST00000380773.8_3;ENST00000618555.4_3,5UTR
chr6,7541902,7541904,Unknown,20,+,chr6:7541844-7541904:+,False,"            5'- AGCGGGGAGGAGACTCGCTCCGCCGCCGACCAACACCAACACCCAGCTCCGACGCAGCTCCTCTGCGCCC -3'
       rG4seq-K ----------------------------------------------------------**----------",DSP|ENSG00000096696.13_3,ENST00000379802.7_3;ENST00000418664.2_3,5UTR
chr6,7609884,7609885,two-quartet,56,+,chr6:7609858-7609884:+,False,"            5'- GGTGCAAATCAGGATTGGGAGGGTGGTCAGAGGGAA -3'
       rG4seq-K --------------------------*---------",SNRNP48|ENSG00000168566.12_2,ENST00000342415.5_1,3UTR
chr6,7609891,7609893,bulges,238,+,chr6:7609874-7609892:+,False,"            5'- GGGAGGGTGGTCAGAGGGAACTTTAGCT -3'
       rG4seq-K -----------------**---------",SNRNP48|ENSG00000168566.12_2,ENST00000342415.5_1,3UTR
chr6,11136284,11136285,bulges,64,+,chr6:11136254-11136284:+,False,"            5'- GGGGGGGAGGGGGTAACCAAGATTTCAGGGTAGTAACTTA -3'
       rG4seq-K ------------------------------*---------",SMIM13|ENSG00000224531.5_2,ENST00000416247.3_1,3UTR
chr6,13614550,13614552,canonical/G3L1-7,24,+,chr6:13614527-13614551:+,False,"            5'- GGGCAGAGTGGGATGGGGTAGGGGTAAGGTGCTT -3'
       rG4seq-K -----------------------**---------",SIRT5|ENSG00000124523.15_3,ENST00000359782.8_2;ENST00000379250.10_2;ENST00000397350.6_1;ENST00000606117.1_1,3UTR
chr6,14131778,14131779,bulges,248,+,chr6:14131755-14131780:+,False,"            5'- GGAGGGTGGTGAAGAGAGGATGGAGACACCCCAGG -3'
       rG4seq-K -----------------------*-----------",CD83|ENSG00000112149.9_2,ENST00000379153.3_1;ENST00000612003.4_1,5UTR;CDS
chr6,15496745,15496746,longloop,32,+,chr6:15496721-15496745:+,False,"            5'- GGGGGGGCGGCAGCTGCGGGAGGGCCTGCAGCTG -3'
       rG4seq-K ------------------------*---------",JARID2|ENSG00000008083.13_2,ENST00000341776.6_1;ENST00000397311.4_1,CDS
chr6,15521659,15521661,bulges,15,+,chr6:15521642-15521662:+,False,"            5'- GGTGGGGGGTGGGGAGGGGGGTGAGAAGAC -3'
       rG4seq-K -----------------**-----------",JARID2|ENSG00000008083.13_2,ENST00000341776.6_1;ENST00000397311.4_1,3UTR
chr6,20492669,20492671,canonical/G3L1-7,39,+,chr6:20492650-20492670:+,False,"            5'- GGGGTGGGGGAGGGAGAGGGAGCTTTGTGT -3'
       rG4seq-K -------------------**---------",E2F3|ENSG00000112242.14_4,ENST00000346618.7_1;ENST00000535432.2_2;ENST00000613242.4_1,3UTR
chr6,20493654,20493656,bulges,46,+,chr6:20493631-20493655:+,False,"            5'- GGGTGGCAATTGTCAGGGTGTGGGAATTTCTTTT -3'
       rG4seq-K -----------------------**---------",E2F3|ENSG00000112242.14_4,ENST00000346618.7_1;ENST00000535432.2_2;ENST00000613242.4_1,3UTR
chr6,21597010,21597013,bulges,41,+,chr6:21596975-21597011:+,False,"            5'- GGGGCGGGGGCGGAGGAGGACACGAACTGGAAGGGGGTTCACGGTC -3'
       rG4seq-K -----------------------------------***--------",SOX4|ENSG00000124766.6_3,ENST00000244745.3_2,3UTR
chr6,26523289,26523292,two-quartet,27,+,chr6:26523272-26523291:+,False,"            5'- GGGGAGGAGAGAGGAGGGGGAGGTGCAGA -3'
       rG4seq-K -----------------***---------",HCG11|ENSG00000228223.3_5,ENST00000411553.3_3,non_coding
chr6,26523573,26523574,bulges,58,+,chr6:26523551-26523573:+,False,"            5'- GGGTTGATGGAGATGGGAAGGGTTCTAGGCCA -3'
       rG4seq-K ----------------------*---------",HCG11|ENSG00000228223.3_5,ENST00000411553.3_3,non_coding
chr6,26523885,26523886,two-quartet,98,+,chr6:26523864-26523885:+,False,"            5'- GGTTTAGAGGAGGTGGGAGGGAAGAAATTGC -3'
       rG4seq-K ---------------------*---------",HCG11|ENSG00000228223.3_5,ENST00000411553.3_3,non_coding
chr6,26526046,26526047,bulges,12,+,chr6:26526026-26526048:+,False,"            5'- GTGGTGGGGTGGGGAGGAGGAGGAGGTATGCA -3'
       rG4seq-K --------------------*-----------",HCG11|ENSG00000228223.3_5,ENST00000411553.3_3,non_coding
chr6,26526049,26526050,bulges,18,+,chr6:26526026-26526052:+,False,"            5'- GTGGTGGGGTGGGGAGGAGGAGGAGGTATGCAGGGA -3'
       rG4seq-K -----------------------*------------",HCG11|ENSG00000228223.3_5,ENST00000411553.3_3,non_coding
chr6,26526061,26526062,bulges,48,+,chr6:26526026-26526063:+,False,"            5'- GTGGTGGGGTGGGGAGGAGGAGGAGGTATGCAGGGAGAAGGGTTCTG -3'
       rG4seq-K -----------------------------------*-----------",HCG11|ENSG00000228223.3_5,ENST00000411553.3_3,non_coding
chr6,29912416,29912418,bulges,18,+,chr6:29912387-29912417:+,False,"            5'- GCTCAGGTGGAGAAGGGGTGAAGGGTGGGGTCTGAGATTT -3'
       rG4seq-K -----------------------------**---------",HLA-A|ENSG00000206503.12_3,ENST00000376802.2_1;ENST00000376806.9_2;ENST00000376809.9_2;ENST00000396634.5_2;ENST00000461903.1_1;ENST00000479320.5_1;ENST00000495183.5_1;ENST00000496081.5_1;ENST00000638375.1_1,CDS
chr6,30035056,30035059,two-quartet,112,+,chr6:30035027-30035058:+,False,"            5'- GGTGGAGAAGCGGAGGCCCAGGAGGAGGGGGAATAAAGAAG -3'
       rG4seq-K -----------------------------***---------",PPP1R11|ENSG00000204619.7_2,ENST00000376769.6_1;ENST00000376772.7_1;ENST00000376773.5_1,5UTR
chr6,30037867,30037869,longloop,158,+,chr6:30037830-30037868:+,False,"            5'- GGGACCTGGGTCTCTGGGAGAGGAAGGAAGAGGGAGGGAGCAAAGAGA -3'
       rG4seq-K -------------------------------------**---------",PPP1R11|ENSG00000204619.7_2,ENST00000376758.1_1;ENST00000376763.5_1;ENST00000376765.6_1;ENST00000376769.6_1;ENST00000376772.7_1;ENST00000376773.5_1,3UTR
chr6,30539219,30539220,potential G-quadruplex & G>=40%,91,+,chr6:30539160-30539220:+,False,"            5'- GGGTTGGCCGCGCCAGCTTGGAGAGCCAGCCCCATCGGGGTTCCCCGCCGCCGGAAGCGGAAATAGCACC -3'
       rG4seq-K -----------------------------------------------------------*----------",ABCF1|ENSG00000204574.12_3,ENST00000326195.12_1;ENST00000376545.7_1;ENST00000441867.5_2;ENST00000468958.1_2,5UTR
chr6,30550214,30550218,two-quartet,652,+,chr6:30550191-30550217:+,False,"            5'- GGGGAAGAAGAGGAGGAGGAAGGAGGAGAGTCTAAG -3'
       rG4seq-K -----------------------*-**---------",ABCF1|ENSG00000204574.12_3,ENST00000326195.12_1;ENST00000376545.7_1;ENST00000441867.5_2,CDS
chr6,30594040,30594041,bulges,457,+,chr6:30594013-30594040:+,False,"            5'- GGGATAAATCTTGAGGCTGAGGGCGGGTGGTACAGAT -3'
       rG4seq-K ---------------------------*---------",MRPS18B|ENSG00000204568.11_2,ENST00000259873.4_1;ENST00000472229.1_1;ENST00000472267.5_1,3UTR
chr6,30594043,30594044,two-quartet,495,+,chr6:30594027-30594043:+,False,"            5'- GGCTGAGGGCGGGTGGTACAGATGTG -3'
       rG4seq-K ----------------*---------",MRPS18B|ENSG00000204568.11_2,ENST00000259873.4_1;ENST00000472229.1_1;ENST00000472267.5_1,3UTR
chr6,30594058,30594059,bulges,526,+,chr6:30594033-30594059:+,False,"            5'- GGGCGGGTGGTACAGATGTGTATGGGAAACCCCAAC -3'
       rG4seq-K -------------------------*----------",MRPS18B|ENSG00000204568.11_2,ENST00000259873.4_1;ENST00000472229.1_1;ENST00000472267.5_1,3UTR
chr6,30692865,30692869,canonical/G3L1-7,966,+,chr6:30692843-30692868:+,False,"            5'- GGGATCAAGGGGGTTGGGAGGGGGGAAAGAGACCA -3'
       rG4seq-K ----------------------****---------",TUBB|ENSG00000196230.12_2,ENST00000327892.12_1;ENST00000330914.7_1;ENST00000396384.1_1;ENST00000396389.5_1,3UTR
chr6,30867742,30867743,bulges,106,+,chr6:30867722-30867742:+,False,"            5'- GGGATTGGGGGGAAAGAGGGAGCAACGGCC -3'
       rG4seq-K --------------------*---------",DDR1|ENSG00000204580.13_3,ENST00000324771.12_1;ENST00000376567.6_1;ENST00000376568.7_1;ENST00000376569.7_1;ENST00000376570.8_1;ENST00000446312.5_1;ENST00000452441.5_1;ENST00000454612.6_1,3UTR
chr6,30881805,30881807,canonical/G3L1-7,10,+,chr6:30881789-30881806:+,False,"            5'- GGGCGGGACTGGGCGGGGCGGGGCATC -3'
       rG4seq-K ----------------**---------",GTF2H4|ENSG00000213780.10_3;VARS2|ENSG00000137411.17_4,ENST00000259895.8_1;ENST00000376316.5_1;ENST00000475845.1_1;ENST00000477288.5_1;ENST00000483318.5_1,3UTR;non_coding
chr6,30881811,30881813,canonical/G3L1-7,36,+,chr6:30881789-30881812:+,False,"            5'- GGGCGGGACTGGGCGGGGCGGGGCATCAGAACT -3'
       rG4seq-K ----------------------**---------",GTF2H4|ENSG00000213780.10_3;VARS2|ENSG00000137411.17_4,ENST00000259895.8_1;ENST00000376316.5_1;ENST00000475845.1_1;ENST00000477288.5_1;ENST00000483318.5_1,3UTR;non_coding
chr6,31526547,31526549,bulges,39,+,chr6:31526530-31526548:+,False,"            5'- GGGGGTGGGGGGTGCGGGCCGCCACCAC -3'
       rG4seq-K -----------------**---------",NFKBIL1|ENSG00000204498.10_3,ENST00000376145.8_1;ENST00000376146.8_2;ENST00000376148.8_2,3UTR
chr6,31599579,31599582,canonical/G3L1-7,37,+,chr6:31599552-31599580:+,False,"            5'- GGGAGGGGTTTTCGGGGGACCTATGGGGGACGAGGGCG -3'
       rG4seq-K ---------------------------***--------",PRRC2A|ENSG00000204469.12_2,ENST00000376007.8_1;ENST00000376033.2_1,CDS
chr6,31599591,31599593,canonical/G3L1-7,70,+,chr6:31599566-31599593:+,False,"            5'- GGGGACCTATGGGGGACGAGGGCGGGGAGCCCGAAGC -3'
       rG4seq-K -------------------------**----------",PRRC2A|ENSG00000204469.12_2,ENST00000376007.8_1;ENST00000376033.2_1,CDS
chr6,31600700,31600702,bulges,29,+,chr6:31600672-31600700:+,False,"            5'- GTGGCAGCAGCAGTGGAGGAGGCGGTGGGGGTCCTGGA -3'
       rG4seq-K ----------------------------**--------",PRRC2A|ENSG00000204469.12_2,ENST00000376007.8_1;ENST00000376033.2_1,CDS
chr6,31601681,31601683,longloop,59,+,chr6:31601655-31601682:+,False,"            5'- GGGCCAATGGTGAGAGGGGTGGGTGGGACTCCTCGGG -3'
       rG4seq-K --------------------------**---------",PRRC2A|ENSG00000204469.12_2,ENST00000376007.8_1;ENST00000376033.2_1,CDS
chr6,31601691,31601693,canonical/G3L1-7,123,+,chr6:31601670-31601692:+,False,"            5'- GGGGTGGGTGGGACTCCTCGGGACTCTGCCGG -3'
       rG4seq-K ---------------------**---------",PRRC2A|ENSG00000204469.12_2,ENST00000376007.8_1;ENST00000376033.2_1,CDS
chr6,31605443,31605447,canonical/G3L1-7,21,+,chr6:31605419-31605445:+,False,"            5'- GGGGGAAAGGGGTGGGCGGGGAGGGGTTCTGGGGCT -3'
       rG4seq-K ------------------------****--------",PRRC2A|ENSG00000204469.12_2,ENST00000376007.8_1;ENST00000376033.2_1;ENST00000462617.1_1;ENST00000482441.1_1;ENST00000492691.5_1,3UTR
chr6,31605452,31605454,canonical/G3L1-7,33,+,chr6:31605427-31605453:+,False,"            5'- GGGGTGGGCGGGGAGGGGTTCTGGGGCTGGGGCCTC -3'
       rG4seq-K -------------------------**---------",PRRC2A|ENSG00000204469.12_2,ENST00000376007.8_1;ENST00000376033.2_1;ENST00000462617.1_1;ENST00000482441.1_1;ENST00000492691.5_1,3UTR
chr6,31605458,31605460,canonical/G3L1-7,90,+,chr6:31605432-31605459:+,False,"            5'- GGGCGGGGAGGGGTTCTGGGGCTGGGGCCTCACTTCC -3'
       rG4seq-K --------------------------**---------",PRRC2A|ENSG00000204469.12_2,ENST00000376007.8_1;ENST00000376033.2_1;ENST00000462617.1_1;ENST00000482441.1_1;ENST00000492691.5_1,3UTR
chr6,31727940,31727941,bulges,50,+,chr6:31727919-31727940:+,False,"            5'- GTGGTGGGGACAAAGGGAGGGTCAAAGTCAT -3'
       rG4seq-K ---------------------*---------",MSH5-SAPCD1|ENSG00000255152.8_3;MSH5|ENSG00000204410.14_3,ENST00000375703.7_1;ENST00000375740.7_1;ENST00000375750.7_1;ENST00000375755.7_1;ENST00000395853.5_1;ENST00000423982.6_1;ENST00000463144.5_1;ENST00000484309.5_1;ENST00000493662.6_1;ENST00000494646.1_1;ENST00000498473.6_3,3UTR;CDS
chr6,31802844,31802846,two-quartet,516,+,chr6:31802822-31802848:+,False,"            5'- GGCCTGGCTGGGGTAGGAGAGGGCGGTCCCCAGTGC -3'
       rG4seq-K ----------------------**------------",AL671762.1|ENSG00000285565.1_1;C6orf48|ENSG00000204387.13_3,ENST00000375635.6_2;ENST00000375638.7_2;ENST00000375639.7_2;ENST00000375640.7_2;ENST00000375641.6_2;ENST00000375642.6_2;ENST00000395789.5_2;ENST00000614363.4_2;ENST00000648677.1_1;ENST00000649802.1_1,5UTR;non_coding
chr6,31802848,31802849,two-quartet,598,+,chr6:31802822-31802848:+,False,"            5'- GGCCTGGCTGGGGTAGGAGAGGGCGGTCCCCAGTGC -3'
       rG4seq-K --------------------------*---------",AL671762.1|ENSG00000285565.1_1;C6orf48|ENSG00000204387.13_3,ENST00000375635.6_2;ENST00000375638.7_2;ENST00000375639.7_2;ENST00000375640.7_2;ENST00000375641.6_2;ENST00000375642.6_2;ENST00000395789.5_2;ENST00000614363.4_2;ENST00000648677.1_1;ENST00000649802.1_1,5UTR;non_coding
chr6,31913878,31913880,canonical/G3L1-7,79,+,chr6:31913852-31913879:+,False,"            5'- GGGGGCTGGTGGGGAGCAGGGGAAGGGAATGTGACCA -3'
       rG4seq-K --------------------------**---------",AL645922.1|ENSG00000244255.5_6;CFB|ENSG00000243649.8_3,ENST00000425368.6_1;ENST00000456570.5_3;ENST00000472581.1_1;ENST00000475617.5_1;ENST00000477310.1_3,5UTR;non_coding
chr6,32146352,32146354,longloop,51,+,chr6:32146314-32146353:+,False,"            5'- GGGCCCCGAAGGGCCAAATCGCGAGCGGGGCGGGGCGGGCGCGACCTTC -3'
       rG4seq-K --------------------------------------**---------",RNF5|ENSG00000204308.7_2,ENST00000375094.3_1;ENST00000487940.1_1,CDS
chr6,32822050,32822051,bulges,54,+,chr6:32822018-32822050:+,False,"            5'- GGAGCACCAACCGGGGACTTACCCCGGGCGGGAGAAGTCCAC -3'
       rG4seq-K --------------------------------*---------",PSMB9|ENSG00000240065.7_3,ENST00000374859.2_1;ENST00000395330.5_1;ENST00000414474.5_1;ENST00000464863.1_1,CDS
chr6,32939616,32939618,bulges,34,+,chr6:32939584-32939619:+,False,"            5'- GGAGGCGGGGAGAGAGTGCTGGAGGCTCTGGGGCGATGGCTTCCG -3'
       rG4seq-K --------------------------------**-----------",BRD2|ENSG00000204256.12_6,ENST00000374825.8_1;ENST00000374831.8_1;ENST00000456339.5_1;ENST00000482914.5_1;ENST00000495733.5_1;ENST00000496118.2_1;ENST00000580234.1_1;ENST00000581002.1_1;ENST00000584808.1_1,5UTR;CDS
chr6,32945714,32945715,bulges,248,+,chr6:32945677-32945714:+,False,"            5'- GAGGAAGAGGAGGAGGAAGATGAGGAGGACGAGGAGGAAGAAGAGAG -3'
       rG4seq-K -------------------------------------*---------",BRD2|ENSG00000204256.12_6,ENST00000374825.8_1;ENST00000374831.8_1;ENST00000395287.5_1;ENST00000449025.5_2;ENST00000449085.3_1;ENST00000463639.1_1;ENST00000464592.5_1;ENST00000481259.1_3;ENST00000482914.5_1;ENST00000495733.5_1;ENST00000607833.5_6,3UTR;CDS
chr6,32948766,32948767,canonical/G3L1-7,132,+,chr6:32948747-32948766:+,False,"            5'- GGGGCAGGGCAAGGGTGGGAGTGTGCAAA -3'
       rG4seq-K -------------------*---------",BRD2|ENSG00000204256.12_6,ENST00000374825.8_1;ENST00000374831.8_1;ENST00000395287.5_1;ENST00000449025.5_2;ENST00000449085.3_1;ENST00000469132.1_1;ENST00000482914.5_1,3UTR
chr6,32948922,32948923,potential G-quadruplex & G>=40%,116,+,chr6:32948863-32948923:+,False,"            5'- AGCTAGGTAAGGCTGGGGGGAGGGTGGGGCCGTGGTCCCCTCAGCCTCCATGGGGAGGGAAGAAGGGGGA -3'
       rG4seq-K -----------------------------------------------------------*----------",BRD2|ENSG00000204256.12_6,ENST00000374825.8_1;ENST00000374831.8_1;ENST00000395287.5_1;ENST00000449025.5_2;ENST00000449085.3_1;ENST00000469132.1_1;ENST00000482914.5_1,3UTR
chr6,32948930,32948933,two-quartet,169,+,chr6:32948914-32948932:+,False,"            5'- GGGGAGGGAAGAAGGGGGAGCTCTTTTT -3'
       rG4seq-K ----------------***---------",BRD2|ENSG00000204256.12_6,ENST00000374825.8_1;ENST00000374831.8_1;ENST00000395287.5_1;ENST00000449025.5_2;ENST00000449085.3_1;ENST00000469132.1_1;ENST00000482914.5_1,3UTR
chr6,33168912,33168913,longloop,130,+,chr6:33168878-33168912:+,False,"            5'- GGGAACAATGTAGGTGGGAACTTAAGGGAATGGGAGAGCGGCCC -3'
       rG4seq-K ----------------------------------*---------",SLC39A7|ENSG00000112473.17_4,ENST00000374675.7_2;ENST00000374677.7_1;ENST00000444757.5_3,5UTR
chr6,33172089,33172093,canonical/G3L1-7,167,+,chr6:33172066-33172092:+,False,"            5'- GGGAGTGATTGGGGGGATGGGGTGGGAGAGGGTTAG -3'
       rG4seq-K -----------------------*-**---------",SLC39A7|ENSG00000112473.17_4,ENST00000374675.7_2;ENST00000374677.7_1;ENST00000463972.1_1,3UTR
chr6,33172097,33172099,canonical/G3L1-7,567,+,chr6:33172066-33172098:+,False,"            5'- GGGAGTGATTGGGGGGATGGGGTGGGAGAGGGTTAGTTGGTA -3'
       rG4seq-K -------------------------------**---------",SLC39A7|ENSG00000112473.17_4,ENST00000374675.7_2;ENST00000374677.7_1;ENST00000463972.1_1,3UTR
chr6,33179015,33179016,longloop,38,+,chr6:33178989-33179015:+,False,"            5'- GGGGGGGAAGGAGAGCCCGGGGAGGGAGAAGGGGAT -3'
       rG4seq-K --------------------------*---------",RING1|ENSG00000204227.4_2,ENST00000374656.4_1;ENST00000478431.1_1,CDS
chr6,33179022,33179024,longloop,54,+,chr6:33178992-33179023:+,False,"            5'- GGGGAAGGAGAGCCCGGGGAGGGAGAAGGGGATGGAGAAGA -3'
       rG4seq-K ------------------------------**---------",RING1|ENSG00000204227.4_2,ENST00000374656.4_1;ENST00000478431.1_1,CDS
chr6,33179154,33179157,longloop,14,+,chr6:33179118-33179156:+,False,"            5'- GGGACAGGGGGAGGCGGCACTGGTGGGGTGGGTGGGGGTGCCGGTTCG -3'
       rG4seq-K ------------------------------------***---------",RING1|ENSG00000204227.4_2,ENST00000374656.4_1;ENST00000478431.1_1,CDS
chr6,33179202,33179205,canonical/G3L1-7,39,+,chr6:33179182-33179204:+,False,"            5'- GGGGAGGGACTCTGGGAGGGGGAACGCTGGGC -3'
       rG4seq-K --------------------*-*---------",RING1|ENSG00000204227.4_2,ENST00000374656.4_1;ENST00000478431.1_1,CDS
chr6,33179670,33179672,canonical/G3L1-7,25,+,chr6:33179650-33179673:+,False,"            5'- GGGTGTGGCGGGGAGGGTGGGGGTGCCGGAGGA -3'
       rG4seq-K --------------------**-----------",RING1|ENSG00000204227.4_2,ENST00000374656.4_1;ENST00000478431.1_1,CDS
chr6,33243707,33243709,bulges,12,+,chr6:33243674-33243707:+,False,"            5'- GGGGGCTGGGGGTGGGGTCAGCCTCAGAAAGGGGTCCATCTAG -3'
       rG4seq-K ---------------------------------**--------",RPS18|ENSG00000231500.6_2,ENST00000439602.6_1;ENST00000472218.1_1;ENST00000474626.5_1;ENST00000474973.5_1;ENST00000476222.5_1;ENST00000479802.1_1;ENST00000490191.5_1;ENST00000496813.5_1,non_coding
chr6,33257493,33257495,longloop,34,+,chr6:33257458-33257494:+,False,"            5'- GGGGACAGGGTGGAGTCGATATCCGGGACGGGGGGGAGGTTGCGGT -3'
       rG4seq-K -----------------------------------**---------",PFDN6|ENSG00000204220.11_3,ENST00000374606.9_1;ENST00000374607.5_1;ENST00000374610.6_1;ENST00000395131.5_1;ENST00000395134.3_1;ENST00000491382.1_1,5UTR
chr6,33258644,33258646,bulges,44,+,chr6:33258620-33258646:+,False,"            5'- GACCCCATGGTGGGGGGAGGGGAGGGGAGGGGAGGG -3'
       rG4seq-K ------------------------**----------",PFDN6|ENSG00000204220.11_3,ENST00000374606.9_1;ENST00000374607.5_1;ENST00000374610.6_1;ENST00000395131.5_1;ENST00000395134.3_1;ENST00000463584.1_1;ENST00000491382.1_1,3UTR
chr6,33258650,33258653,canonical/G3L1-7,92,+,chr6:33258631-33258651:+,False,"            5'- GGGGGGAGGGGAGGGGAGGGGAGGGAATGA -3'
       rG4seq-K -------------------***--------",PFDN6|ENSG00000204220.11_3,ENST00000374606.9_1;ENST00000374607.5_1;ENST00000374610.6_1;ENST00000395131.5_1;ENST00000395134.3_1;ENST00000463584.1_1;ENST00000491382.1_1,3UTR
chr6,33258655,33258657,canonical/G3L1-7,254,+,chr6:33258631-33258656:+,False,"            5'- GGGGGGAGGGGAGGGGAGGGGAGGGAATGAGGCAG -3'
       rG4seq-K ------------------------**---------",PFDN6|ENSG00000204220.11_3,ENST00000374606.9_1;ENST00000374607.5_1;ENST00000374610.6_1;ENST00000395131.5_1;ENST00000395134.3_1;ENST00000463584.1_1;ENST00000491382.1_1,3UTR
chr6,33359628,33359629,two-quartet,32,+,chr6:33359612-33359630:+,False,"            5'- GGCGGGTGTGGCGCGGGGCTGGTAGCGG -3'
       rG4seq-K ----------------*-----------",KIFC1|ENSG00000237649.7_2,ENST00000428849.6_1,5UTR
chr6,33377565,33377567,canonical/G3L1-7,32,+,chr6:33377548-33377566:+,False,"            5'- GGGTGAGGGGTGGGAGGGTTGCTGGAGG -3'
       rG4seq-K -----------------**---------",KIFC1|ENSG00000237649.7_2,ENST00000428849.6_1,3UTR
chr6,33377577,33377578,longloop,84,+,chr6:33377548-33377577:+,False,"            5'- GGGTGAGGGGTGGGAGGGTTGCTGGAGGGTGCTTTATTG -3'
       rG4seq-K -----------------------------*---------",KIFC1|ENSG00000237649.7_2,ENST00000428849.6_1,3UTR
chr6,33377596,33377597,longloop,110,+,chr6:33377554-33377596:+,False,"            5'- GGGGTGGGAGGGTTGCTGGAGGGTGCTTTATTGGGTGGAGGGCACCATGTCC -3'
       rG4seq-K ------------------------------------------*---------",KIFC1|ENSG00000237649.7_2,ENST00000428849.6_1,3UTR
chr6,33378491,33378494,two-quartet,15,+,chr6:33378473-33378494:+,False,"            5'- GGATGTGGCATGGGGCGGGGGACCAGGCCGG -3'
       rG4seq-K ------------------***----------",PHF1|ENSG00000112511.17_2,ENST00000427004.5_1;ENST00000487667.5_1,5UTR
chr6,35995879,35995881,canonical/G3L1-7,28,+,chr6:35995859-35995880:+,False,"            5'- GGGCCGGGGAGAGGGTGCGGGTGCAGGCGGG -3'
       rG4seq-K --------------------**---------",MAPK14|ENSG00000112062.10_3,ENST00000229794.8_3;ENST00000229795.7_2;ENST00000468133.5_1;ENST00000622903.4_1,5UTR
chr6,36169381,36169383,bulges,64,+,chr6:36169340-36169381:+,False,"            5'- GGAGGGTGATGGAGAGGAGGAAGAAGAGGAAGAGGTGGAGGAAGAAGAGCA -3'
       rG4seq-K -----------------------------------------**--------",BRPF3|ENSG00000096070.19_4,ENST00000339717.11_2;ENST00000357641.10_2;ENST00000441123.1_3;ENST00000449261.6_1;ENST00000532330.5_3;ENST00000534400.5_1;ENST00000534694.5_2,CDS
chr6,36455923,36455924,bulges,194,+,chr6:36455896-36455923:+,False,"            5'- GGGGTACATGGAGTGAAGCTGGGTGGGAAGCATCATC -3'
       rG4seq-K ---------------------------*---------",KCTD20|ENSG00000112078.13_2,ENST00000373731.6_1;ENST00000449081.6_1;ENST00000536244.5_1,3UTR
chr6,36562201,36562203,two-quartet,807,+,chr6:36562174-36562202:+,False,"            5'- GGTTGGTGTTGGGCCGGAGGAAAGCGGGAAGACTCATC -3'
       rG4seq-K ---------------------------**---------",SRSF3|ENSG00000112081.16_2,ENST00000339436.11_1;ENST00000373715.10_1;ENST00000477442.6_1;ENST00000613941.4_1;ENST00000620242.1_1,5UTR
chr6,37142160,37142161,bulges,18,+,chr6:37142144-37142161:+,False,"            5'- GGGGGTGGGGGGTGGGGGTGGGTCAGA -3'
       rG4seq-K ----------------*----------",PIM1|ENSG00000137193.13_2,ENST00000373509.5_1,3UTR
chr6,37142165,37142167,canonical/G3L1-7,43,+,chr6:37142144-37142166:+,False,"            5'- GGGGGTGGGGGGTGGGGGTGGGTCAGAACCCT -3'
       rG4seq-K ---------------------**---------",PIM1|ENSG00000137193.13_2,ENST00000373509.5_1,3UTR
chr6,37143005,37143006,longloop,97,+,chr6:37142975-37143006:+,False,"            5'- GGGTCCCGGCTCTGTGGGTGATGGGGAGGGGCATTGCTGAC -3'
       rG4seq-K ------------------------------*----------",PIM1|ENSG00000137193.13_2,ENST00000373509.5_1,3UTR
chr6,37300401,37300404,bulges,19,+,chr6:37300386-37300403:+,False,"            5'- GGGTGGGGGGATGGGGGCCAGCAGCTG -3'
       rG4seq-K ---------------***---------",TBC1D22B|ENSG00000065491.8_2,ENST00000373491.3_1,3UTR
chr6,37448557,37448558,two-quartet,70,+,chr6:37448542-37448557:+,False,"            5'- GGGTGGGAAGGAGGGAGTTTGGGCA -3'
       rG4seq-K ---------------*---------",CMTR1|ENSG00000137200.12_2,ENST00000373451.8_1;ENST00000457419.1_1,3UTR
chr6,37449006,37449007,longloop,31,+,chr6:37448981-37449007:+,False,"            5'- GGGCAGTAGCTTGGGGTGGGGGTGGGCACCTGTGGT -3'
       rG4seq-K -------------------------*----------",CMTR1|ENSG00000137200.12_2,ENST00000373451.8_1;ENST00000457419.1_1,3UTR
chr6,38121461,38121463,canonical/G3L1-7,10,+,chr6:38121443-38121462:+,False,"            5'- GGGGAAGGGTGGGGGTGGGCCTGGTTGCC -3'
       rG4seq-K ------------------**---------",ZFAND3|ENSG00000156639.11_2,ENST00000287218.8_1;ENST00000373391.6_1,3UTR
chr6,38122161,38122164,two-quartet,10,+,chr6:38122149-38122163:+,False,"            5'- GGGGGGGGTGGGGGGTGGGGCTTG -3'
       rG4seq-K ------------*-*---------",ZFAND3|ENSG00000156639.11_2,ENST00000287218.8_1;ENST00000373391.6_1,3UTR
chr6,38122167,38122170,canonical/G3L1-7,29,+,chr6:38122149-38122169:+,False,"            5'- GGGGGGGGTGGGGGGTGGGGCTTGTTCCCC -3'
       rG4seq-K ------------------***---------",ZFAND3|ENSG00000156639.11_2,ENST00000287218.8_1;ENST00000373391.6_1,3UTR
chr6,41889395,41889396,bulges,18,+,chr6:41889375-41889397:+,False,"            5'- GGGAATGCGGTGCGGGCGGGGGTCCGGGAGAA -3'
       rG4seq-K --------------------*-----------",BYSL|ENSG00000112578.9_3,ENST00000230340.8_1;ENST00000475702.1_1;ENST00000489290.1_1;ENST00000494032.1_1,CDS
chr6,42897179,42897181,bulges,17,+,chr6:42897146-42897183:+,False,"            5'- GGCGGGCTGCGGCTGCGAGAGGAGGGCGGGCGGGAGGCTAGCTGTTG -3'
       rG4seq-K ---------------------------------**------------",CNPY3|ENSG00000137161.16_2,ENST00000372836.4_1;ENST00000394142.7_1,5UTR
chr6,42897183,42897184,bulges,30,+,chr6:42897146-42897183:+,False,"            5'- GGCGGGCTGCGGCTGCGAGAGGAGGGCGGGCGGGAGGCTAGCTGTTG -3'
       rG4seq-K -------------------------------------*---------",CNPY3|ENSG00000137161.16_2,ENST00000372836.4_1;ENST00000394142.7_1,5UTR
chr6,42988780,42988781,canonical/G3L1-7,82,+,chr6:42988761-42988781:+,False,"            5'- GGGAAGGGAAGGGAATGGGGAGAAGGGAGA -3'
       rG4seq-K -------------------*----------",KLHDC3|ENSG00000124702.17_2,ENST00000244670.12_1;ENST00000326974.8_1;ENST00000332245.9_1,3UTR
chr6,43147050,43147051,bulges,28,+,chr6:43147016-43147050:+,False,"            5'- GGGCCGCAGGAGGGAGGCGGGGAGGAGGAACGGGCAGCCACAGG -3'
       rG4seq-K ----------------------------------*---------",SRF|ENSG00000112658.7_2,ENST00000265354.5_1,3UTR
chr6,43147923,43147924,longloop,26,+,chr6:43147880-43147923:+,False,"            5'- GGGGGAGGGGCCCTCAGGCCATTCCCCAACGGGGTGGGGAGGGTGACCCACAG -3'
       rG4seq-K -------------------------------------------*---------",SRF|ENSG00000112658.7_2,ENST00000265354.5_1,3UTR
chr6,43148137,43148138,canonical/G3L1-7,10,+,chr6:43148119-43148139:+,False,"            5'- GGGTGGGGTCTGGGAGGGGGTGAGAGGCAG -3'
       rG4seq-K ------------------*-----------",SRF|ENSG00000112658.7_2,ENST00000265354.5_1,3UTR
chr6,43148156,43148159,bulges,36,+,chr6:43148119-43148158:+,False,"            5'- GGGTGGGGTCTGGGAGGGGGTGAGAGGCAGGAATGGGGGTCAGAAGAAG -3'
       rG4seq-K -------------------------------------***---------",SRF|ENSG00000112658.7_2,ENST00000265354.5_1,3UTR
chr6,43148403,43148405,longloop,36,+,chr6:43148379-43148404:+,False,"            5'- GGGTGGGCCAGCATAGGGGGGAGGGTCTTTTACCC -3'
       rG4seq-K ------------------------**---------",SRF|ENSG00000112658.7_2,ENST00000265354.5_1,3UTR
chr6,43738573,43738576,longloop,32,+,chr6:43738533-43738576:+,False,"            5'- GGGCAGGGGCCGGAGCCCGCGCCCGGAGGCGGGGTGGAGGGGGTCGGGGCTCG -3'
       rG4seq-K ----------------------------------------***----------",VEGFA|ENSG00000112715.21_6,ENST00000324450.10_1;ENST00000372055.8_1;ENST00000372064.8_3;ENST00000372067.7_2;ENST00000372077.8_1;ENST00000413642.7_2;ENST00000417285.6_2;ENST00000425836.6_3;ENST00000476772.5_1;ENST00000482630.6_1;ENST00000519767.5_2;ENST00000611736.5_2;ENST00000615393.5_3;ENST00000617771.5_2;ENST00000621747.5_3;ENST00000640482.1_2;ENST00000640499.1_2;ENST00000640653.1_2,5UTR;CDS
chr6,43738580,43738583,bulges,52,+,chr6:43738563-43738582:+,False,"            5'- GGGGTGGAGGGGGTCGGGGCTCGCGGCGT -3'
       rG4seq-K -----------------***---------",VEGFA|ENSG00000112715.21_6,ENST00000324450.10_1;ENST00000372055.8_1;ENST00000372064.8_3;ENST00000372067.7_2;ENST00000372077.8_1;ENST00000413642.7_2;ENST00000417285.6_2;ENST00000425836.6_3;ENST00000476772.5_1;ENST00000482630.6_1;ENST00000519767.5_2;ENST00000611736.5_2;ENST00000615393.5_3;ENST00000617771.5_2;ENST00000621747.5_3;ENST00000640482.1_2;ENST00000640499.1_2;ENST00000640653.1_2,5UTR;CDS
chr6,43745445,43745448,canonical/G3L1-7,24,+,chr6:43745421-43745448:+,False,"            5'- GGGGCAAGGGGGGGATAGGGAGGGGGGTAACACTTTG -3'
       rG4seq-K ------------------------***----------",VEGFA|ENSG00000112715.21_6,ENST00000230480.10_1;ENST00000324450.10_1;ENST00000372055.8_1;ENST00000372064.8_3;ENST00000372067.7_2;ENST00000372077.8_1;ENST00000413642.7_2;ENST00000417285.6_2;ENST00000425836.6_3;ENST00000457104.6_1;ENST00000476772.5_1;ENST00000480614.1_1;ENST00000482630.6_1;ENST00000512683.1_1;ENST00000518538.5_1;ENST00000518689.5_3;ENST00000518824.5_1;ENST00000519767.5_2;ENST00000520265.1_2;ENST00000520948.5_3;ENST00000523125.5_2;ENST00000523873.5_1;ENST00000523950.5_2;ENST00000611736.5_2;ENST00000615393.5_3;ENST00000617771.5_2;ENST00000621747.5_3;ENST00000640482.1_2;ENST00000640499.1_2;ENST00000640653.1_2,non_coding
chr6,43745844,43745846,longloop,30,+,chr6:43745813-43745847:+,False,"            5'- GGGTGGGAGGGAGCTGTGAAACACAGGGAGGGGGTTGCTTTCGG -3'
       rG4seq-K -------------------------------**-----------",VEGFA|ENSG00000112715.21_6,ENST00000230480.10_1;ENST00000324450.10_1;ENST00000372055.8_1;ENST00000372064.8_3;ENST00000372067.7_2;ENST00000372077.8_1;ENST00000413642.7_2;ENST00000417285.6_2;ENST00000425836.6_3;ENST00000457104.6_1;ENST00000476772.5_1;ENST00000480614.1_1;ENST00000482630.6_1;ENST00000497139.5_1;ENST00000518538.5_1;ENST00000518689.5_3;ENST00000518824.5_1;ENST00000519767.5_2;ENST00000520265.1_2;ENST00000520948.5_3;ENST00000523125.5_2;ENST00000523873.5_1;ENST00000523950.5_2;ENST00000611736.5_2;ENST00000615393.5_3;ENST00000617771.5_2;ENST00000621747.5_3;ENST00000640482.1_2;ENST00000640499.1_2;ENST00000640653.1_2,non_coding
chr6,43745915,43745917,bulges,44,+,chr6:43745888-43745916:+,False,"            5'- GAGGATGAAAGAAGGGGAGGGGATGGGGAGTGGTAAGA -3'
       rG4seq-K ---------------------------**---------",VEGFA|ENSG00000112715.21_6,ENST00000230480.10_1;ENST00000324450.10_1;ENST00000372055.8_1;ENST00000372064.8_3;ENST00000372067.7_2;ENST00000372077.8_1;ENST00000413642.7_2;ENST00000417285.6_2;ENST00000425836.6_3;ENST00000457104.6_1;ENST00000476772.5_1;ENST00000480614.1_1;ENST00000482630.6_1;ENST00000493786.2_1;ENST00000497139.5_1;ENST00000518538.5_1;ENST00000518689.5_3;ENST00000518824.5_1;ENST00000519767.5_2;ENST00000520265.1_2;ENST00000520948.5_3;ENST00000523125.5_2;ENST00000523873.5_1;ENST00000523950.5_2;ENST00000611736.5_2;ENST00000615393.5_3;ENST00000617771.5_2;ENST00000621747.5_3;ENST00000640482.1_2;ENST00000640499.1_2;ENST00000640653.1_2,non_coding
chr6,43745921,43745922,bulges,46,+,chr6:43745901-43745921:+,False,"            5'- GGGGAGGGGATGGGGAGTGGTAAGAACCTA -3'
       rG4seq-K --------------------*---------",VEGFA|ENSG00000112715.21_6,ENST00000230480.10_1;ENST00000324450.10_1;ENST00000372055.8_1;ENST00000372064.8_3;ENST00000372067.7_2;ENST00000372077.8_1;ENST00000413642.7_2;ENST00000417285.6_2;ENST00000425836.6_3;ENST00000457104.6_1;ENST00000476772.5_1;ENST00000480614.1_1;ENST00000482630.6_1;ENST00000493786.2_1;ENST00000497139.5_1;ENST00000518538.5_1;ENST00000518689.5_3;ENST00000518824.5_1;ENST00000519767.5_2;ENST00000520265.1_2;ENST00000520948.5_3;ENST00000523125.5_2;ENST00000523873.5_1;ENST00000523950.5_2;ENST00000611736.5_2;ENST00000615393.5_3;ENST00000617771.5_2;ENST00000621747.5_3;ENST00000640482.1_2;ENST00000640499.1_2;ENST00000640653.1_2,non_coding
chr6,43746031,43746033,canonical/G3L1-7,24,+,chr6:43746010-43746032:+,False,"            5'- GGGTTGGGGGAGTTGGGGTGGGCCTGAGCCTC -3'
       rG4seq-K ---------------------**---------",VEGFA|ENSG00000112715.21_6,ENST00000230480.10_1;ENST00000324450.10_1;ENST00000372055.8_1;ENST00000372064.8_3;ENST00000372067.7_2;ENST00000372077.8_1;ENST00000413642.7_2;ENST00000417285.6_2;ENST00000425836.6_3;ENST00000457104.6_1;ENST00000476772.5_1;ENST00000480614.1_1;ENST00000482630.6_1;ENST00000493786.2_1;ENST00000497139.5_1;ENST00000518538.5_1;ENST00000518689.5_3;ENST00000518824.5_1;ENST00000519767.5_2;ENST00000520265.1_2;ENST00000520948.5_3;ENST00000523125.5_2;ENST00000523873.5_1;ENST00000523950.5_2;ENST00000611736.5_2;ENST00000615393.5_3;ENST00000617771.5_2;ENST00000621747.5_3;ENST00000640482.1_2;ENST00000640499.1_2;ENST00000640653.1_2,non_coding
chr6,43968605,43968607,canonical/G3L1-7,15,+,chr6:43968581-43968608:+,False,"            5'- GGGGCTTCAGGGGGATGGGTTGGGGGGAAGGAGGTTC -3'
       rG4seq-K ------------------------**-----------",C6orf223|ENSG00000181577.15_3,ENST00000336600.5_3;ENST00000439969.2_1;ENST00000442114.6_3;ENST00000448947.2_1,5UTR
chr6,43971108,43971109,canonical/G3L1-7,86,+,chr6:43971085-43971108:+,False,"            5'- GGGAGAGTGGGGAGGGGCCAGGGACCTATTTCG -3'
       rG4seq-K -----------------------*---------",C6orf223|ENSG00000181577.15_3,ENST00000336600.5_3;ENST00000439969.2_1;ENST00000442114.6_3;ENST00000448947.2_1,3UTR
chr6,43972955,43972957,longloop,15,+,chr6:43972912-43972956:+,False,"            5'- GGGAGGGAGAGGGAGGAGGCTGGTGATTGTGGGGGTGCTGGGGGAGGGAGGACA -3'
       rG4seq-K -------------------------------------------**---------",C6orf223|ENSG00000181577.15_3,ENST00000336600.5_3,3UTR
chr6,43972960,43972961,bulges,42,+,chr6:43972933-43972963:+,False,"            5'- GGTGATTGTGGGGGTGCTGGGGGAGGGAGGACACAATCCA -3'
       rG4seq-K ---------------------------*------------",C6orf223|ENSG00000181577.15_3,ENST00000336600.5_3,3UTR
chr6,44123153,44123155,canonical/G3L1-7,23,+,chr6:44123129-44123154:+,False,"            5'- GGGGTGGCCTGGGGGTGGGGGTGGGCAAGGCTGAC -3'
       rG4seq-K ------------------------**---------",TMEM63B|ENSG00000137216.18_2,ENST00000259746.13_1;ENST00000323267.10_1;ENST00000371893.6_1;ENST00000533121.1_1,3UTR
chr6,44201483,44201485,longloop,102,+,chr6:44201444-44201484:+,False,"            5'- GGGACATTGTGGGTTTGGGGCTCAGAGTCGAGGGACGGGGTGTAGCCTCG -3'
       rG4seq-K ---------------------------------------**---------",SLC29A1|ENSG00000112759.17_3,ENST00000371708.1_1;ENST00000371713.6_2;ENST00000371724.6_2;ENST00000371755.8_2;ENST00000393844.5_1;ENST00000427851.7_2,3UTR
chr6,44219820,44219821,G>=40%,5916,+,chr6:44219761-44219821:+,False,"            5'- TCAGCTTTTGTGGAGCGAGTGCGGAAACGGGGCTTCGAGGTGGTATATATGACCGAGCCCATTGACGAGT -3'
       rG4seq-K -----------------------------------------------------------*----------",HSP90AB1|ENSG00000096384.19_2,ENST00000353801.7_1;ENST00000371554.2_1;ENST00000371646.9_1;ENST00000620073.4_1,CDS
chr6,64290831,64290836,G>=40%,964,+,chr6:64290776-64290836:+,False,"            5'- CCTTACATTAATTTAATGTTTGCACTCTGAGGTGCAACTTAACAGGGAGGGCCTGAGAAAAGAATGGGAG -3'
       rG4seq-K -------------------------------------------------------*-*-*----------",AL135905.2|ENSG00000285976.1_1;PTP4A1|ENSG00000112245.11_3,ENST00000370651.6_2;ENST00000626021.2_1;ENST00000648894.1_1,3UTR
chr6,64290847,64290850,longloop,2724,+,chr6:64290820-64290850:+,False,"            5'- GGGAGGGCCTGAGAAAAGAATGGGAGGGGGCTATTAATTA -3'
       rG4seq-K ---------------------------***----------",AL135905.2|ENSG00000285976.1_1;PTP4A1|ENSG00000112245.11_3,ENST00000370651.6_2;ENST00000626021.2_1;ENST00000648894.1_1,3UTR
chr6,76311930,76311931,bulges,21,+,chr6:76311912-76311931:+,False,"            5'- GGGTGGGCGGTGGATGGGGAGTCGTGGGC -3'
       rG4seq-K ------------------*----------",SENP6|ENSG00000112701.17_3,ENST00000327284.12_1;ENST00000370010.6_1;ENST00000447266.6_1,5UTR
chr6,76426669,76426671,canonical/G3L1-7,12,+,chr6:76426648-76426670:+,False,"            5'- GGGTGGGTTCAGGGTGAATGGGAGTATTAACA -3'
       rG4seq-K ---------------------**---------",SENP6|ENSG00000112701.17_3,ENST00000447266.6_1,3UTR
chr6,96990801,96990803,bulges,103,+,"chr6:96988530-96988531:+,chr6:96990769-96990800:+",True,"            5'- GAGGGCAGTGGAAGCATGAGAGGAGGAGGTGGGGGCAATGCC -3'
       rG4seq-K ---------------------------------**-------",UFL1|ENSG00000014123.9_2,ENST00000369278.4_1,CDS
chr6,114182155,114182156,bulges,94,+,chr6:114182129-114182155:+,False,"            5'- GAAGGAGATGGGTGGGTCAAAAAGGGATATCAAATG -3'
       rG4seq-K --------------------------*---------",MARCKS|ENSG00000277443.2_3,ENST00000612661.1_2,3UTR
chr6,127608952,127608953,canonical/G3L1-7,20,+,chr6:127608932-127608953:+,False,"            5'- GGGAGTTGGGGTGGGAAGGGGTATGGGAAGG -3'
       rG4seq-K --------------------*----------",RNF146|ENSG00000118518.15_4,ENST00000309649.7_1;ENST00000356799.6_1;ENST00000368314.5_2;ENST00000608991.5_1;ENST00000610153.1_2;ENST00000616343.4_2,3UTR
chr6,127608958,127608960,canonical/G3L1-7,58,+,chr6:127608932-127608959:+,False,"            5'- GGGAGTTGGGGTGGGAAGGGGTATGGGAAGGATAGAC -3'
       rG4seq-K --------------------------**---------",RNF146|ENSG00000118518.15_4,ENST00000309649.7_1;ENST00000356799.6_1;ENST00000368314.5_2;ENST00000608991.5_1;ENST00000610153.1_2;ENST00000616343.4_2,3UTR
chr6,130461208,130461210,potential G-quadruplex & G>=40%,13,+,chr6:130461150-130461210:+,False,"            5'- TTTTGAGTCTGGGGGGTGGGGGGAAGGGGGGCTTCATTAATTATTTATGGTAATGGGGGGCAGAGTAAGA -3'
       rG4seq-K ----------------------------------------------------------**----------",L3MBTL3|ENSG00000198945.7_2,ENST00000361794.6_1;ENST00000368136.2_1;ENST00000368139.6_1;ENST00000526019.5_1;ENST00000529410.5_1;ENST00000533560.5_1,3UTR
chr6,133850526,133850529,canonical/G3L1-7,89,+,chr6:133850508-133850528:+,False,"            5'- GGGGAGGGGAATGGGAGGGGAAATGGGAAT -3'
       rG4seq-K ------------------***---------",EYA4|ENSG00000112319.18_4,ENST00000355167.7_2;ENST00000355286.11_2;ENST00000367895.9_2;ENST00000430974.6_1;ENST00000431403.3_3;ENST00000525849.6_3;ENST00000531901.5_2,3UTR
chr6,145172454,145172455,two-quartet,36,+,chr6:145172439-145172456:+,False,"            5'- GGGAAAGTGGGTGGGGGCTTTCTAATA -3'
       rG4seq-K ---------------*-----------",UTRN|ENSG00000152818.18_4,ENST00000367545.7_1,3UTR
chr6,145173657,145173659,canonical/G3L1-7,23,+,chr6:145173637-145173658:+,False,"            5'- GGGTGGGTTGGGGGGCAAGGGTGTCTATTTG -3'
       rG4seq-K --------------------**---------",UTRN|ENSG00000152818.18_4,ENST00000367545.7_1,3UTR
chr6,150070957,150070958,bulges,159,+,chr6:150070921-150070960:+,False,"            5'- GCGGGGACGCGAGCGGGGCGGTGACGGTGTGGGAGGTGGTCTCACTCTT -3'
       rG4seq-K ------------------------------------*------------",PCMT1|ENSG00000120265.17_5,ENST00000367378.6_2;ENST00000367380.9_1;ENST00000367384.7_3;ENST00000460828.6_2;ENST00000464889.6_2;ENST00000484601.6_2;ENST00000486585.2_3;ENST00000494411.6_2;ENST00000544496.5_1;ENST00000649032.1_1;ENST00000649295.1_1,5UTR;CDS
chr6,151672864,151672865,two-quartet,858,+,chr6:151672850-151672865:+,False,"            5'- GGGAAGGTGGTGGGGCAGACCACCC -3'
       rG4seq-K --------------*----------",AKAP12|ENSG00000131016.16_2,ENST00000253332.5_1;ENST00000354675.10_1;ENST00000359755.5_1;ENST00000402676.6_1,CDS
chr6,160148602,160148604,bulges,23,+,chr6:160148579-160148603:+,False,"            5'- GGGGAGCGCAGGGGTTGCGGCGGGACTAGGAGCG -3'
       rG4seq-K -----------------------**---------",WTAP|ENSG00000146457.15_3,ENST00000358372.8_1;ENST00000494513.1_1;ENST00000614346.4_1;ENST00000621533.4_1;ENST00000631126.2_1;ENST00000650096.1_1,5UTR
chr6,160199832,160199834,two-quartet,372,+,chr6:160199819-160199833:+,False,"            5'- GGGGGTGGGATGGGAATAGCAATG -3'
       rG4seq-K -------------**---------",ACAT2|ENSG00000120437.8_2,ENST00000367048.4_1;ENST00000472052.1_1,CDS
chr6,160526025,160526027,bulges,56,+,chr6:160525992-160526026:+,False,"            5'- GGGGCTGGTCAGGGGTGAGAAGGCGAGGAAAGGGAAGTCCAGCT -3'
       rG4seq-K ---------------------------------**---------",IGF2R|ENSG00000197081.13_4,ENST00000356956.5_2;ENST00000475584.1_1;ENST00000647592.1_1;ENST00000650503.1_1,CDS
chr6,160769445,160769446,canonical/G3L1-7,65,+,chr6:160769421-160769445:+,False,"            5'- GGGCTGCGGGCGGCGGGCGGCGGGCGCACCATGC -3'
       rG4seq-K ------------------------*---------",SLC22A3|ENSG00000146477.5_2,ENST00000275300.2_1,5UTR
chr6,2832695,2832697,bulges,71,-,chr6:2832694-2832720:-,False,"            5'- GGCTGTGTGGGGAGATGGGGTGGGGGCTCTTGGACT -3'
       rG4seq-K -----------------------**-----------",SERPINB1|ENSG00000021355.12_2,ENST00000380739.5_1,3UTR
chr6,8064593,8064594,two-quartet,21,-,chr6:8064594-8064622:-,False,"            5'- GGAACTGGTCGGGATGAGTGGCGGAGGGACAGAGACCC -3'
       rG4seq-K ----------------------------*---------",BLOC1S5-TXNDC5|ENSG00000259040.5_3;BLOC1S5|ENSG00000188428.19_3;EEF1E1-BLOC1S5|ENSG00000265818.1_3,ENST00000244777.6_2;ENST00000397456.2_1;ENST00000397457.6_2;ENST00000439343.2_1;ENST00000543936.7_2;ENST00000627748.2_2,5UTR;CDS;non_coding
chr6,13361548,13361549,canonical/G3L1-7,10,-,chr6:13361549-13361568:-,False,"            5'- GGGAGGGTGTGGGTCAGGGTTCTTACCTG -3'
       rG4seq-K -------------------*---------",GFOD1|ENSG00000145990.10_2,ENST00000379284.1_1;ENST00000379287.3_1,3UTR
chr6,13622260,13622262,bulges,58,-,chr6:13622260-13622281:-,False,"            5'- GGGGGAGGGGGGAGAGAGGGGAAGGAAATGG -3'
       rG4seq-K -------------------**----------",RANBP9|ENSG00000010017.12_2,ENST00000011619.5_1,3UTR
chr6,16302758,16302760,canonical/G3L1-7,20,-,chr6:16302759-16302791:-,False,"            5'- GGGCCACACTGGGGCAGAGGGGGGAGGGAGGGATACAGAGAT -3'
       rG4seq-K -------------------------------**---------",ATXN1|ENSG00000124788.18_4,ENST00000244769.8_1;ENST00000436367.5_1,3UTR
chr6,17760091,17760094,canonical/G3L1-7,31,-,chr6:17760092-17760109:-,False,"            5'- GGGGTGGGTGGGGTGGGAGGTGTTGAT -3'
       rG4seq-K ---------------***---------",KIF13A|ENSG00000137177.19_3,ENST00000378814.9_1;ENST00000502297.5_1,3UTR
chr6,18264078,18264082,bulges,294,-,chr6:18264079-18264120:-,False,"            5'- GGAGGAAGAGGACGAGGACGACGAGGAGGAGGAGGAGGAGGAAAAAGGAAA -3'
       rG4seq-K --------------------------------------*-**---------",DEK|ENSG00000124795.15_4,ENST00000244776.11_1;ENST00000397239.7_1;ENST00000503715.5_2;ENST00000505224.5_1;ENST00000515742.1_3;ENST00000515770.2_4,CDS
chr6,24667036,24667038,bulges,81,-,chr6:24667035-24667070:-,False,"            5'- GGAGGGCGGGAGGGAGGCGGCGGAGGAAGAGGGCGAGCCTGAGGT -3'
       rG4seq-K --------------------------------**-----------",TDP2|ENSG00000111802.13_3,ENST00000378198.8_2;ENST00000478507.1_1,CDS
chr6,24667043,24667044,bulges,52,-,chr6:24667044-24667067:-,False,"            5'- GGGCGGGAGGGAGGCGGCGGAGGAAGAGGGCGA -3'
       rG4seq-K -----------------------*---------",TDP2|ENSG00000111802.13_3,ENST00000378198.8_2;ENST00000478507.1_1,CDS
chr6,24667046,24667047,bulges,34,-,chr6:24667044-24667067:-,False,"            5'- GGGCGGGAGGGAGGCGGCGGAGGAAGAGGGCGA -3'
       rG4seq-K --------------------*------------",TDP2|ENSG00000111802.13_3,ENST00000378198.8_2;ENST00000478507.1_1,CDS
chr6,24667055,24667056,longloop,16,-,chr6:24667056-24667082:-,False,"            5'- GGGGAGTTGCCTGGAGGGCGGGAGGGAGGCGGCGGA -3'
       rG4seq-K --------------------------*---------",TDP2|ENSG00000111802.13_3,ENST00000378198.8_2;ENST00000478507.1_1,CDS
chr6,24720034,24720035,bulges,26,-,chr6:24720035-24720061:-,False,"            5'- GGTGGGGGTGGGACCTGCGGGGGTGGAAGGCAGGTG -3'
       rG4seq-K --------------------------*---------",C6orf62|ENSG00000112308.12_2,ENST00000378102.3_1;ENST00000378119.8_1,5UTR
chr6,24720037,24720039,canonical/G3L1-7,12,-,chr6:24720039-24720063:-,False,"            5'- GGGGTGGGGGTGGGACCTGCGGGGGTGGAAGGCA -3'
       rG4seq-K ------------------------**--------",C6orf62|ENSG00000112308.12_2,ENST00000378102.3_1;ENST00000378119.8_1,5UTR
chr6,24720240,24720242,canonical/G3L1-7,46,-,chr6:24720241-24720259:-,False,"            5'- GGGGGGAGGGTGGGTGGGCTTACTTTAG -3'
       rG4seq-K -----------------**---------",C6orf62|ENSG00000112308.12_2,ENST00000378119.8_1,5UTR
chr6,26285681,26285682,two-quartet,27,-,chr6:26285683-26285715:-,False,"            5'- GGTAAAGGTGGAAAAGGTTTGGGTAAGGGAGGAGCTAAGCGT -3'
       rG4seq-K ---------------------------------*--------",HIST1H4H|ENSG00000158406.4_3,ENST00000377727.1_1;ENST00000634560.1_1;ENST00000634956.1_1;ENST00000635491.1_2,CDS
chr6,28872254,28872256,bulges,228,-,chr6:28872253-28872283:-,False,"            5'- GGAGACATTATTGGGAGGTAGAGGTGGGAGATAAAGCCAA -3'
       rG4seq-K ---------------------------**-----------",TRIM27|ENSG00000204713.10_2,ENST00000377194.7_1;ENST00000377199.3_1;ENST00000414543.5_1;ENST00000467742.1_1;ENST00000481474.5_1,CDS
chr6,30262151,30262153,bulges,15,-,chr6:30262151-30262182:-,False,"            5'- GAAAAGGATTCGAGACGGGAAGAGGGAGGGGTTCAGGATGA -3'
       rG4seq-K -----------------------------**----------",HCG17|ENSG00000270604.5_3;HCG18|ENSG00000231074.8_5,ENST00000412685.6_1;ENST00000426882.5_1;ENST00000438412.5_1;ENST00000444126.5_1;ENST00000449544.5_1;ENST00000453558.1_1;ENST00000454129.5_1;ENST00000454269.5_1;ENST00000602550.5_1;ENST00000602698.5_1;ENST00000602861.5_1,non_coding
chr6,30513938,30513939,bulges,36,-,chr6:30513937-30513978:-,False,"            5'- GGAGGAGGGAGAGGAGGACCGGGATGCGGATGAGGAGGGAGAAGGGGATGA -3'
       rG4seq-K ---------------------------------------*-----------",GNL1|ENSG00000204590.12_2,ENST00000376621.7_1,CDS
chr6,30653323,30653324,two-quartet,23,-,chr6:30653322-30653341:-,False,"            5'- GGAGGCTGGGGATAGGGGGAGCCCAAGAG -3'
       rG4seq-K -----------------*-----------",PPP1R18|ENSG00000146112.11_3,ENST00000274853.7_1;ENST00000399199.7_1;ENST00000467662.5_1;ENST00000488324.1_1;ENST00000615527.1_1,CDS
chr6,30710181,30710183,longloop,12,-,chr6:30710182-30710206:-,False,"            5'- GGGAGCGGCGAGGGGAAGGGAGGGACCATACGCA -3'
       rG4seq-K -----------------------**---------",FLOT1|ENSG00000137312.14_2,ENST00000376389.7_1;ENST00000438162.5_1;ENST00000454845.1_1;ENST00000470643.5_1;ENST00000484168.1_1;ENST00000484693.1_1,5UTR
chr6,30710413,30710414,canonical/G3L1-7,134,-,chr6:30710413-30710436:-,False,"            5'- GGGTGGGGAACGCGGGAGCGGGGCCAGCTCCCA -3'
       rG4seq-K ----------------------*----------",FLOT1|ENSG00000137312.14_2,ENST00000376389.7_1;ENST00000470643.5_1;ENST00000484168.1_1;ENST00000484693.1_1,5UTR
chr6,30710429,30710430,bulges,78,-,chr6:30710428-30710447:-,False,"            5'- GGGGTGCGGCAGGGTGGGGAACGCGGGAG -3'
       rG4seq-K -----------------*-----------",FLOT1|ENSG00000137312.14_2,ENST00000376389.7_1;ENST00000470643.5_1;ENST00000484168.1_1;ENST00000484693.1_1,5UTR
chr6,30711044,30711048,bulges,652,-,chr6:30711047-30711065:-,False,"            5'- GGGTTGGGGGTTGGTGGGCTGTCACGGA -3'
       rG4seq-K -----------------**-*-------",IER3|ENSG00000137331.11_2,ENST00000259874.5_1;ENST00000376377.2_1,3UTR
chr6,30711056,30711057,bulges,564,-,chr6:30711055-30711083:-,False,"            5'- GGGTGGCTGCGAGGTAGAGGGTTGGGGGTTGGTGGGCT -3'
       rG4seq-K --------------------------*-----------",IER3|ENSG00000137331.11_2,ENST00000259874.5_1;ENST00000376377.2_1,3UTR
chr6,30711207,30711209,two-quartet,767,-,chr6:30711208-30711233:-,False,"            5'- GGCTGGGATGAAGTCTGGTGGTGGGTCGTAAGTTT -3'
       rG4seq-K ------------------------**---------",IER3|ENSG00000137331.11_2,ENST00000259874.5_1;ENST00000376377.2_1,3UTR
chr6,30711245,30711246,bulges,349,-,chr6:30711244-30711277:-,False,"            5'- GTAGGAGAAGAAATGGGGAGGACTCGGGTGGGGGAGGACGTCC -3'
       rG4seq-K -------------------------------*-----------",IER3|ENSG00000137331.11_2,ENST00000259874.5_1;ENST00000376377.2_1,3UTR
chr6,31500815,31500816,canonical/G3L1-7,47,-,chr6:31500815-31500840:-,False,"            5'- GGGTATTTTTGGGAGTGGGGTGGGGTTTTCAATCT -3'
       rG4seq-K ------------------------*----------",ATP6V1G2-DDX39B|ENSG00000254870.5_3;DDX39B|ENSG00000198563.13_5,ENST00000376177.6_1;ENST00000376185.5_1;ENST00000396172.5_1;ENST00000417023.5_3;ENST00000427214.5_2;ENST00000431908.5_1;ENST00000458640.5_1;ENST00000462256.5_1;ENST00000481456.1_1;ENST00000482195.5_1;ENST00000484566.5_1,non_coding
chr6,31502212,31502215,longloop,74,-,chr6:31502213-31502245:-,False,"            5'- GGGTGGTTGTTAGGGTTTGGGGCTAGGTGGGGCCAATTGCAT -3'
       rG4seq-K ------------------------------***---------",ATP6V1G2-DDX39B|ENSG00000254870.5_3;DDX39B|ENSG00000198563.13_5,ENST00000376177.6_1;ENST00000376185.5_1;ENST00000396172.5_1;ENST00000417023.5_3;ENST00000427214.5_2;ENST00000431908.5_1;ENST00000458640.5_1;ENST00000462256.5_1;ENST00000481456.1_1;ENST00000482195.5_1;ENST00000484566.5_1,non_coding
chr6,31509778,31509779,G>=40%,371,-,chr6:31509778-31509838:-,False,"            5'- TGCAGCCAAGAAGGCGGGAGGCTGGAGTAGAGGGAAGCCTGCAACCGGAAGTGAAGGCAGATTTCCCTCC -3'
       rG4seq-K -----------------------------------------------------------*----------",ATP6V1G2-DDX39B|ENSG00000254870.5_3;DDX39B|ENSG00000198563.13_5,ENST00000376185.5_1;ENST00000396172.5_1;ENST00000419020.1_1;ENST00000428098.5_3;ENST00000458640.5_1;ENST00000462256.5_1;ENST00000480131.1_1;ENST00000482195.5_1,3UTR;5UTR;CDS
chr6,31626824,31626827,longloop,21,-,chr6:31626825-31626865:-,False,"            5'- GGGGAGACCCGGGAAAGGGGCTGTGACCGTGGGGTGGGGGCAAAGGGTGA -3'
       rG4seq-K --------------------------------------***---------",C6orf47|ENSG00000204439.3_2,ENST00000375911.1_1,3UTR;CDS
chr6,31630073,31630074,longloop,134,-,chr6:31630074-31630104:-,False,"            5'- GGGAGGAGAAAGACAGGGCTTGGGAGCGGGATCTAAGGAC -3'
       rG4seq-K ------------------------------*---------",GPANK1|ENSG00000204438.10_3,ENST00000375893.6_1;ENST00000375895.6_1;ENST00000375896.8_1;ENST00000375900.8_1;ENST00000375906.5_1,CDS
chr6,31630097,31630098,bulges,54,-,chr6:31630096-31630122:-,False,"            5'- GGAGGGAGGAGAGAAGGAGGGAGGAGAAAGACAGGG -3'
       rG4seq-K ------------------------*-----------",GPANK1|ENSG00000204438.10_3,ENST00000375893.6_1;ENST00000375895.6_1;ENST00000375896.8_1;ENST00000375900.8_1;ENST00000375906.5_1,CDS
chr6,31698418,31698420,longloop,613,-,chr6:31698419-31698454:-,False,"            5'- GGGGGGCCTGGGTCAGATTTTTATTGTGGGGTGGGATGAGTAGGA -3'
       rG4seq-K ----------------------------------**---------",CLIC1|ENSG00000213719.8_3,ENST00000375779.6_1;ENST00000375780.6_1;ENST00000375784.7_1;ENST00000395892.5_1;ENST00000616760.1_1,3UTR
chr6,31698441,31698442,longloop,378,-,chr6:31698442-31698473:-,False,"            5'- GGGGATGAGGGAAAGAAATGGGGGGCCTGGGTCAGATTTTT -3'
       rG4seq-K -------------------------------*---------",CLIC1|ENSG00000213719.8_3,ENST00000375779.6_1;ENST00000375780.6_1;ENST00000375784.7_1;ENST00000395892.5_1;ENST00000616760.1_1,3UTR
chr6,31698447,31698449,bulges,278,-,chr6:31698448-31698473:-,False,"            5'- GGGGATGAGGGAAAGAAATGGGGGGCCTGGGTCAG -3'
       rG4seq-K ------------------------**---------",CLIC1|ENSG00000213719.8_3,ENST00000375779.6_1;ENST00000375780.6_1;ENST00000375784.7_1;ENST00000395892.5_1;ENST00000616760.1_1,3UTR
chr6,31698461,31698463,bulges,215,-,chr6:31698462-31698492:-,False,"            5'- GGGATGGTGTGGTGGAAGAGGGGATGAGGGAAAGAAATGG -3'
       rG4seq-K -----------------------------**---------",CLIC1|ENSG00000213719.8_3,ENST00000375779.6_1;ENST00000375780.6_1;ENST00000375784.7_1;ENST00000395892.5_1;ENST00000616760.1_1,3UTR
chr6,31704225,31704226,longloop,586,-,chr6:31704226-31704262:-,False,"            5'- GGGGTGCGTTGGGCTGGTGGGGAGGCCTAGTTTGGGTGCAAGTAGG -3'
       rG4seq-K ------------------------------------*---------",CLIC1|ENSG00000213719.8_3,ENST00000375779.6_1;ENST00000375780.6_1;ENST00000375784.7_1;ENST00000395892.5_1;ENST00000616760.1_1,5UTR
chr6,31704236,31704237,bulges,473,-,chr6:31704237-31704267:-,False,"            5'- GGTGTGGGGTGCGTTGGGCTGGTGGGGAGGCCTAGTTTGG -3'
       rG4seq-K ------------------------------*---------",CLIC1|ENSG00000213719.8_3,ENST00000375779.6_1;ENST00000375780.6_1;ENST00000375784.7_1;ENST00000395892.5_1;ENST00000616760.1_1,5UTR
chr6,31704239,31704242,canonical/G3L1-7,349,-,chr6:31704240-31704268:-,False,"            5'- GGGTGTGGGGTGCGTTGGGCTGGTGGGGAGGCCTAGTT -3'
       rG4seq-K --------------------------***---------",CLIC1|ENSG00000213719.8_3,ENST00000375779.6_1;ENST00000375780.6_1;ENST00000375784.7_1;ENST00000395892.5_1;ENST00000616760.1_1,5UTR
chr6,31830464,31830465,longloop,64,-,chr6:31830465-31830494:-,False,"            5'- GGGCTTCTGGGGAGGCTGTAGGGTTTGGGTGTTTGCCGC -3'
       rG4seq-K -----------------------------*---------",NEU1|ENSG00000204386.10_3,ENST00000375631.4_1;ENST00000480384.1_1;ENST00000491768.5_1;ENST00000495807.1_1,CDS
chr6,31860246,31860247,bulges,67,-,chr6:31860245-31860271:-,False,"            5'- GGAGGAGTGGGAGACGGTGGTGGGTGATGACTTCAG -3'
       rG4seq-K ------------------------*-----------",EHMT2|ENSG00000204371.11_2,ENST00000375528.8_2;ENST00000375530.8_1;ENST00000375537.8_2;ENST00000395728.7_1;ENST00000463484.1_1;ENST00000480912.5_1,CDS
chr6,31867408,31867410,bulges,19,-,chr6:31867409-31867428:-,False,"            5'- GTGGAGGGAGGGAAAAGGGTCCTATAGAA -3'
       rG4seq-K ------------------**---------",ZBTB12|ENSG00000204366.3_2,ENST00000375527.2_1,3UTR
chr6,31922363,31922364,canonical/G3L1-7,301,-,chr6:31922364-31922385:-,False,"            5'- GGGACAGGGATCGGGAGCGGGATCGAGACCG -3'
       rG4seq-K ---------------------*---------",NELFE|ENSG00000204356.13_4,ENST00000375425.9_1;ENST00000375429.7_1;ENST00000436289.6_1;ENST00000441998.5_2;ENST00000444811.6_1;ENST00000454913.5_1;ENST00000481121.5_1;ENST00000488426.5_1;ENST00000492185.5_1,CDS
chr6,31922405,31922406,canonical/G3L1-7,250,-,chr6:31922406-31922427:-,False,"            5'- GGGACAGGGATCGGGATCGGGATCGAGATCG -3'
       rG4seq-K ---------------------*---------",NELFE|ENSG00000204356.13_4,ENST00000375425.9_1;ENST00000375429.7_1;ENST00000436289.6_1;ENST00000441998.5_2;ENST00000444811.6_1;ENST00000454913.5_1;ENST00000481121.5_1;ENST00000488426.5_1;ENST00000492185.5_1,CDS
chr6,32083110,32083115,canonical/G3L1-7,87,-,chr6:32083111-32083139:-,False,"            5'- GGGAGTAAGGGAGGGTGGGGTGGGGGGGAGTTCAGGTT -3'
       rG4seq-K ------------------------**-**---------",AL662884.2|ENSG00000284829.1_2;ATF6B|ENSG00000213676.12_5,ENST00000375201.8_1;ENST00000375203.7_1;ENST00000453203.2_3;ENST00000494022.1_2,3UTR;non_coding
chr6,32083192,32083193,two-quartet,121,-,chr6:32083193-32083208:-,False,"            5'- GGCAGTGGAGGTGGGAATTTAGTCC -3'
       rG4seq-K ---------------*---------",AL662884.2|ENSG00000284829.1_2;ATF6B|ENSG00000213676.12_5,ENST00000375201.8_1;ENST00000375203.7_1;ENST00000453203.2_3;ENST00000494022.1_2,3UTR;non_coding
chr6,32083248,32083249,bulges,123,-,chr6:32083247-32083286:-,False,"            5'- GAGGGGATTGTGTGAGGTTCAGTTGTGGGGTGGGTGGTGAGCTGCTGCA -3'
       rG4seq-K -------------------------------------*-----------",AL662884.2|ENSG00000284829.1_2;ATF6B|ENSG00000213676.12_5,ENST00000375201.8_1;ENST00000375203.7_1;ENST00000453203.2_3;ENST00000494022.1_2,3UTR;non_coding
chr6,32083456,32083458,bulges,91,-,chr6:32083457-32083488:-,False,"            5'- GGGGGGAGGGGGTACCAGGTGGCCAGGTGGGACTGTTTCAA -3'
       rG4seq-K ------------------------------**---------",AL662884.2|ENSG00000284829.1_2;ATF6B|ENSG00000213676.12_5,ENST00000375201.8_1;ENST00000375203.7_1;ENST00000453203.2_3;ENST00000494022.1_2,3UTR;non_coding
chr6,32095988,32095992,longloop,61,-,chr6:32095988-32096027:-,False,"            5'- GGGCCTTGGGAACCGTCTCCTGGTTGGGGGGTGGGGGGGAAAGATGGCG -3'
       rG4seq-K -----------------------------------****----------",ATF6B|ENSG00000213676.12_5,ENST00000375201.8_1;ENST00000375203.7_1;ENST00000453203.2_3;ENST00000468502.1_1;ENST00000495579.5_1,5UTR
chr6,32136063,32136065,bulges,176,-,chr6:32136064-32136086:-,False,"            5'- GGGAGCAAAAGGAGAGGGTGGGACCCAGTTTT -3'
       rG4seq-K ---------------------**---------",AGPAT1|ENSG00000204310.12_3,ENST00000336984.6_1;ENST00000375104.6_1;ENST00000375107.7_1;ENST00000395496.5_1;ENST00000395497.5_1;ENST00000395499.5_1;ENST00000490711.5_1,3UTR
chr6,32152597,32152600,canonical/G3L1-7,32,-,chr6:32152598-32152625:-,False,"            5'- GGGGGGGTGGGAGGCATGGGCCGGGGGCAGTTCTCTC -3'
       rG4seq-K -------------------------***---------",AL662884.1|ENSG00000273333.2_6;PBX2|ENSG00000204304.11_3,ENST00000375050.5_1;ENST00000559458.2_2,3UTR;non_coding
chr6,32152779,32152782,potential G-quadruplex & G>=40%,76,-,chr6:32152779-32152839:-,False,"            5'- TCACACCAAAATCAAGGGGTAGGGAGAGGGAGGAGGTTGCAAAAAGCCAGATGTGGGGGAAAAGTAACAT -3'
       rG4seq-K ---------------------------------------------------------***----------",AL662884.1|ENSG00000273333.2_6;PBX2|ENSG00000204304.11_3,ENST00000375050.5_1;ENST00000559458.2_2,3UTR;non_coding
chr6,32153954,32153956,bulges,115,-,chr6:32153955-32153991:-,False,"            5'- GGCAGGAAGAATGGGGCCTCTAAGGGGAGTGTGGGGTCTGTCTCTC -3'
       rG4seq-K -----------------------------------**---------",PBX2|ENSG00000204304.11_3,ENST00000375050.5_1,3UTR
chr6,32154410,32154413,longloop,31,-,chr6:32154411-32154444:-,False,"            5'- GGGGCCAGGGGGCTATGGGGATAACCTCGGGGGAGGCCAGATG -3'
       rG4seq-K -------------------------------***---------",PBX2|ENSG00000204304.11_3,ENST00000375050.5_1;ENST00000495300.1_1,CDS
chr6,32796452,32796454,canonical/G3L1-7,80,-,chr6:32796452-32796472:-,False,"            5'- GGGGTGGGGTGGGGTGGGGGCTGTCTGTGT -3'
       rG4seq-K ------------------**----------",AL669918.1|ENSG00000250264.1_6;TAP2|ENSG00000204267.13_4,ENST00000374897.2_2;ENST00000374899.8_2;ENST00000452392.2_1;ENST00000620123.4_1,3UTR;non_coding
chr6,33161861,33161865,bulges,126,-,chr6:33161862-33161891:-,False,"            5'- GGTGGTGGTGGTGGTGAAGGGGCTGGTGGAGATGTAGGA -3'
       rG4seq-K --------------------------*-**---------",RXRB|ENSG00000204231.10_2,ENST00000374680.3_1;ENST00000374685.8_1,3UTR
chr6,33167192,33167193,canonical/G3L1-7,28,-,chr6:33168018-33168045:-,False,"            5'- GGGACGGGATGGGCGACAGCGGGCGGGACTCCCGAAG -3'
       rG4seq-K ---------------------------*---------",RXRB|ENSG00000204231.10_2,ENST00000374680.3_1;ENST00000374685.8_1;ENST00000483281.5_1,CDS
chr6,33255988,33255990,two-quartet,190,-,chr6:33255989-33256013:-,False,"            5'- GGTTTCTGGAAGGGGAGGATGGGGAAGACACAGC -3'
       rG4seq-K -----------------------**---------",WDR46|ENSG00000227057.9_3,ENST00000374617.8_1;ENST00000444176.1_2;ENST00000468157.5_1;ENST00000477718.5_1;ENST00000481025.1_1,CDS
chr6,33260862,33260864,canonical/G3L1-7,56,-,chr6:33260863-33260888:-,False,"            5'- GGGGGAGAGGGATCTGGGCCAGGGGCCTCTGATTG -3'
       rG4seq-K ------------------------**---------",RGL2|ENSG00000237441.9_2,ENST00000437840.6_1;ENST00000471319.1_1;ENST00000476616.1_1;ENST00000483151.5_1;ENST00000491168.5_1;ENST00000497454.5_1,CDS
chr6,33263964,33263965,canonical/G3L1-7,20,-,chr6:33263964-33263984:-,False,"            5'- GGGAAGGGTGTTGGGGGGGGCAGCGCTGAC -3'
       rG4seq-K -------------------*----------",RGL2|ENSG00000237441.9_2,ENST00000437840.6_1;ENST00000460988.1_1;ENST00000478610.5_1;ENST00000483151.5_1;ENST00000485077.5_1;ENST00000491168.5_1;ENST00000494550.5_1;ENST00000497454.5_1,CDS
chr6,33287879,33287880,bulges,111,-,chr6:33287880-33287914:-,False,"            5'- GAGGAGGAGGAGGAGGAAGAAGAAGAGGAGGAGGCCACAGATTC -3'
       rG4seq-K ----------------------------------*---------",DAXX|ENSG00000204209.12_5,ENST00000266000.10_3;ENST00000374542.9_4;ENST00000414083.6_3;ENST00000468536.5_1;ENST00000477162.1_1;ENST00000490173.1_1;ENST00000620164.4_2,CDS
chr6,33540916,33540918,canonical/G3L1-7,24,-,chr6:33540916-33540938:-,False,"            5'- GGGCTTGGGGTGTGGGGTGGGGTGGAGTCGCA -3'
       rG4seq-K --------------------**----------",BAK1|ENSG00000030110.12_2,ENST00000360661.9_1;ENST00000374467.3_1;ENST00000442998.6_1,3UTR
chr6,33679337,33679338,bulges,514,-,chr6:33679338-33679363:-,False,"            5'- GGGTAGCACAGGCCTTTCGGGAGGGAGAGAATACC -3'
       rG4seq-K -------------------------*---------",UQCC2|ENSG00000137288.9_4,ENST00000374214.3_2;ENST00000374231.8_3;ENST00000607484.5_3,CDS
chr6,33679480,33679483,potential G-quadruplex & G>=40%,52,-,chr6:33679480-33679540:-,False,"            5'- GCGGCGAGGCTTAGTGCGCAAGCGCCATTCGTCGGCGCCGACTCCTCCCGCTAAGGCGGGAACACGCGGG -3'
       rG4seq-K ---------------------------------------------------------***----------",UQCC2|ENSG00000137288.9_4,ENST00000374214.3_2;ENST00000607484.5_3,5UTR
chr6,33739995,33739998,longloop,53,-,chr6:33739996-33740025:-,False,"            5'- GGGATGGTGTTTCGGGTGGCGGGATGGGGAGCAGCTTGG -3'
       rG4seq-K ---------------------------***---------",LEMD2|ENSG00000161904.11_3,ENST00000293760.9_1;ENST00000421671.6_1;ENST00000506578.5_3;ENST00000511171.5_1;ENST00000614475.4_1,3UTR
chr6,34255105,34255106,longloop,43,-,chr6:34255105-34255133:-,False,"            5'- GGGTCTTGAGATTGAGGGGTAGGGAGGGCTACACTGAC -3'
       rG4seq-K ---------------------------*----------",NUDT3|ENSG00000272325.1_3;RPS10-NUDT3|ENSG00000270800.3_4,ENST00000607016.1_1;ENST00000639725.1_1;ENST00000639877.1_1,3UTR
chr6,35442073,35442074,bulges,38,-,chr6:35442074-35442105:-,False,"            5'- GGAGCCTCATCGAGGGGCGCTGGGTTAGGGGAGCACCTGTT -3'
       rG4seq-K -------------------------------*---------",TEAD3|ENSG00000007866.20_6,ENST00000338863.11_5;ENST00000402886.8_4,3UTR
chr6,35541621,35541622,bulges,47,-,chr6:35541622-35541651:-,False,"            5'- GGCAAAAGTGTGTGTGGGGAGGGGAAGGGTGTGTGAGTG -3'
       rG4seq-K -----------------------------*---------",FKBP5|ENSG00000096060.14_2,ENST00000357266.8_1;ENST00000536438.5_1;ENST00000539068.5_1,3UTR
chr6,36461735,36461737,potential G-quadruplex & G>=40%,51,-,chr6:36461735-36461795:-,False,"            5'- TGGGTAAAGAGAAGGAACTGCGGTGTTGGGAGAGTCTTTGTGTTGGGGAGTGGCAGGGGATGATTTGTTT -3'
       rG4seq-K ----------------------------------------------------------**----------",STK38|ENSG00000112079.8_3,ENST00000229812.7_1,3UTR
chr6,36823654,36823656,potential G-quadruplex & G>=40%,690,-,chr6:36823654-36823714:-,False,"            5'- CACACCATTTTTGGCCGAGTGTGTCAGGGCATAGGAATGGTGAATCGCGTGGGAATGGTAGAAACAAACT -3'
       rG4seq-K ----------------------------------------------------------**----------",PPIL1|ENSG00000137168.7_2,ENST00000373699.5_1;ENST00000483552.1_1,CDS
chr6,36936442,36936444,bulges,362,-,chr6:36936441-36936460:-,False,"            5'- GGTGAGGCGAGGTGGGGAGTTGGCAGAAT -3'
       rG4seq-K ----------------**-----------",MTCH1|ENSG00000137409.19_5,ENST00000373616.9_3;ENST00000373627.9_3,3UTR
chr6,36936472,36936473,potential G-quadruplex & G>=40%,322,-,chr6:36936472-36936532:-,False,"            5'- CTGTCCAGATGTGGGGTTGAGCGGGGGTGGGGCTGCACCCAGTGGATTGGGTCACCCGGCAGACCTAGGG -3'
       rG4seq-K -----------------------------------------------------------*----------",MTCH1|ENSG00000137409.19_5,ENST00000373616.9_3;ENST00000373627.9_3,3UTR
chr6,36936486,36936487,bulges,254,-,chr6:36936487-36936520:-,False,"            5'- GGGGTTGAGCGGGGGTGGGGCTGCACCCAGTGGATTGGGTCAC -3'
       rG4seq-K ---------------------------------*---------",MTCH1|ENSG00000137409.19_5,ENST00000373616.9_3;ENST00000373627.9_3,3UTR
chr6,36936500,36936502,two-quartet,207,-,chr6:36936500-36936520:-,False,"            5'- GGGGTTGAGCGGGGGTGGGGCTGCACCCAG -3'
       rG4seq-K ------------------**----------",MTCH1|ENSG00000137409.19_5,ENST00000373616.9_3;ENST00000373627.9_3,3UTR
chr6,36937336,36937339,canonical/G3L1-7,54,-,chr6:36937337-36937360:-,False,"            5'- GGGTGGGGCTGGGCCACGTGGGGAACTGGCAGC -3'
       rG4seq-K ---------------------***---------",MTCH1|ENSG00000137409.19_5,ENST00000373616.9_3;ENST00000373627.9_3;ENST00000418541.6_2;ENST00000460219.2_1;ENST00000471737.1_1,3UTR
chr6,36953722,36953724,canonical/G3L1-7,152,-,chr6:36953723-36953748:-,False,"            5'- GGGTCAGGGGGCCTGGGGTCTGGGGACAACGCCCC -3'
       rG4seq-K ------------------------**---------",MTCH1|ENSG00000137409.19_5,ENST00000373616.9_3;ENST00000373627.9_3;ENST00000460219.2_1,CDS
chr6,38644469,38644470,two-quartet,900,-,chr6:38644470-38644490:-,False,"            5'- GGGAAAGGGGAGGAGGAAGGAAATGATATG -3'
       rG4seq-K --------------------*---------",GLO1|ENSG00000124767.6_2,ENST00000373365.4_1;ENST00000470973.1_1,3UTR
chr6,42981555,42981557,bulges,86,-,chr6:42981556-42981597:-,False,"            5'- GGGGCGGGTGGGGGACGCTGCAGCTGGGGCCATTTGAGGGGAGCCCATGGG -3'
       rG4seq-K ----------------------------------------**---------",MEA1|ENSG00000124733.4_3,ENST00000244711.3_2;ENST00000642748.1_1;ENST00000643776.1_1;ENST00000645375.1_1;ENST00000645410.1_1,5UTR
chr6,42981566,42981569,longloop,38,-,chr6:42981568-42981598:-,False,"            5'- GGGGGCGGGTGGGGGACGCTGCAGCTGGGGCCATTTGAGG -3'
       rG4seq-K -----------------------------***--------",MEA1|ENSG00000124733.4_3,ENST00000244711.3_2;ENST00000642748.1_1;ENST00000643776.1_1;ENST00000645375.1_1;ENST00000645410.1_1,5UTR
chr6,42981661,42981662,potential G-quadruplex & G>=40%,161,-,chr6:42981661-42981721:-,False,"            5'- AATCATGGATATGGGGCGGGGCTGGAGGACTAGGCACCTCTGCACGTCCTGCCCCGCCGGAAGTGGAGGC -3'
       rG4seq-K -----------------------------------------------------------*----------",MEA1|ENSG00000124733.4_3,ENST00000244711.3_2;ENST00000642748.1_1;ENST00000643776.1_1;ENST00000645375.1_1;ENST00000645410.1_1,5UTR
chr6,43008060,43008061,bulges,54,-,chr6:43008059-43008098:-,False,"            5'- GTGGTGGATGTGGCGGAGGGAGAGGAGGAAGAGGAGGAGAATGAGGACC -3'
       rG4seq-K -------------------------------------*-----------",CUL7|ENSG00000044090.8_2,ENST00000265348.7_1;ENST00000535468.1_1,CDS
chr6,44222184,44222185,potential G-quadruplex & G>=40%,388,-,chr6:44222184-44222244:-,False,"            5'- GTTTATTCTGAGCCCCGGGGGTAGACAGTCCTCAGTGAGGGGTTTTGGGGAGTTTGGGGTCAAGAGAGCA -3'
       rG4seq-K -----------------------------------------------------------*----------",SLC35B2|ENSG00000157593.18_3,ENST00000393810.5_1;ENST00000393812.3_1;ENST00000495706.1_1;ENST00000537814.2_1;ENST00000538577.5_1;ENST00000615337.4_1;ENST00000619636.4_1,3UTR
chr6,44222550,44222551,bulges,145,-,chr6:44222550-44222568:-,False,"            5'- GTGGTGGGAGGGCTGGGGGTGGCTGTGG -3'
       rG4seq-K -----------------*----------",SLC35B2|ENSG00000157593.18_3,ENST00000393810.5_1;ENST00000393812.3_1;ENST00000495706.1_1;ENST00000537814.2_1;ENST00000538577.5_1;ENST00000615337.4_1;ENST00000619636.4_1,3UTR;CDS
chr6,45389127,45389128,bulges,15,-,chr6:45389128-45389147:-,False,"            5'- GAGGAGGGGGGGTGGAGGGAGATCTAGTC -3'
       rG4seq-K -------------------*---------",AL096865.1|ENSG00000271857.1_5,ENST00000606796.1_1,non_coding
chr6,47199334,47199335,bulges,77,-,chr6:47199333-47199357:-,False,"            5'- GGGTGGGGTTTGTGGGTAGTGGTGAAGGACCGAT -3'
       rG4seq-K ----------------------*-----------",TNFRSF21|ENSG00000146072.6_2,ENST00000296861.2_1,3UTR
chr6,47199340,47199341,potential G-quadruplex & G>=40%,58,-,chr6:47199340-47199400:-,False,"            5'- TTGCCAGGTTCCAATGCAAAGGTGGCGTGGACTCCCTTTGTGTGGGTGGGGTTTGTGGGTAGTGGTGAAG -3'
       rG4seq-K -----------------------------------------------------------*----------",TNFRSF21|ENSG00000146072.6_2,ENST00000296861.2_1,3UTR
chr6,52362363,52362364,two-quartet,44,-,chr6:52362363-52362379:-,False,"            5'- GGGTTGGGGGGAGGGGTGTCTTTTTG -3'
       rG4seq-K ---------------*----------",TRAM2|ENSG00000065308.4_2,ENST00000182527.3_1,3UTR
chr6,53362767,53362768,two-quartet,37,-,chr6:53362768-53362789:-,False,"            5'- GGCGGCAGGGGTGGGGGGTGGCAATCATTTT -3'
       rG4seq-K ---------------------*---------",GCLC|ENSG00000001084.12_5,ENST00000229416.10_1;ENST00000509541.5_2;ENST00000616923.5_3;ENST00000650454.1_1,3UTR
chr6,74230588,74230589,bulges,10,-,chr6:74230588-74230606:-,False,"            5'- GGGTTGGAAGTGGGTGGGAGAGTTCGAG -3'
       rG4seq-K -----------------*----------",EEF1A1|ENSG00000156508.17_3,ENST00000309268.10_1;ENST00000316292.13_1;ENST00000331523.6_1;ENST00000356303.6_2;ENST00000455918.1_2;ENST00000610520.4_1;ENST00000615060.4_1,5UTR
chr6,74230754,74230755,G>=40%,1040,-,chr6:74230754-74230814:-,False,"            5'- GCCTTTTTCCCGAGGGTGGGGGAGAACCGTATATAAGTGCAGTAGTCGCCGTGAACGTTCTTTTTCGCAA -3'
       rG4seq-K -----------------------------------------------------------*----------",EEF1A1|ENSG00000156508.17_3,ENST00000309268.10_1;ENST00000331523.6_1;ENST00000356303.6_2;ENST00000455918.1_2;ENST00000610520.4_1;ENST00000615060.4_1,5UTR
chr6,75962806,75962807,bulges,208,-,chr6:75962807-75962837:-,False,"            5'- GAGGGGAGGGTGGAGGGAGTAGGGAAGTGGTCCTTTTACA -3'
       rG4seq-K ------------------------------*---------",TMEM30A|ENSG00000112697.15_3,ENST00000230461.10_1,3UTR
chr6,75962812,75962814,canonical/G3L1-7,157,-,chr6:75962813-75962835:-,False,"            5'- GGGGAGGGTGGAGGGAGTAGGGAAGTGGTCCT -3'
       rG4seq-K ---------------------**---------",TMEM30A|ENSG00000112697.15_3,ENST00000230461.10_1,3UTR
chr6,75962819,75962821,longloop,69,-,chr6:75962820-75962846:-,False,"            5'- GGGTATTTTGAGGGGAGGGTGGAGGGAGTAGGGAAG -3'
       rG4seq-K -------------------------**---------",TMEM30A|ENSG00000112697.15_3,ENST00000230461.10_1,3UTR
chr6,82462288,82462289,bulges,16,-,chr6:82462287-82462316:-,False,"            5'- GCGGCGCAGGAGGGGTCGCGGGGAGGGAGTGGTGAGCGC -3'
       rG4seq-K ---------------------------*-----------",TENT5A|ENSG00000112773.15_6,ENST00000320172.10_4;ENST00000369754.7_4;ENST00000369756.3_3,5UTR;CDS
chr6,86303491,86303493,bulges,19,-,chr6:86303491-86303521:-,False,"            5'- GGGGCGGGGACGCGAGGTGTGGATGGGGGGTCGCCTTGAC -3'
       rG4seq-K ----------------------------**----------",AL589666.1|ENSG00000271793.1_6;SNX14|ENSG00000135317.12_6,ENST00000314673.7_5;ENST00000346348.7_3;ENST00000369627.6_3;ENST00000369635.6_1;ENST00000503906.1_1;ENST00000505648.5_1;ENST00000509338.5_2;ENST00000513865.5_1;ENST00000513869.1_1;ENST00000514419.5_2,5UTR;non_coding
chr6,86352862,86352864,longloop,14,-,chr6:86352863-86352902:-,False,"            5'- GGGGAGTGGGAGCAGTGGGGTAAAGGAGCGGGGGGCGGGAATAAGAAAG -3'
       rG4seq-K --------------------------------------**---------",SYNCRIP|ENSG00000135316.17_3,ENST00000369622.7_1;ENST00000444272.1_1,5UTR
chr6,86388401,86388403,bulges,45,-,chr6:86388402-86388424:-,False,"            5'- GGGCGGGTGGTAGGTGAGTGGGTATTGCGGGC -3'
       rG4seq-K ---------------------**---------",SNHG5|ENSG00000203875.11_3,ENST00000369605.8_3;ENST00000414002.5_1;ENST00000420199.5_1;ENST00000431043.1_1;ENST00000587692.5_1;ENST00000589187.5_1;ENST00000622963.3_3;ENST00000650155.1_1,non_coding
chr6,108279216,108279219,bulges,37,-,chr6:108279215-108279245:-,False,"            5'- GGTGAGAAGAGCGAGGCGGAGGAGGGGGTGCCATGGCCGG -3'
       rG4seq-K --------------------------*-*-----------",SEC63|ENSG00000025796.13_2,ENST00000369002.8_1;ENST00000446496.1_1;ENST00000460009.1_1,5UTR
chr6,116571783,116571785,bulges,34,-,chr6:116571784-116571814:-,False,"            5'- GAGGTGCTCTCCAGGGAAGAGGGGCTGGGGTTTAAATAGC -3'
       rG4seq-K -----------------------------**---------",TSPYL4|ENSG00000187189.10_3,ENST00000420283.2_1,3UTR
chr6,116600412,116600413,bulges,106,-,chr6:116600411-116600445:-,False,"            5'- GGAGGTAATGGAGGAGCAGATGGAGGTAGAGGAGCAGCCGCCAG -3'
       rG4seq-K --------------------------------*-----------",TSPYL1|ENSG00000189241.6_3,ENST00000368608.3_1,CDS
chr6,127664504,127664505,potential G-quadruplex & G>=40%,122,-,chr6:127664504-127664564:-,False,"            5'- GGGGGGAGCGGAAACAAAGGCACGCAAAACGGAAAAGCGTGTGTAGGGGAGCGGAAAAGGAAGTCACCAC -3'
       rG4seq-K -----------------------------------------------------------*----------",ECHDC1|ENSG00000093144.18_5,ENST00000368291.6_1;ENST00000430841.6_1;ENST00000454591.6_1;ENST00000454859.7_1;ENST00000479525.6_1;ENST00000528402.5_1,5UTR
chr6,131160697,131160698,bulges,65,-,chr6:131160696-131160723:-,False,"            5'- GGAGAGGGGGAGGGGGCTGTGGTGGTGTTCTGTTGGT -3'
       rG4seq-K -------------------------*-----------",EPB41L2|ENSG00000079819.18_5,ENST00000337057.7_2;ENST00000368128.6_2;ENST00000392427.7_1;ENST00000445890.6_2;ENST00000452150.6_1;ENST00000527411.5_3;ENST00000528282.5_2;ENST00000530481.5_2;ENST00000530757.5_1;ENST00000531410.5_1;ENST00000628542.2_2,3UTR
chr6,131160706,131160710,bulges,23,-,chr6:131160707-131160739:-,False,"            5'- GGTTTGAGGATGCTGGGGAGAGGGGGAGGGGGCTGTGGTGGT -3'
       rG4seq-K -----------------------------****---------",EPB41L2|ENSG00000079819.18_5,ENST00000337057.7_2;ENST00000368128.6_2;ENST00000392427.7_1;ENST00000445890.6_2;ENST00000452150.6_1;ENST00000527411.5_3;ENST00000528282.5_2;ENST00000530481.5_2;ENST00000530757.5_1;ENST00000531410.5_1;ENST00000628542.2_2,3UTR
chr6,136597535,136597537,canonical/G3L1-7,149,-,chr6:136597536-136597558:-,False,"            5'- GGGAGGGCAGAGGGAGAATGGGAAGATCAGGA -3'
       rG4seq-K ---------------------**---------",BCLAF1|ENSG00000029363.16_4,ENST00000353331.8_3;ENST00000392348.6_3;ENST00000527536.5_3;ENST00000527613.5_1;ENST00000527759.5_1;ENST00000529826.5_2;ENST00000530429.5_1;ENST00000530767.5_2;ENST00000531224.5_1;ENST00000532384.5_1;ENST00000533621.1_1;ENST00000534269.5_1;ENST00000628517.2_3;ENST00000640069.1_1,CDS
chr6,136597543,136597545,bulges,77,-,chr6:136597544-136597570:-,False,"            5'- GGATCAGAGAAAGGGAGGGCAGAGGGAGAATGGGAA -3'
       rG4seq-K -------------------------**---------",BCLAF1|ENSG00000029363.16_4,ENST00000353331.8_3;ENST00000392348.6_3;ENST00000527536.5_3;ENST00000527613.5_1;ENST00000527759.5_1;ENST00000529826.5_2;ENST00000530429.5_1;ENST00000530767.5_2;ENST00000531224.5_1;ENST00000532384.5_1;ENST00000533621.1_1;ENST00000534269.5_1;ENST00000628517.2_3;ENST00000640069.1_1,CDS
chr6,136599760,136599761,two-quartet,160,-,chr6:136599761-136599792:-,False,"            5'- GGGGTAGAGGGTATTATCAAGGAGGAGGAGGTAGATATCAT -3'
       rG4seq-K -------------------------------*---------",BCLAF1|ENSG00000029363.16_4,ENST00000353331.8_3;ENST00000392348.6_3;ENST00000527536.5_3;ENST00000527613.5_1;ENST00000527759.5_1;ENST00000529826.5_2;ENST00000530429.5_1;ENST00000530767.5_2;ENST00000531224.5_1;ENST00000532384.5_1;ENST00000534269.5_1;ENST00000628517.2_3;ENST00000640069.1_1,CDS
chr6,136599763,136599764,two-quartet,113,-,chr6:136599761-136599792:-,False,"            5'- GGGGTAGAGGGTATTATCAAGGAGGAGGAGGTAGATATCAT -3'
       rG4seq-K ----------------------------*------------",BCLAF1|ENSG00000029363.16_4,ENST00000353331.8_3;ENST00000392348.6_3;ENST00000527536.5_3;ENST00000527613.5_1;ENST00000527759.5_1;ENST00000529826.5_2;ENST00000530429.5_1;ENST00000530767.5_2;ENST00000531224.5_1;ENST00000532384.5_1;ENST00000534269.5_1;ENST00000628517.2_3;ENST00000640069.1_1,CDS
chr6,136599780,136599782,bulges,81,-,chr6:136599781-136599805:-,False,"            5'- GGGTACAGAGGAAGGGGTAGAGGGTATTATCAAG -3'
       rG4seq-K -----------------------**---------",BCLAF1|ENSG00000029363.16_4,ENST00000353331.8_3;ENST00000392348.6_3;ENST00000527536.5_3;ENST00000527613.5_1;ENST00000527759.5_1;ENST00000529826.5_2;ENST00000530429.5_1;ENST00000530767.5_2;ENST00000531224.5_1;ENST00000532384.5_1;ENST00000534269.5_1;ENST00000628517.2_3;ENST00000640069.1_1,CDS
chr6,136683599,136683600,two-quartet,152,-,chr6:136683600-136683626:-,False,"            5'- GGAAGAAAGGGAGAGGAGGGAGCAGGAAGAGCTTGA -3'
       rG4seq-K --------------------------*---------",MAP7|ENSG00000135525.18_3,ENST00000354570.7_1;ENST00000432797.6_1;ENST00000438100.6_1;ENST00000454590.5_1;ENST00000544465.5_1;ENST00000611373.1_1;ENST00000616617.4_1;ENST00000617204.4_1;ENST00000618822.4_1,CDS
chr6,136710522,136710523,bulges,107,-,chr6:136710521-136710552:-,False,"            5'- GGAGGAGCGGAGGAGGGCTGCTGTGGAGGAGAAGCGGAGGC -3'
       rG4seq-K -----------------------------*-----------",MAP7|ENSG00000135525.18_3,ENST00000354570.7_1;ENST00000432797.6_1;ENST00000438100.6_1;ENST00000454590.5_1;ENST00000544465.5_1;ENST00000611373.1_1;ENST00000616617.4_1;ENST00000617204.4_1;ENST00000618822.4_1,5UTR;CDS
chr6,159192299,159192300,two-quartet,386,-,chr6:159192300-159192317:-,False,"            5'- GGCCCAGGCCCGGGAGGAGAAGCATCA -3'
       rG4seq-K -----------------*---------",EZR|ENSG00000092820.17_3,ENST00000337147.11_2;ENST00000367075.3_1;ENST00000392177.8_1,CDS
chr6,159239191,159239192,bulges,134,-,chr6:159239192-159239229:-,False,"            5'- GGGCGCTCTAAGGGTTCTGCTCTGACTCCAGGTTGGGACAGCGTCTT -3'
       rG4seq-K -------------------------------------*---------",EZR|ENSG00000092820.17_3,ENST00000337147.11_2;ENST00000367075.3_1;ENST00000476189.1_1,5UTR
chr6,160102616,160102620,bulges,396,-,chr6:160102619-160102638:-,False,"            5'- GGGGTAGGCAGGGGGCGGGCTTACAGGTT -3'
       rG4seq-K ------------------**-*-------",SOD2|ENSG00000112096.17_4;SOD2|ENSG00000285441.1_2,ENST00000367054.6_2;ENST00000367055.8_2;ENST00000538183.6_2;ENST00000546087.5_3;ENST00000546260.5_1,3UTR;non_coding
chr6,160210643,160210644,bulges,143,-,chr6:160210642-160210671:-,False,"            5'- GGGGCAGCCGGGAAGCGGGTGGGGTGGTGTGTTACCCAG -3'
       rG4seq-K ---------------------------*-----------",TCP1|ENSG00000120438.11_3,ENST00000321394.11_1;ENST00000392168.6_1;ENST00000537390.5_3;ENST00000538128.5_2;ENST00000543532.5_1;ENST00000546023.1_1,5UTR
chr6,160210648,160210649,canonical/G3L1-7,100,-,chr6:160210647-160210671:-,False,"            5'- GGGGCAGCCGGGAAGCGGGTGGGGTGGTGTGTTA -3'
       rG4seq-K ----------------------*-----------",TCP1|ENSG00000120438.11_3,ENST00000321394.11_1;ENST00000392168.6_1;ENST00000537390.5_3;ENST00000538128.5_2;ENST00000543532.5_1;ENST00000546023.1_1,5UTR
chr6,161557249,161557252,canonical/G3L1-7,12,-,chr6:161557250-161557269:-,False,"            5'- GGGGAGGGCAGGGCTGGGGACCGAAGGGG -3'
       rG4seq-K -----------------*-*---------",AGPAT4|ENSG00000026652.13_3,ENST00000320285.8_1;ENST00000366911.9_1,3UTR
chr7,1570390,1570393,longloop,68,+,chr7:1570355-1570391:+,False,"            5'- GGGCGGGCGGGTGCGGTGGCGGCGGGCGGCGCGGGGGCACTTGTTG -3'
       rG4seq-K -----------------------------------***--------",MAFK|ENSG00000198517.9_3,ENST00000343242.8_1,5UTR
chr7,1580064,1580065,canonical/G3L1-7,132,+,chr7:1580042-1580066:+,False,"            5'- GGGCGGCGGGCAGGCGGGTGGGGGCACACCCCTC -3'
       rG4seq-K ----------------------*-----------",AC093734.1|ENSG00000256005.1;MAFK|ENSG00000198517.9_3,ENST00000343242.8_1;ENST00000403150.5_1;ENST00000540816.1,3UTR;non_coding
chr7,1580729,1580730,bulges,238,+,chr7:1580699-1580729:+,False,"            5'- GCTGGTGTTCACTGGGGGAGGGCCTGTGGGCACACATGGC -3'
       rG4seq-K ------------------------------*---------",AC093734.1|ENSG00000256005.1;MAFK|ENSG00000198517.9_3,ENST00000343242.8_1;ENST00000403150.5_1;ENST00000540816.1,3UTR;non_coding
chr7,1581007,1581008,bulges,118,+,chr7:1580969-1581007:+,False,"            5'- GGGGGAACGAGGAGGTCTTTTGGGGGCCTGGCGAGGGGAAGGGCTGCT -3'
       rG4seq-K --------------------------------------*---------",AC093734.1|ENSG00000256005.1;MAFK|ENSG00000198517.9_3,ENST00000343242.8_1;ENST00000403150.5_1;ENST00000540816.1,3UTR;non_coding
chr7,1581033,1581037,longloop,128,+,chr7:1581003-1581036:+,False,"            5'- GGGGAAGGGCTGCTGCAGTCTAGGGAGAGGGGGTGCAGCCTGG -3'
       rG4seq-K ------------------------------****---------",AC093734.1|ENSG00000256005.1;MAFK|ENSG00000198517.9_3,ENST00000343242.8_1;ENST00000403150.5_1;ENST00000540816.1,3UTR;non_coding
chr7,1581047,1581050,bulges,202,+,chr7:1581009-1581048:+,False,"            5'- GGGCTGCTGCAGTCTAGGGAGAGGGGGTGCAGCCTGGGGGATGTTGGTG -3'
       rG4seq-K --------------------------------------***--------",AC093734.1|ENSG00000256005.1;MAFK|ENSG00000198517.9_3,ENST00000343242.8_1;ENST00000403150.5_1;ENST00000540816.1,3UTR;non_coding
chr7,1581107,1581108,bulges,113,+,chr7:1581069-1581109:+,False,"            5'- GGAGGTGGAAGGAGGAGGACGTTGCGTGGAGTGGTGGGAGGAGGCGGGAG -3'
       rG4seq-K --------------------------------------*-----------",AC093734.1|ENSG00000256005.1;MAFK|ENSG00000198517.9_3,ENST00000343242.8_1;ENST00000403150.5_1;ENST00000540816.1,3UTR;non_coding
chr7,1581116,1581117,bulges,166,+,chr7:1581082-1581119:+,False,"            5'- GGAGGACGTTGCGTGGAGTGGTGGGAGGAGGCGGGAGCCGTGTGCGA -3'
       rG4seq-K ----------------------------------*------------",AC093734.1|ENSG00000256005.1;MAFK|ENSG00000198517.9_3,ENST00000343242.8_1;ENST00000403150.5_1;ENST00000540816.1,3UTR;non_coding
chr7,1581226,1581229,bulges,136,+,chr7:1581209-1581231:+,False,"            5'- GAGGGCGCGGCGGGTGGGGAGGCAGCAGGCAC -3'
       rG4seq-K -----------------***------------",AC093734.1|ENSG00000256005.1;MAFK|ENSG00000198517.9_3,ENST00000343242.8_1;ENST00000403150.5_1;ENST00000540816.1,3UTR;non_coding
chr7,2703080,2703081,canonical/G3L1-7,35,+,chr7:2703059-2703081:+,False,"            5'- GGGAGGGCAGAGTGGGGAGGGGAGTCCATGGG -3'
       rG4seq-K ---------------------*----------",TTYH3|ENSG00000136295.14_2,ENST00000258796.11_1;ENST00000403167.5_1;ENST00000407643.5_1,3UTR
chr7,5645619,5645621,longloop,359,+,chr7:5645597-5645620:+,False,"            5'- GGGAAGGGAAGCTGTCGGGTGGGCTAGGACTGA -3'
       rG4seq-K ----------------------**---------",FSCN1|ENSG00000075618.17_2,ENST00000382361.7_1;ENST00000473330.1_1,3UTR
chr7,5645785,5645790,bulges,42,+,chr7:5645762-5645787:+,False,"            5'- GGTGGTGGTGGCGGGCGGGTAGGGGTGTGGGGGCC -3'
       rG4seq-K -----------------------***-*-------",FSCN1|ENSG00000075618.17_2,ENST00000382361.7_1;ENST00000473330.1_1,3UTR
chr7,5645792,5645796,canonical/G3L1-7,404,+,chr7:5645774-5645795:+,False,"            5'- GGGCGGGTAGGGGTGTGGGGGCCGTCTTCCT -3'
       rG4seq-K ------------------****---------",FSCN1|ENSG00000075618.17_2,ENST00000382361.7_1;ENST00000473330.1_1,3UTR
chr7,7286319,7286322,canonical/G3L1-7,18,+,chr7:7286299-7286321:+,False,"            5'- GGGGCAGGGGCAGGGGCAGGGGCTAGCAGTTG -3'
       rG4seq-K --------------------***---------",C1GALT1|ENSG00000106392.10_3,ENST00000223122.3_1;ENST00000436587.6_1,3UTR
chr7,11013791,11013793,canonical/G3L1-7,17,+,chr7:11013762-11013792:+,False,"            5'- GGGGGGGCGGGGGGTTAGGGGACCGCGGGGCTACTCTTGG -3'
       rG4seq-K -----------------------------**---------",PHF14|ENSG00000106443.16_3,ENST00000403050.7_1;ENST00000423760.6_1;ENST00000476009.5_1;ENST00000490957.5_1;ENST00000521747.5_1;ENST00000634607.1_1;ENST00000642461.1_1,5UTR
chr7,17384713,17384715,bulges,41,+,chr7:17384697-17384714:+,False,"            5'- GGGGAGGGCGAGGAGGGTGGATCACGA -3'
       rG4seq-K ----------------**---------",AHR|ENSG00000106546.13_3,ENST00000242057.8_2;ENST00000463496.1_1;ENST00000642825.1_1,3UTR
chr7,23339188,23339190,bulges,126,+,chr7:23339166-23339190:+,False,"            5'- GGGCTGGAGGAGCGGGCGGAGGGGACGGTCAACG -3'
       rG4seq-K ----------------------**----------",MALSU1|ENSG00000156928.4_2,ENST00000287543.4_1;ENST00000466681.1_1;ENST00000479974.1_1;ENST00000481564.1_1,CDS
chr7,23339203,23339205,bulges,214,+,chr7:23339179-23339204:+,False,"            5'- GGGCGGAGGGGACGGTCAACGAGGGACGCCCAGAA -3'
       rG4seq-K ------------------------**---------",MALSU1|ENSG00000156928.4_2,ENST00000287543.4_1;ENST00000466681.1_1;ENST00000479974.1_1;ENST00000481564.1_1,CDS
chr7,27139475,27139477,bulges,105,+,chr7:27139453-27139478:+,False,"            5'- GTGGAGGGATTTATGGGGGAGGGGGTTGAAATGTG -3'
       rG4seq-K ----------------------**-----------",HOTAIRM1|ENSG00000233429.9_4,ENST00000425358.2_1;ENST00000428939.3_1;ENST00000429611.7_1;ENST00000434063.3_1;ENST00000593300.1_1,non_coding
chr7,27139489,27139491,longloop,202,+,chr7:27139458-27139490:+,False,"            5'- GGGATTTATGGGGGAGGGGGTTGAAATGTGGGTGTTTGAAAC -3'
       rG4seq-K -------------------------------**---------",HOTAIRM1|ENSG00000233429.9_4,ENST00000425358.2_1;ENST00000428939.3_1;ENST00000429611.7_1;ENST00000434063.3_1;ENST00000593300.1_1,non_coding
chr7,30124185,30124186,canonical/G3L1-7,21,+,chr7:30124163-30124185:+,False,"            5'- GGGGAGGGGTGACAGGGGAGGGTTTTACTTTT -3'
       rG4seq-K ----------------------*---------",PLEKHA8|ENSG00000106086.19_4,ENST00000258679.11_1;ENST00000396257.6_1;ENST00000396259.5_1;ENST00000440706.2_3;ENST00000449726.5_1;ENST00000622102.4_1;ENST00000649443.1_1,3UTR
chr7,32612962,32612963,bulges,30,+,chr7:32612947-32612964:+,False,"            5'- GGGCTGGGAGGGAGGTGACGAATGGAT -3'
       rG4seq-K ---------------*-----------",AVL9|ENSG00000105778.18_3,ENST00000318709.8_2;ENST00000409301.5_2;ENST00000446718.1_1,CDS
chr7,33045115,33045117,potential G-quadruplex & G>=40%,50,+,chr7:33045057-33045117:+,False,"            5'- TGCATCATTAGCCAGTAGTAGGTGGGTCACATAGTACCTGGTGTACACATCGGGGTGGGTTGATATATGG -3'
       rG4seq-K ----------------------------------------------------------**----------",FKBP9|ENSG00000122642.10_3,ENST00000242209.8_2;ENST00000471066.1_1;ENST00000490776.3_1;ENST00000538336.5_2,3UTR
chr7,35840817,35840818,longloop,14,+,chr7:35840792-35840819:+,False,"            5'- GGGGCTGGTCGCGGAGGGGGGGAGGGGATGTCGGTCA -3'
       rG4seq-K -------------------------*-----------",SEPT7|ENSG00000122545.19_4,ENST00000350320.10_3;ENST00000399034.7_1;ENST00000435235.6_1;ENST00000635172.1_1,5UTR
chr7,39726342,39726344,two-quartet,262,+,chr7:39726322-39726343:+,False,"            5'- GGTGGGCAGTGGTGGCGTGGGCAAGTCAGCT -3'
       rG4seq-K --------------------**---------",RALA|ENSG00000006451.7_3,ENST00000005257.6_1;ENST00000434466.1_3;ENST00000436179.1_3;ENST00000468201.1_1,CDS
chr7,39746158,39746163,bulges,99,+,chr7:39746133-39746162:+,False,"            5'- GAGGTGAAATGGGGGTGGGGAGTGGGAGGAAAGGTGACT -3'
       rG4seq-K -------------------------***-*---------",RALA|ENSG00000006451.7_3,ENST00000005257.6_1,3UTR
chr7,40135262,40135264,canonical/G3L1-7,31,+,chr7:40135246-40135263:+,False,"            5'- GGGTGGGGTGGGGAGGGAAAGTAAGTG -3'
       rG4seq-K ----------------**---------",CDK13|ENSG00000065883.15_3,ENST00000181839.9_2,3UTR
chr7,44091455,44091456,bulges,74,+,chr7:44091427-44091457:+,False,"            5'- GAGGGTGGCCTGGAGGAGATGGTGGAGGAGCTCAACAGCG -3'
       rG4seq-K ----------------------------*-----------",DBNL|ENSG00000136279.20_4,ENST00000411855.5_1;ENST00000423561.6_1;ENST00000429716.5_1;ENST00000432854.5_1;ENST00000439815.5_1;ENST00000440166.5_1;ENST00000441840.7_1;ENST00000441904.5_1;ENST00000448521.5_2;ENST00000452943.5_1;ENST00000456905.5_1;ENST00000458579.5_1;ENST00000464762.5_1;ENST00000468694.5_2;ENST00000485932.5_1;ENST00000490734.6_1;ENST00000494774.5_2;ENST00000497184.5_1;ENST00000498733.5_1,3UTR;CDS
chr7,44252200,44252201,bulges,133,+,chr7:44252180-44252200:+,False,"            5'- GGGAAGGCTCTGTGGGAGGGAGGTCGGAGC -3'
       rG4seq-K --------------------*---------",YKT6|ENSG00000106636.7_3,ENST00000223369.2_1;ENST00000421621.2_1;ENST00000424864.1_3;ENST00000447123.5_1;ENST00000496112.5_1,3UTR
chr7,44252315,44252317,longloop,39,+,chr7:44252278-44252316:+,False,"            5'- GGGGGGTGGGGAGTCCCTGATGCTAGGGCTGGGGTGGGTGGAGTTTGA -3'
       rG4seq-K -------------------------------------**---------",YKT6|ENSG00000106636.7_3,ENST00000223369.2_1;ENST00000421621.2_1;ENST00000496112.5_1,3UTR
chr7,44252319,44252320,bulges,64,+,chr7:44252303-44252321:+,False,"            5'- GGGCTGGGGTGGGTGGAGTTTGAAGACT -3'
       rG4seq-K ----------------*-----------",YKT6|ENSG00000106636.7_3,ENST00000223369.2_1;ENST00000421621.2_1;ENST00000496112.5_1,3UTR
chr7,44252599,44252601,bulges,32,+,chr7:44252569-44252600:+,False,"            5'- GGAGCTGCATTGTGGGCGGGGAGTGTGTGGGTTGGGTTCGT -3'
       rG4seq-K ------------------------------**---------",YKT6|ENSG00000106636.7_3,ENST00000223369.2_1;ENST00000421621.2_1,3UTR
chr7,44252604,44252606,canonical/G3L1-7,71,+,chr7:44252582-44252605:+,False,"            5'- GGGCGGGGAGTGTGTGGGTTGGGTTCGTACCAG -3'
       rG4seq-K ----------------------**---------",YKT6|ENSG00000106636.7_3,ENST00000223369.2_1;ENST00000421621.2_1,3UTR
chr7,44253361,44253363,canonical/G3L1-7,59,+,chr7:44253341-44253363:+,False,"            5'- GGGGCTGGGCAGGAGGGTGGGGTCTGCTGTGG -3'
       rG4seq-K --------------------**----------",YKT6|ENSG00000106636.7_3,ENST00000223369.2_1;ENST00000421621.2_1,3UTR
chr7,44253636,44253638,bulges,48,+,chr7:44253608-44253637:+,False,"            5'- GAGGACCCTGGGGAGAGATGGGGGCGGGGAAAATGGAGG -3'
       rG4seq-K ----------------------------**---------",YKT6|ENSG00000106636.7_3,ENST00000223369.2_1;ENST00000421621.2_1,3UTR
chr7,44253660,44253661,bulges,107,+,chr7:44253627-44253660:+,False,"            5'- GGGGGCGGGGAAAATGGAGGTATGAATTTGGGGTAAGAGGAAG -3'
       rG4seq-K ---------------------------------*---------",YKT6|ENSG00000106636.7_3,ENST00000223369.2_1;ENST00000421621.2_1,3UTR
chr7,44748500,44748502,bulges,26,+,chr7:44748483-44748503:+,False,"            5'- GGGAGAGGAGGGGCTGGGGGTGAGGGGCCA -3'
       rG4seq-K -----------------**-----------",OGDH|ENSG00000105953.14_3,ENST00000222673.5_1;ENST00000631326.2_1,3UTR
chr7,44748509,44748511,canonical/G3L1-7,115,+,chr7:44748483-44748510:+,False,"            5'- GGGAGAGGAGGGGCTGGGGGTGAGGGGCCAGGCCATG -3'
       rG4seq-K --------------------------**---------",OGDH|ENSG00000105953.14_3,ENST00000222673.5_1;ENST00000631326.2_1,3UTR
chr7,44808030,44808033,bulges,36,+,chr7:44808007-44808032:+,False,"            5'- GGCCTGGCCGAGGTGGGTGGGTGGGCTCTCAGATT -3'
       rG4seq-K -----------------------***---------",ZMIZ2|ENSG00000122515.14_4,ENST00000265346.11_1;ENST00000309315.8_1;ENST00000413916.5_2;ENST00000433667.5_2;ENST00000441627.5_1;ENST00000463056.5_1;ENST00000478045.5_1,3UTR
chr7,66107838,66107839,canonical/G3L1-7,16,+,chr7:66107810-66107838:+,False,"            5'- GGGGTTGGCAGGGGTTGAGGGAGGTGGGAACAAACAGT -3'
       rG4seq-K ----------------------------*---------",AC027644.4|ENSG00000284461.2_3;KCTD7|ENSG00000243335.9_3,ENST00000275532.8_2;ENST00000503687.2_3;ENST00000638524.1_1;ENST00000638540.1_1;ENST00000639828.1_1;ENST00000639879.1_1;ENST00000640234.1_1;ENST00000640385.1_1;ENST00000640851.1_1,3UTR;non_coding
chr7,66205702,66205703,bulges,11,+,chr7:66205672-66205704:+,False,"            5'- GGGCGAGCAGGAGGGTGGGTGTGAGGCGGGAGCTGGCCGCGG -3'
       rG4seq-K ------------------------------*-----------",AC027644.4|ENSG00000284461.2_3;RABGEF1|ENSG00000154710.17_4,ENST00000437078.6_3;ENST00000503687.2_3;ENST00000510829.6_3;ENST00000607882.5_1,5UTR;non_coding
chr7,73098257,73098259,longloop,15,+,chr7:73098227-73098258:+,False,"            5'- GGGGGTGCGGGAAGGGAAGGACCCGGGTGGGTGCCGATTTC -3'
       rG4seq-K ------------------------------**---------",BUD23|ENSG00000071462.11_6,ENST00000265758.6_2;ENST00000421304.5_3;ENST00000421744.5_1;ENST00000423497.5_1;ENST00000428163.5_1;ENST00000430270.5_1;ENST00000432522.5_1;ENST00000436944.5_1;ENST00000441822.5_3;ENST00000463307.5_1;ENST00000464615.1_1;ENST00000478670.5_1;ENST00000487006.2_1;ENST00000496153.5_1,5UTR;CDS
chr7,73536638,73536639,two-quartet,14,+,chr7:73536622-73536637:+,False,"            5'- GGCGGGCGGGGGTGGGAGGGCCATT -3'
       rG4seq-K ----------------*--------",LIMK1|ENSG00000106683.14_2,ENST00000336180.6_1;ENST00000418310.5_1,3UTR
chr7,73536641,73536643,canonical/G3L1-7,72,+,chr7:73536625-73536642:+,False,"            5'- GGGCGGGGGTGGGAGGGCCATTTTGTC -3'
       rG4seq-K ----------------**---------",LIMK1|ENSG00000106683.14_2,ENST00000336180.6_1;ENST00000418310.5_1,3UTR
chr7,73610526,73610527,two-quartet,424,+,chr7:73610501-73610526:+,False,"            5'- GGCGCTTTGGGGGTGGAGGGGGTGGTGCTGGTGCT -3'
       rG4seq-K -------------------------*---------",EIF4H|ENSG00000106682.14_2,ENST00000265753.12_1;ENST00000353999.6_1,3UTR
chr7,77166860,77166861,longloop,28,+,chr7:77166818-77166860:+,False,"            5'- GGGCGGCGGGGGGGCCAGCGACCGCAGCCGGGGGGACGCGGGAGGATGGAGC -3'
       rG4seq-K ------------------------------------------*---------",PTPN12|ENSG00000127947.15_2,ENST00000248594.10_1;ENST00000460731.5_1,5UTR
chr7,92077203,92077204,bulges,12,+,chr7:92077180-92077204:+,False,"            5'- GGGGGCGGCTGGAGGGACTGGGGGCAGCGGCGGC -3'
       rG4seq-K -----------------------*----------",GATAD1|ENSG00000157259.7_4,ENST00000287957.4_2;ENST00000644160.1_1;ENST00000645746.1_1,CDS
chr7,93551355,93551356,two-quartet,128,+,chr7:93551341-93551355:+,False,"            5'- GGGTGGGCGGCGGGCCAGGCCTTC -3'
       rG4seq-K --------------*---------",GNG11|ENSG00000127920.5_2,ENST00000248564.5_1,5UTR
chr7,94295438,94295439,bulges,52,+,chr7:94295413-94295438:+,False,"            5'- GGAGGGGGAGACGAGGAGGAGGAGGACATGACTTT -3'
       rG4seq-K -------------------------*---------",PEG10|ENSG00000242265.5_4,ENST00000465184.1_1;ENST00000482108.1_3;ENST00000493935.1_1;ENST00000612941.1_1;ENST00000615790.4_3;ENST00000617526.4_1,3UTR
chr7,94298494,94298496,potential G-quadruplex & G>=40%,32,+,chr7:94298436-94298496:+,False,"            5'- GTGTAATCAAGTTTAAGTAATAGGGGATATATAATCATAAGCATTTTAGGGTGGGAGGGACTATTAAGTA -3'
       rG4seq-K ----------------------------------------------------------**----------",PEG10|ENSG00000242265.5_4,ENST00000465184.1_1;ENST00000482108.1_3;ENST00000493935.1_1;ENST00000612941.1_1;ENST00000615790.4_3;ENST00000617526.4_1,3UTR
chr7,94298521,94298523,longloop,89,+,chr7:94298484-94298523:+,False,"            5'- GGGTGGGAGGGACTATTAAGTAATTTTAAGTGGGTGGGGTTATTTAGAA -3'
       rG4seq-K -------------------------------------**----------",PEG10|ENSG00000242265.5_4,ENST00000465184.1_1;ENST00000482108.1_3;ENST00000493935.1_1;ENST00000612941.1_1;ENST00000615790.4_3;ENST00000617526.4_1,3UTR
chr7,98992171,98992173,canonical/G3L1-7,439,+,chr7:98992147-98992172:+,False,"            5'- GGGGAAGCGGGGAGAGGGGTCAGGGAGGCTAATGG -3'
       rG4seq-K ------------------------**---------",AC004922.1|ENSG00000284292.1_4;ARPC1B|ENSG00000130429.14_5,ENST00000252725.10_2;ENST00000427217.6_2;ENST00000431816.6_3;ENST00000443222.6_2;ENST00000451682.5_1;ENST00000455009.6_2;ENST00000458033.6_3;ENST00000463078.1_1;ENST00000481997.5_1;ENST00000491294.1_1;ENST00000638617.1_1;ENST00000645391.1_1;ENST00000646101.2_2,3UTR
chr7,98992175,98992176,bulges,618,+,chr7:98992147-98992175:+,False,"            5'- GGGGAAGCGGGGAGAGGGGTCAGGGAGGCTAATGGTTG -3'
       rG4seq-K ----------------------------*---------",AC004922.1|ENSG00000284292.1_4;ARPC1B|ENSG00000130429.14_5,ENST00000252725.10_2;ENST00000427217.6_2;ENST00000431816.6_3;ENST00000443222.6_2;ENST00000451682.5_1;ENST00000455009.6_2;ENST00000458033.6_3;ENST00000463078.1_1;ENST00000481997.5_1;ENST00000491294.1_1;ENST00000638617.1_1;ENST00000645391.1_1;ENST00000646101.2_2,3UTR
chr7,99036642,99036643,bulges,32,+,chr7:99036599-99036641:+,False,"            5'- GGCGAAGCGAAGGAGGAGTGTGTGCGGCGGGGCCGGCGGCGGGTAAAGGCGA -3'
       rG4seq-K -------------------------------------------*--------",CPSF4|ENSG00000160917.14_2,ENST00000436336.6_1;ENST00000451876.5_1,5UTR
chr7,99054428,99054429,longloop,51,+,chr7:99054402-99054429:+,False,"            5'- GGGAGGGAGGCAGCTGCTGGGGAGGGGCTTGGCTAGG -3'
       rG4seq-K --------------------------*----------",CPSF4|ENSG00000160917.14_2,ENST00000292476.9_1;ENST00000436336.6_1;ENST00000451876.5_1,3UTR
chr7,99638541,99638542,two-quartet,13,+,chr7:99638527-99638541:+,False,"            5'- GGGGGTGGGGTGGGAGGAGACAGG -3'
       rG4seq-K --------------*---------",ZKSCAN1|ENSG00000106261.16_2,ENST00000324306.10_1;ENST00000535170.5_1;ENST00000620510.1_1,3UTR
chr7,99638544,99638545,bulges,44,+,chr7:99638527-99638546:+,False,"            5'- GGGGGTGGGGTGGGAGGAGACAGGTTGTG -3'
       rG4seq-K -----------------*-----------",ZKSCAN1|ENSG00000106261.16_2,ENST00000324306.10_1;ENST00000535170.5_1;ENST00000620510.1_1,3UTR
chr7,99638610,99638612,two-quartet,75,+,chr7:99638595-99638611:+,False,"            5'- GGGGGTAAGGGGTGGGATAGCCAAGC -3'
       rG4seq-K ---------------**---------",ZKSCAN1|ENSG00000106261.16_2,ENST00000324306.10_1;ENST00000535170.5_1;ENST00000620510.1_1,3UTR
chr7,99686680,99686681,two-quartet,264,+,chr7:99686649-99686680:+,False,"            5'- GGGACCGGAGGAAGCAGCGGGATGGAGGTGGATGCAGCAGT -3'
       rG4seq-K -------------------------------*---------",COPS6|ENSG00000168090.9_2,ENST00000303904.7_1;ENST00000418625.5_1;ENST00000419210.1_1;ENST00000465027.1_1;ENST00000468499.5_1;ENST00000472107.5_1;ENST00000496358.1_1,5UTR;CDS
chr7,99722456,99722457,bulges,23,+,chr7:99722423-99722458:+,False,"            5'- GGAGGAGGAGGAAGAGGAGGAAGAGGAAGGGGGAGACAAGATGAC -3'
       rG4seq-K ---------------------------------*-----------",CNPY4|ENSG00000166997.7_3,ENST00000262932.4_1;ENST00000462193.2_1;ENST00000480692.4_1,3UTR;CDS
chr7,99949296,99949299,bulges,15,+,chr7:99949267-99949298:+,False,"            5'- GAAGGTAGCAGGGGCTGGGGGTTGCAGGGGGATGTTGAGAA -3'
       rG4seq-K -----------------------------***---------",STAG3L5P-PVRIG2P-PILRB|ENSG00000272752.6_3;STAG3L5P|ENSG00000242294.6_2,ENST00000310771.8_1;ENST00000444874.5_1;ENST00000470714.5_1;ENST00000472646.1_1;ENST00000473757.5_1;ENST00000483329.6_1,non_coding
chr7,100027031,100027032,bulges,12,+,chr7:100027006-100027031:+,False,"            5'- GGAGGAAGGAGGCGGGGTGGGGAGGTTGTTGGATT -3'
       rG4seq-K -------------------------*---------",MEPCE|ENSG00000146834.13_2,ENST00000414441.5_1;ENST00000479201.1_1;ENST00000497759.1_1,non_coding
chr7,100203212,100203214,longloop,24,+,chr7:100203182-100203213:+,False,"            5'- GGGCCCAGAGGACGCGGGAGGTGGGAGTGGGAGCTGCTGCA -3'
       rG4seq-K ------------------------------**---------",PCOLCE|ENSG00000106333.12_2,ENST00000223061.5_1;ENST00000468214.1_1;ENST00000486440.5_1;ENST00000487172.1_1;ENST00000490909.1_1,non_coding
chr7,100465581,100465584,bulges,137,+,chr7:100465563-100465583:+,False,"            5'- GGGGGCCGGCGTGGGTGGGGTCCCATGGAG -3'
       rG4seq-K ------------------***---------",TRIP6|ENSG00000087077.13_3,ENST00000200457.8_1;ENST00000417475.5_1;ENST00000437505.5_1;ENST00000476870.5_1;ENST00000496260.1_1;ENST00000619988.4_1,CDS
chr7,100468241,100468243,bulges,169,+,chr7:100468221-100468243:+,False,"            5'- GTGGTTGGGGATGGGGCTGGGGTTGTGGCCCT -3'
       rG4seq-K --------------------**----------",TRIP6|ENSG00000087077.13_3,ENST00000200457.8_1;ENST00000417475.5_1;ENST00000429658.1_1;ENST00000437505.5_1;ENST00000463125.1_1;ENST00000476870.5_1;ENST00000619988.4_1,3UTR;CDS
chr7,100804412,100804414,canonical/G3L1-7,117,+,chr7:100804389-100804413:+,False,"            5'- GGGAAGGAAGGGTTGGGGGAAGGGCAAGCTTTAT -3'
       rG4seq-K -----------------------**---------",AP1S1|ENSG00000106367.14_4,ENST00000337619.10_2;ENST00000443943.5_1,3UTR
chr7,100804494,100804496,canonical/G3L1-7,18,+,chr7:100804478-100804496:+,False,"            5'- GGGAGGGGTGGGGAGGGGGAGGGGGAAG -3'
       rG4seq-K ----------------**----------",AP1S1|ENSG00000106367.14_4,ENST00000337619.10_2;ENST00000443943.5_1,3UTR
chr7,100804500,100804504,canonical/G3L1-7,107,+,chr7:100804478-100804503:+,False,"            5'- GGGAGGGGTGGGGAGGGGGAGGGGGAAGTGTCTGC -3'
       rG4seq-K ----------------------****---------",AP1S1|ENSG00000106367.14_4,ENST00000337619.10_2;ENST00000443943.5_1,3UTR
chr7,101894539,101894541,two-quartet,20,+,chr7:101894526-101894540:+,False,"            5'- GGGGGGTGGGAGGGAGTTATAATT -3'
       rG4seq-K -------------**---------",CUX1|ENSG00000257923.10_4,ENST00000292535.11_2;ENST00000292538.9_2;ENST00000360264.7_2;ENST00000393824.7_1;ENST00000425244.6_1;ENST00000437600.9_2;ENST00000546411.7_2;ENST00000547394.6_1;ENST00000558836.5_1;ENST00000560541.5_1;ENST00000622516.5_2;ENST00000645010.1_1;ENST00000646649.1_1,3UTR
chr7,102113571,102113572,canonical/G3L1-7,10,+,chr7:102113549-102113572:+,False,"            5'- GGGCCGATGGGGGTGGGGGGGGGTCTTTCAGTG -3'
       rG4seq-K ----------------------*----------",LRWD1|ENSG00000161036.12_3,ENST00000292616.9_1;ENST00000468175.1_1;ENST00000473880.5_1,3UTR
chr7,107401918,107401919,bulges,48,+,chr7:107401900-107401918:+,False,"            5'- GGGTGGGTGGGTAGAAGGATAACAAAAT -3'
       rG4seq-K ------------------*---------",CBLL1|ENSG00000105879.11_2,ENST00000440859.7_1,3UTR
chr7,120615599,120615601,canonical/G3L1-7,30,+,chr7:120615575-120615600:+,False,"            5'- GGGAGGGGGCGGGGGACTGAAGGGGAAAGGGCGTT -3'
       rG4seq-K ------------------------**---------",ING3|ENSG00000071243.15_2,ENST00000315870.9_1,3UTR
chr7,120615606,120615607,canonical/G3L1-7,54,+,chr7:120615579-120615606:+,False,"            5'- GGGGGCGGGGGACTGAAGGGGAAAGGGCGTTAAAGTG -3'
       rG4seq-K ---------------------------*---------",ING3|ENSG00000071243.15_2,ENST00000315870.9_1,3UTR
chr7,127231682,127231683,longloop,90,+,chr7:127231652-127231684:+,False,"            5'- GGGTGTACTCTAGGGGCCAGGTTGGGAGGGGGAAGGTGAGGG -3'
       rG4seq-K ------------------------------*-----------",ARF5|ENSG00000004059.10_4;FSCN3|ENSG00000106328.9_3,ENST00000000233.9_1;ENST00000463733.5_1;ENST00000478328.1_1,3UTR;non_coding
chr7,127231693,127231694,canonical/G3L1-7,126,+,chr7:127231665-127231694:+,False,"            5'- GGGCCAGGTTGGGAGGGGGAAGGTGAGGGCTTCGGGTGG -3'
       rG4seq-K ----------------------------*----------",ARF5|ENSG00000004059.10_4;FSCN3|ENSG00000106328.9_3,ENST00000000233.9_1;ENST00000463733.5_1;ENST00000478328.1_1,3UTR;non_coding
chr7,127231700,127231702,canonical/G3L1-7,157,+,chr7:127231675-127231701:+,False,"            5'- GGGAGGGGGAAGGTGAGGGCTTCGGGTGGTGCTATA -3'
       rG4seq-K -------------------------**---------",ARF5|ENSG00000004059.10_4;FSCN3|ENSG00000106328.9_3,ENST00000000233.9_1;ENST00000463733.5_1;ENST00000478328.1_1,3UTR;non_coding
chr7,127732274,127732276,canonical/G3L1-7,256,+,chr7:127732249-127732276:+,False,"            5'- GGGTGGCATCGGGGCTGCGGGGTGGGGACCCCAAGGC -3'
       rG4seq-K -------------------------**----------",SND1|ENSG00000197157.10_4,ENST00000354725.7_1;ENST00000485871.1_1;ENST00000489417.5_1,3UTR
chr7,127732294,127732296,bulges,420,+,chr7:127732259-127732295:+,False,"            5'- GGGGCTGCGGGGTGGGGACCCCAAGGCTTTCTGGGGCAGACCCTTG -3'
       rG4seq-K -----------------------------------**---------",SND1|ENSG00000197157.10_4,ENST00000354725.7_1;ENST00000489417.5_1,3UTR
chr7,128098289,128098290,bulges,55,+,chr7:128098264-128098289:+,False,"            5'- GAGGTTGTGTGGGTGGGCTGTTGGGAGTGAGGATG -3'
       rG4seq-K -------------------------*---------",AC010655.2|ENSG00000240758.2_6;AC010655.4|ENSG00000273184.1_6;HILPDA|ENSG00000135245.9_3,ENST00000257696.4_1;ENST00000462662.1_1;ENST00000466473.1_1;ENST00000481454.1_1;ENST00000493710.1_1,3UTR;non_coding
chr7,128502970,128502971,bulges,1041,+,chr7:128502944-128502972:+,False,"            5'- GCCCGGCTGCAGGGATGGCGGGGAGGGGTAAGCTCATC -3'
       rG4seq-K --------------------------*-----------",ATP6V1F|ENSG00000128524.4_2,ENST00000249289.4_1;ENST00000492758.1_1,5UTR;CDS
chr7,128503037,128503038,two-quartet,3461,+,chr7:128503012-128503037:+,False,"            5'- GGTTTCCTGCTGGGCGGCATAGGGGAGCTTAACAA -3'
       rG4seq-K -------------------------*---------",ATP6V1F|ENSG00000128524.4_2,ENST00000249289.4_1;ENST00000492758.1_1,CDS
chr7,129396666,129396667,bulges,12,+,chr7:129396647-129396667:+,False,"            5'- GTAATGGGGGGAGGGGAGGGAAATTTACAT -3'
       rG4seq-K -------------------*----------",NRF1|ENSG00000106459.14_3,ENST00000353868.5_1;ENST00000393230.6_1;ENST00000393232.5_1,3UTR
chr7,129945853,129945855,longloop,49,+,chr7:129945829-129945854:+,False,"            5'- GGGCCTGGGGCACGAGGTGGGAGGGTTCTCTACTA -3'
       rG4seq-K ------------------------**---------",CPA4|ENSG00000128510.11_3,ENST00000222482.9_2;ENST00000445470.6_1;ENST00000473956.5_1;ENST00000474254.5_1;ENST00000492072.5_1;ENST00000493259.5_1;ENST00000647977.1_1,non_coding
chr7,130135225,130135226,bulges,51,+,"chr7:130126353-130126360:+,chr7:130135208-130135225:+",True,"            5'- GGGGCAGGATGAGGGAGTGGTGGGTCCAGGTGGG -3'
       rG4seq-K ------------------------*---------",MEST|ENSG00000106484.15_3,ENST00000223215.9_2;ENST00000341441.9_1;ENST00000378576.9_2;ENST00000393187.5_1;ENST00000399874.6_1;ENST00000416162.7_2;ENST00000421001.5_1;ENST00000427521.6_2;ENST00000433159.5_1;ENST00000437637.6_2;ENST00000437945.6_2;ENST00000458161.2_1;ENST00000462132.6_2,5UTR;CDS
chr7,133749530,133749531,canonical/G3L1-7,213,+,chr7:133749510-133749530:+,False,"            5'- GGGACTAGGGTGGGATAGGGAGGAAGGTGG -3'
       rG4seq-K --------------------*---------",EXOC4|ENSG00000131558.14_2,ENST00000253861.4_1;ENST00000468932.1_1,3UTR
chr7,133749533,133749534,bulges,278,+,chr7:133749510-133749536:+,False,"            5'- GGGACTAGGGTGGGATAGGGAGGAAGGTGGTATCAA -3'
       rG4seq-K -----------------------*------------",EXOC4|ENSG00000131558.14_2,ENST00000253861.4_1;ENST00000468932.1_1,3UTR
chr7,133750395,133750396,bulges,106,+,chr7:133750375-133750395:+,False,"            5'- GGGAAAGGGGAGGAGATGGGACTTTGACCA -3'
       rG4seq-K --------------------*---------",EXOC4|ENSG00000131558.14_2,ENST00000253861.4_1;ENST00000468932.1_1,3UTR
chr7,139107793,139107795,bulges,173,+,chr7:139107763-139107794:+,False,"            5'- GTTCAGGATGTTCTAGGGGGTGGGGGCAGGGACTCTTTTCG -3'
       rG4seq-K ------------------------------**---------",LUC7L2|ENSG00000146963.17_3,ENST00000263545.7_1;ENST00000354926.8_1;ENST00000456182.5_1;ENST00000482860.1_1;ENST00000498518.1_1;ENST00000619796.4_1,3UTR
chr7,140396537,140396538,longloop,143,+,chr7:140396502-140396537:+,False,"            5'- GGGGCGAGGCGGCTGGGGACCGCGGGGCGGACGGGAGCGAGTATG -3'
       rG4seq-K -----------------------------------*---------",NDUFB2|ENSG00000090266.12_4,ENST00000247866.8_3;ENST00000461457.1_3;ENST00000464564.6_1;ENST00000465506.5_3;ENST00000476181.5_1;ENST00000476279.5_3;ENST00000482954.5_1,5UTR
chr7,141438169,141438171,G>=40%,142,+,chr7:141438111-141438171:+,False,"            5'- GCGGAGTTTCTGTTTCCTTTTTCCTCTGGCGAGCTTTGCGTTCCCTGTGCGCCGGAAGTGATCCCCTGCG -3'
       rG4seq-K ----------------------------------------------------------**----------",SSBP1|ENSG00000106028.10_5,ENST00000265304.10_2;ENST00000489378.5_1;ENST00000496622.1_1;ENST00000498107.5_2;ENST00000612337.4_2,5UTR
chr7,148876880,148876882,bulges,14,+,chr7:148876863-148876883:+,False,"            5'- GGGGAAGGGAGTGGAGGGGGAGTTTTGTAA -3'
       rG4seq-K -----------------**-----------",ZNF398|ENSG00000197024.8_2,ENST00000426851.6_1;ENST00000475153.5_1;ENST00000483892.5_1;ENST00000491174.1_1,CDS
chr7,150020543,150020544,longloop,26,+,chr7:150020510-150020544:+,False,"            5'- GGGGTCAGGGGCCGCCAGGCGGCGGGCGGCGGGGCTGCGGCTCT -3'
       rG4seq-K ---------------------------------*----------",LRRC61|ENSG00000127399.14_3,ENST00000323078.7_1;ENST00000359623.8_1;ENST00000463441.5_1;ENST00000471872.1_1;ENST00000493307.1_1,5UTR
chr7,150070072,150070073,longloop,56,+,chr7:150070040-150070074:+,False,"            5'- GGGCGGGGCCGTGTTGGCTGAGAGAGGGCTGGGGTCCTTCGTGG -3'
       rG4seq-K --------------------------------*-----------",AC073111.3|ENSG00000284041.1_4;REPIN1|ENSG00000214022.11_5,ENST00000397281.6_1;ENST00000425389.2_1;ENST00000444957.3_1;ENST00000478789.5_2;ENST00000479668.5_1,3UTR;non_coding
chr7,150070087,150070088,bulges,60,+,chr7:150070065-150070088:+,False,"            5'- GGGCTGGGGTCCTTCGTGGTGGGAGTCGCAGTG -3'
       rG4seq-K ----------------------*----------",AC073111.3|ENSG00000284041.1_4;REPIN1|ENSG00000214022.11_5,ENST00000397281.6_1;ENST00000425389.2_1;ENST00000444957.3_1;ENST00000478789.5_2;ENST00000479668.5_1,3UTR;non_coding
chr7,150756768,150756769,longloop,34,+,chr7:150756740-150756768:+,False,"            5'- GGGGGCGCGCCCCGGGGTGGGCACGGGGCAGTCGTCGG -3'
       rG4seq-K ----------------------------*---------",SLC4A2|ENSG00000164889.13_5,ENST00000413384.6_1;ENST00000466368.1_1;ENST00000483786.5_1;ENST00000485713.5_1;ENST00000494125.1_1,5UTR
chr7,150763634,150763636,bulges,21,+,chr7:150763609-150763637:+,False,"            5'- GGTGGAGGAGGCGGAGGCGGAGGCGGTGGCGGTGGCCA -3'
       rG4seq-K -------------------------**-----------",SLC4A2|ENSG00000164889.13_5,ENST00000392826.6_1;ENST00000413384.6_1;ENST00000461735.1_3;ENST00000485713.5_1,CDS
chr7,150763641,150763645,bulges,34,+,chr7:150763609-150763644:+,False,"            5'- GGTGGAGGAGGCGGAGGCGGAGGCGGTGGCGGTGGCCAGTGGCAC -3'
       rG4seq-K --------------------------------****---------",SLC4A2|ENSG00000164889.13_5,ENST00000392826.6_1;ENST00000413384.6_1;ENST00000461735.1_3;ENST00000485713.5_1,CDS
chr7,151074444,151074445,canonical/G3L1-7,13,+,chr7:151074420-151074445:+,False,"            5'- GGGTGTAGGAGGGGGTGGGCAGGGGACAAGTCCAG -3'
       rG4seq-K ------------------------*----------",NUB1|ENSG00000013374.16_5,ENST00000413040.6_2;ENST00000470229.6_2;ENST00000568733.5_2,3UTR
chr7,151074459,151074462,longloop,29,+,chr7:151074430-151074460:+,False,"            5'- GGGGGTGGGCAGGGGACAAGTCCAGGAGGGGTCCCAGGGC -3'
       rG4seq-K -----------------------------***--------",NUB1|ENSG00000013374.16_5,ENST00000413040.6_2;ENST00000470229.6_2;ENST00000568733.5_2,3UTR
chr7,155089704,155089705,canonical/G3L1-7,20,+,chr7:155089683-155089704:+,False,"            5'- GGGATAGGGGTCGCGGGCGGGCTTTGGTCGC -3'
       rG4seq-K ---------------------*---------",INSIG1|ENSG00000186480.12_3,ENST00000340368.8_1;ENST00000342407.5_1;ENST00000344756.8_1;ENST00000425172.1_1,5UTR
chr7,156762622,156762625,bulges,18,+,chr7:156762598-156762624:+,False,"            5'- GAGGAGAAGGAGGGAGGGAAAAGGGGTCAGGCACAC -3'
       rG4seq-K ------------------------***---------",NOM1|ENSG00000146909.7_2,ENST00000275820.3_1;ENST00000486131.1_1,3UTR
chr7,157061183,157061185,two-quartet,119,+,chr7:157061164-157061184:+,False,"            5'- GGGGAGGTGGAGGAGGAGGGTCTGCCAAGC -3'
       rG4seq-K -------------------**---------",UBE3C|ENSG00000009335.17_3,ENST00000348165.9_1;ENST00000470408.5_1,3UTR
chr7,157208983,157208984,bulges,24,+,chr7:157208959-157208984:+,False,"            5'- GGGGCTGACGGCACGGGTGGCGGGGACAGACGTTT -3'
       rG4seq-K ------------------------*----------",DNAJB6|ENSG00000105993.14_5,ENST00000262177.8_2;ENST00000443280.5_1;ENST00000459889.5_1,3UTR
chr7,1008762,1008764,bulges,22,-,chr7:1008762-1008783:-,False,"            5'- GGGAGGGAGGCGAGCGTGGGGCAAGACCCTT -3'
       rG4seq-K -------------------**----------",COX19|ENSG00000240230.5_3,ENST00000344111.3_1;ENST00000457254.5_1,3UTR
chr7,2296646,2296647,G>=40%,64,-,chr7:2296646-2296706:-,False,"            5'- CCCGTCGCCGGCTGGGCCGGGTGCGAAAGGCGGCTGTTTGCTCCGCAGCAGGAGAACGCGATTCAGACGA -3'
       rG4seq-K -----------------------------------------------------------*----------",SNX8|ENSG00000106266.10_3,ENST00000222990.7_1;ENST00000480807.1_1,CDS
chr7,5662029,5662031,longloop,21,-,chr7:5662030-5662060:-,False,"            5'- GGGAAGCATTGCTCAGGGTGGGGGGCTGGGACCATGGCCC -3'
       rG4seq-K -----------------------------**---------",RNF216|ENSG00000011275.18_3,ENST00000425013.6_1,3UTR
chr7,6064306,6064308,longloop,567,-,chr7:6064307-6064342:-,False,"            5'- GGGGTGAGGGATGACGGAAAGGATGGGGGCGTGGGATGAAAGTGG -3'
       rG4seq-K ----------------------------------**---------",EIF2AK1|ENSG00000086232.12_3,ENST00000199389.10_1;ENST00000422786.1_2;ENST00000490523.1_1,CDS
chr7,6098655,6098657,bulges,181,-,chr7:6098656-6098678:-,False,"            5'- GAGGAGGGCGACGGGGCTGGGGCTGTGGCTGC -3'
       rG4seq-K ---------------------**---------",EIF2AK1|ENSG00000086232.12_3,ENST00000199389.10_1;ENST00000431744.5_1;ENST00000446699.1_1;ENST00000461493.1_1;ENST00000463213.5_1,CDS
chr7,6203768,6203771,bulges,33,-,chr7:6203769-6203808:-,False,"            5'- GGGACGGGCTGGGGGAGGGACGGCCATGGCACTTGGGGGCTCCAGGGTG -3'
       rG4seq-K -------------------------------------***---------",CYTH3|ENSG00000008256.15_3,ENST00000350796.7_1;ENST00000396741.3_2,3UTR
chr7,6203788,6203789,canonical/G3L1-7,12,-,chr7:6203789-6203814:-,False,"            5'- GGGCTCGGGACGGGCTGGGGGAGGGACGGCCATGG -3'
       rG4seq-K -------------------------*---------",CYTH3|ENSG00000008256.15_3,ENST00000350796.7_1;ENST00000396741.3_2,3UTR
chr7,6448998,6448999,bulges,44,-,chr7:6448998-6449026:-,False,"            5'- GGAACTGTGGTGAGGGTGCGGGCTGGGGTTTTCTCCTG -3'
       rG4seq-K ---------------------------*----------",DAGLB|ENSG00000164535.14_3,ENST00000297056.10_1;ENST00000462934.5_1;ENST00000482149.5_1,3UTR
chr7,6501991,6501992,potential G-quadruplex & G>=40%,347,-,chr7:6501991-6502051:-,False,"            5'- CTGAAGAATCCAGTGGCAGGGGTTCTGGCTGCTTTCCATCTGAGTGTGGGATGGGAGGGGTGTTCATGAT -3'
       rG4seq-K -----------------------------------------------------------*----------",DAGLB|ENSG00000164535.14_3;KDELR2|ENSG00000136240.9_3,ENST00000258739.8_1;ENST00000436575.5_1;ENST00000454368.2_1;ENST00000463747.1_1,3UTR;non_coding
chr7,23351728,23351730,canonical/G3L1-7,37,-,chr7:23351729-23351746:-,False,"            5'- GGGTGGGGGAGGGAGGGAAAGAGAAGA -3'
       rG4seq-K ----------------**---------",IGF2BP3|ENSG00000136231.13_2,ENST00000258729.7_1;ENST00000421467.6_1;ENST00000619562.4_1,3UTR
chr7,23545833,23545837,bulges,73,-,chr7:23545834-23545875:-,False,"            5'- GGTGGTGGAGGAGGCGGCGGCGGTGGAGGTGGAGGTGGTGGCAGACGTCGA -3'
       rG4seq-K --------------------------------------****---------",TRA2A|ENSG00000164548.10_2,ENST00000297071.8_1;ENST00000392502.8_1;ENST00000482395.1_1;ENST00000538367.5_1;ENST00000621813.4_1,CDS
chr7,25164883,25164884,potential G-quadruplex & G>=40%,236,-,chr7:25164883-25164943:-,False,"            5'- CGCGGAGCGAGTTTGGTTGCACTTACACCGGTACTTAAGCGCGGACCGGCGTGTCCTTGGACTTAGAGAG -3'
       rG4seq-K -----------------------------------------------------------*----------",CYCS|ENSG00000172115.8_2,ENST00000305786.6_2,5UTR
chr7,26232146,26232147,bulges,2599,-,chr7:26232145-26232176:-,False,"            5'- GTGGAGGAAGTGGGGGTTATGGTGGGAGGAGCCGATACTGA -3'
       rG4seq-K -----------------------------*-----------",HNRNPA2B1|ENSG00000122566.21_4,ENST00000354667.8_3;ENST00000356674.7_3;ENST00000360787.8_1;ENST00000463181.5_1;ENST00000490912.5_1;ENST00000608362.2_2;ENST00000618183.4_1,3UTR;CDS
chr7,26232149,26232151,bulges,2079,-,chr7:26232151-26232183:-,False,"            5'- GGAGGCAGTGGAGGAAGTGGGGGTTATGGTGGGAGGAGCCGA -3'
       rG4seq-K --------------------------------**--------",HNRNPA2B1|ENSG00000122566.21_4,ENST00000354667.8_3;ENST00000356674.7_3;ENST00000360787.8_1;ENST00000463181.5_1;ENST00000490912.5_1;ENST00000608362.2_2;ENST00000618183.4_1,3UTR;CDS
chr7,26232159,26232163,two-quartet,1433,-,chr7:26232160-26232189:-,False,"            5'- GGTCCAGGAGGCAGTGGAGGAAGTGGGGGTTATGGTGGG -3'
       rG4seq-K --------------------------****---------",HNRNPA2B1|ENSG00000122566.21_4,ENST00000354667.8_3;ENST00000356674.7_3;ENST00000360787.8_1;ENST00000463181.5_1;ENST00000490912.5_1;ENST00000608362.2_2;ENST00000618183.4_1,3UTR;CDS
chr7,26233213,26233214,two-quartet,2132,-,chr7:26233214-26233235:-,False,"            5'- GGGTGGGGGCTACGGAGGTGGTTATGACAAC -3'
       rG4seq-K ---------------------*---------",HNRNPA2B1|ENSG00000122566.21_4,ENST00000354667.8_3;ENST00000356674.7_3;ENST00000360787.8_1;ENST00000463181.5_1;ENST00000490912.5_1;ENST00000608362.2_2;ENST00000618183.4_1,CDS
chr7,26233216,26233217,two-quartet,1687,-,chr7:26233214-26233235:-,False,"            5'- GGGTGGGGGCTACGGAGGTGGTTATGACAAC -3'
       rG4seq-K ------------------*------------",HNRNPA2B1|ENSG00000122566.21_4,ENST00000354667.8_3;ENST00000356674.7_3;ENST00000360787.8_1;ENST00000463181.5_1;ENST00000490912.5_1;ENST00000608362.2_2;ENST00000618183.4_1,CDS
chr7,26233252,26233253,bulges,1299,-,chr7:26233253-26233285:-,False,"            5'- GGAGGAGGAAGAGGAGGATATGGTGGTGGAGGACCTGGATAT -3'
       rG4seq-K --------------------------------*---------",HNRNPA2B1|ENSG00000122566.21_4,ENST00000354667.8_3;ENST00000356674.7_3;ENST00000360787.8_1;ENST00000463181.5_1;ENST00000490912.5_1;ENST00000608362.2_2;ENST00000618183.4_1,CDS
chr7,26233255,26233256,bulges,1042,-,chr7:26233253-26233285:-,False,"            5'- GGAGGAGGAAGAGGAGGATATGGTGGTGGAGGACCTGGATAT -3'
       rG4seq-K -----------------------------*------------",HNRNPA2B1|ENSG00000122566.21_4,ENST00000354667.8_3;ENST00000356674.7_3;ENST00000360787.8_1;ENST00000463181.5_1;ENST00000490912.5_1;ENST00000608362.2_2;ENST00000618183.4_1,CDS
chr7,26239244,26239246,longloop,32,-,chr7:26239245-26239283:-,False,"            5'- GGGGCAGGGACGAAGGTGGTTTTCTGGGCGGGGGAGGGATATTCGCGT -3'
       rG4seq-K -------------------------------------**---------",HNRNPA2B1|ENSG00000122566.21_4,ENST00000354667.8_3;ENST00000356674.7_3;ENST00000360787.8_1;ENST00000463181.5_1;ENST00000490912.5_1;ENST00000608362.2_2;ENST00000618183.4_1,non_coding
chr7,27702412,27702418,longloop,37,-,chr7:27702417-27702459:-,False,"            5'- GGGCCCTCCGGGAGGCGGCGGAGGTCACCGCGGGGAGAGGGGCGGGCGCAGC -3'
       rG4seq-K -----------------------------------------**-***-----",HIBADH|ENSG00000106049.8_2,ENST00000265395.6_1;ENST00000428288.2_1;ENST00000496814.1_1,5UTR
chr7,44112337,44112338,longloop,28,-,chr7:44112338-44112364:-,False,"            5'- GGGAGAGGGCCTGGGTAGGAGCTGGGAGGAAGATAA -3'
       rG4seq-K --------------------------*---------",POLM|ENSG00000122678.16_3,ENST00000242248.9_1;ENST00000335195.10_1;ENST00000395831.7_1;ENST00000430942.5_1;ENST00000435068.5_1;ENST00000458246.5_1,3UTR
chr7,44887606,44887607,bulges,85,-,chr7:44887605-44887639:-,False,"            5'- GGCGGCGGCGGCGCGGGTCGGCAGCGGGAGGGCGCGCGGCCGAG -3'
       rG4seq-K --------------------------------*-----------",H2AFV|ENSG00000105968.18_3,ENST00000222690.10_2;ENST00000308153.8_2;ENST00000349299.7_1;ENST00000350771.7_1;ENST00000381124.9_1;ENST00000437072.5_1;ENST00000446531.1_1;ENST00000521529.5_1,5UTR
chr7,44919037,44919038,canonical/G3L1-7,32,-,chr7:44919038-44919068:-,False,"            5'- GGGTGTGTGGGTGGGGCTGGGGAGGGCGGGAGATAGTTTG -3'
       rG4seq-K ------------------------------*---------",PURB|ENSG00000146676.8_4,ENST00000395699.3_1,3UTR
chr7,45023731,45023735,bulges,20,-,chr7:45023732-45023759:-,False,"            5'- GGGAACTGGGGCTTGGGAGGGTGGTGGAAAATGCTGA -3'
       rG4seq-K ------------------------*-**---------",SNHG15|ENSG00000232956.8_2,ENST00000438705.3_1;ENST00000577700.5_1;ENST00000578968.5_1;ENST00000579383.5_1;ENST00000580458.5_1;ENST00000582727.1_1;ENST00000584327.5_1;ENST00000584686.1_1;ENST00000585030.5_1,non_coding
chr7,45151250,45151251,bulges,159,-,chr7:45151249-45151276:-,False,"            5'- GGCGGCGGATGGAGGTCAGCGGTGGTGCTCGCTGCGG -3'
       rG4seq-K -------------------------*-----------",TBRG4|ENSG00000136270.13_5,ENST00000258770.7_2;ENST00000361278.7_2;ENST00000395655.8_2;ENST00000461363.1_2;ENST00000471142.5_1;ENST00000475893.1_3;ENST00000478532.5_3;ENST00000494076.5_2;ENST00000495078.1_3,5UTR
chr7,66057330,66057332,longloop,19,-,chr7:66057331-66057357:-,False,"            5'- GGGAGCGGGGCGAGGAGGAGGGTGGGTATGAGGCGG -3'
       rG4seq-K -------------------------**---------",AC006001.3|ENSG00000229180.7_5,ENST00000638711.1_1;ENST00000639011.1_1;ENST00000639153.1_1;ENST00000649635.1_1,non_coding
chr7,72721706,72721707,canonical/G3L1-7,84,-,chr7:72721704-72721731:-,False,"            5'- GGGAAAGGGCTTTCGAGGGGGTGGGGGCCGATGGAAG -3'
       rG4seq-K ------------------------*------------",NSUN5|ENSG00000130305.16_2,ENST00000252594.10_1;ENST00000310326.8_2;ENST00000428206.5_1;ENST00000438747.6_2;ENST00000455763.1_1;ENST00000471461.5_1,CDS
chr7,72855328,72855329,bulges,56,-,chr7:72855327-72855357:-,False,"            5'- GTGGTCAGTGTCGGTGGGGGGTGGGAGGAGAGAGCGGCAG -3'
       rG4seq-K ----------------------------*-----------",BAZ1B|ENSG00000009954.10_2,ENST00000339594.8_1,3UTR
chr7,72856465,72856470,canonical/G3L1-7,22,-,chr7:72856466-72856491:-,False,"            5'- GGGACAGCTAGGGAGGGTGGGAGGGAGGCGAGCGA -3'
       rG4seq-K ---------------------*-***---------",BAZ1B|ENSG00000009954.10_2,ENST00000339594.8_1;ENST00000404251.1_1,3UTR
chr7,72861622,72861626,bulges,59,-,chr7:72861623-72861654:-,False,"            5'- GAGGAGGAGGAGGAAGAAGAGGAGGAGGAGGAAGAAGATTA -3'
       rG4seq-K ----------------------------*-**---------",BAZ1B|ENSG00000009954.10_2,ENST00000339594.8_1;ENST00000404251.1_1,CDS
chr7,72951135,72951136,bulges,102,-,chr7:72951136-72951158:-,False,"            5'- GACATTGGAGGGAAGGGAAGGGCTTTTCTCCA -3'
       rG4seq-K ----------------------*---------",BCL7B|ENSG00000106635.7_2,ENST00000223368.6_1;ENST00000411832.5_1;ENST00000482231.5_1;ENST00000486818.5_1;ENST00000493671.5_1,3UTR
chr7,72992769,72992770,bulges,43,-,chr7:72992770-72992804:-,False,"            5'- GCGGTAGCGCGGGGGTGGCTGCGCGCGGGGGAGGAGAGGAGCGG -3'
       rG4seq-K ----------------------------------*---------",TBL2|ENSG00000106638.16_4,ENST00000305632.10_3;ENST00000417008.5_1;ENST00000424598.5_1;ENST00000426966.5_1;ENST00000433464.5_1;ENST00000435792.5_1;ENST00000450285.5_1;ENST00000452475.5_1;ENST00000458466.1_1;ENST00000479892.5_1;ENST00000496056.5_1;ENST00000610724.4_2,CDS
chr7,75046354,75046356,canonical/G3L1-7,74,-,chr7:75046355-75046374:-,False,"            5'- GGGTCTGGGTGGGCCTGGGCCTAGCAATC -3'
       rG4seq-K ------------------**---------",POM121C|ENSG00000272391.5_4,ENST00000614583.1_1;ENST00000615331.4_1,3UTR
chr7,75103994,75103995,bulges,140,-,chr7:75103993-75104028:-,False,"            5'- GGAGCAGGGAGAGGAGCTGTGGATAACGGGAGGTGAATTTCCATG -3'
       rG4seq-K ---------------------------------*-----------",AC211429.1|ENSG00000242073.2_5;POM121C|ENSG00000272391.5_4,ENST00000398379.2_2;ENST00000415277.2_1;ENST00000615331.4_1,5UTR;non_coding
chr7,75677200,75677202,bulges,51,-,chr7:75677201-75677228:-,False,"            5'- GGGGGACCTGCGGTCGGAGTGGGAGGGCCAGTCTGCA -3'
       rG4seq-K --------------------------**---------",STYXL1|ENSG00000127952.16_2,ENST00000248600.5_1;ENST00000340062.9_2;ENST00000359697.7_1;ENST00000360591.7_2;ENST00000431581.5_1;ENST00000451157.1_1;ENST00000460184.2_1;ENST00000474328.5_1,5UTR
chr7,75956970,75956973,canonical/G3L1-7,143,-,chr7:75956971-75957003:-,False,"            5'- GGGGGAGGGGGGGGGGGGCAGGGTAGGTGGGGCTTTCCCTAA -3'
       rG4seq-K ------------------------------***---------",YWHAG|ENSG00000170027.6_3,ENST00000307630.4_1,3UTR
chr7,75958795,75958797,canonical/G3L1-7,271,-,chr7:75958796-75958826:-,False,"            5'- GGGGGTCGGGTGGGGGAGGGAAAGGGAGGGATGACCTTCC -3'
       rG4seq-K -----------------------------**---------",YWHAG|ENSG00000170027.6_3,ENST00000307630.4_1,3UTR
chr7,75958799,75958800,bulges,91,-,chr7:75958801-75958826:-,False,"            5'- GGGGGTCGGGTGGGGGAGGGAAAGGGAGGGATGAC -3'
       rG4seq-K --------------------------*--------",YWHAG|ENSG00000170027.6_3,ENST00000307630.4_1,3UTR
chr7,75958805,75958810,canonical/G3L1-7,29,-,chr7:75958806-75958826:-,False,"            5'- GGGGGTCGGGTGGGGGAGGGAAAGGGAGGG -3'
       rG4seq-K ----------------*-***---------",YWHAG|ENSG00000170027.6_3,ENST00000307630.4_1,3UTR
chr7,87463134,87463135,longloop,11,-,chr7:87463135-87463162:-,False,"            5'- GGGGCCTATCAAAGGGTGGAGGGTGGGAGGAGGGAGA -3'
       rG4seq-K ---------------------------*---------",SLC25A40|ENSG00000075303.12_2,ENST00000341119.9_1,3UTR
chr7,93520068,93520069,potential G-quadruplex & G>=40%,8,-,chr7:93520068-93520128:-,False,"            5'- GCCCCGGCGGGGGTCGGCCGGACGCTCGCCCCGCATAAAGCGGGCACCCGGGCCGCCTGGAGCAGAAAGC -3'
       rG4seq-K -----------------------------------------------------------*----------",TFPI2|ENSG00000105825.12_3,ENST00000222543.10_2,5UTR
chr7,94285443,94285446,longloop,86,-,chr7:94285444-94285469:-,False,"            5'- GGGAAGAAGAAAGGGAGGGGAGGGGAGAATCGAGG -3'
       rG4seq-K -----------------------***---------",SGCE|ENSG00000127990.17_4,ENST00000265735.13_3;ENST00000415788.3_2;ENST00000425444.2_2;ENST00000437425.7_2;ENST00000445866.7_2;ENST00000447873.6_2;ENST00000450385.6_2;ENST00000642169.1_1;ENST00000642441.1_1;ENST00000642707.1_1;ENST00000642754.1_1;ENST00000642759.1_1;ENST00000642904.1_1;ENST00000642933.1_1;ENST00000643041.1_1;ENST00000643128.1_1;ENST00000643193.1_1;ENST00000643206.1_1;ENST00000643272.1_1;ENST00000643605.1_1;ENST00000643610.1_1;ENST00000643714.1_1;ENST00000643903.1_1;ENST00000644087.1_1;ENST00000644116.1_1;ENST00000644122.1_1;ENST00000644375.1_1;ENST00000644551.1_1;ENST00000644609.1_1;ENST00000644681.1_1;ENST00000644816.1_1;ENST00000645101.1_1;ENST00000645109.1_1;ENST00000645390.1_1;ENST00000645535.1_1;ENST00000645579.1_1;ENST00000646098.1_1;ENST00000646137.1_1;ENST00000646466.1_1;ENST00000646489.1_1;ENST00000646559.1_1;ENST00000646600.1_1;ENST00000646682.1_1;ENST00000646761.1_1;ENST00000646879.1_1;ENST00000647018.1_1,5UTR
chr7,97481499,97481502,bulges,510,-,chr7:97481500-97481529:-,False,"            5'- GTTGGATGGGGACTGTGGGTAGATAGGGGAACAATGAGA -3'
       rG4seq-K ---------------------------*-*---------",ASNS|ENSG00000070669.16_3,ENST00000175506.8_1;ENST00000394308.7_1;ENST00000394309.7_1;ENST00000422745.5_1;ENST00000437628.5_1;ENST00000444334.5_1;ENST00000454046.5_1;ENST00000455086.5_1,3UTR
chr7,98628046,98628049,two-quartet,26,-,chr7:98628047-98628065:-,False,"            5'- GGGGGAGGGGGATGGGGGACTTTTGTTG -3'
       rG4seq-K ----------------***---------",SMURF1|ENSG00000198742.9_2,ENST00000361125.1_1;ENST00000361368.6_1,3UTR
chr7,98994112,98994115,canonical/G3L1-7,163,-,chr7:98994113-98994143:-,False,"            5'- GGGGGATGGGGGGGGGGACTGGGGGAGGGGTAGCTGCTAT -3'
       rG4seq-K ----------------------------***---------",PDAP1|ENSG00000106244.12_2,ENST00000350498.7_1;ENST00000496335.1_1,3UTR
chr7,98994117,98994122,canonical/G3L1-7,34,-,chr7:98994119-98994143:-,False,"            5'- GGGGGATGGGGGGGGGGACTGGGGGAGGGGTAGC -3'
       rG4seq-K ---------------------*****--------",PDAP1|ENSG00000106244.12_2,ENST00000350498.7_1;ENST00000496335.1_1,3UTR
chr7,99716886,99716888,bulges,67,-,chr7:99716887-99716903:-,False,"            5'- GGGTGGCGGGGGCGGGTCTGAGTGGT -3'
       rG4seq-K ---------------**---------",AC073842.2|ENSG00000242798.1_6;TAF6|ENSG00000106290.14_5,ENST00000344095.8_3;ENST00000417349.5_3;ENST00000421980.5_1;ENST00000431404.2_4;ENST00000437822.6_3;ENST00000440225.5_2;ENST00000449571.5_1;ENST00000451699.5_3;ENST00000452041.5_3;ENST00000452438.6_3;ENST00000453269.6_3;ENST00000460673.2_3;ENST00000493322.5_1;ENST00000494221.1_1;ENST00000497233.1_1;ENST00000520135.5_2;ENST00000523306.5_1,5UTR;non_coding
chr7,99767631,99767634,bulges,22,-,chr7:99767632-99767650:-,False,"            5'- GGGAGGGGGGCCTGGGGGTATTTATTTA -3'
       rG4seq-K ----------------***---------",GPC2|ENSG00000213420.7_2,ENST00000292377.3_1,3UTR
chr7,99809895,99809896,canonical/G3L1-7,13,-,chr7:99809895-99809914:-,False,"            5'- GGGAAGGGACAGGGAGGGGAAGCCCTCTA -3'
       rG4seq-K ------------------*----------",CASTOR3|ENSG00000239521.8_4,ENST00000328453.9_2;ENST00000414739.3_2;ENST00000435519.6_2;ENST00000436886.7_3;ENST00000437485.5_1;ENST00000440058.5_1;ENST00000445230.1_1;ENST00000454084.5_3;ENST00000543273.5_2;ENST00000649671.1_1,non_coding
chr7,100486555,100486556,two-quartet,20,-,chr7:100486556-100486578:-,False,"            5'- GGCTGCTGGGTGGGTGGGCTGGCAAGAGGTGA -3'
       rG4seq-K ----------------------*---------",UFSP1|ENSG00000176125.4_2,ENST00000388761.3_1,CDS
chr7,100883131,100883133,bulges,284,-,chr7:100883132-100883159:-,False,"            5'- GGGAGGCATGGCCCTGGGTGTGGCGGGACTGGCCGGA -3'
       rG4seq-K --------------------------**---------",FIS1|ENSG00000214253.8_2,ENST00000223136.4_1;ENST00000435848.1_1;ENST00000442303.1_1;ENST00000449367.5_1;ENST00000463406.5_1;ENST00000473527.5_1;ENST00000474120.5_1;ENST00000480497.1_1;ENST00000482199.5_1,3UTR;CDS
chr7,102985260,102985261,bulges,15,-,chr7:102985261-102985280:-,False,"            5'- GTTGGCGGGGGTGGGAGGGTGTGAGACTG -3'
       rG4seq-K -------------------*---------",DNAJC2|ENSG00000105821.14_2,ENST00000379263.7_1;ENST00000412522.1_1,5UTR
chr7,106301220,106301221,bulges,44,-,chr7:106301219-106301244:-,False,"            5'- GGAGGCGCGGGAGGAGAAGGTGGTGTACTCGCGGT -3'
       rG4seq-K -----------------------*-----------",AC004917.1|ENSG00000243797.6_6;CCDC71L|ENSG00000253276.2_5,ENST00000315965.6_4;ENST00000490856.5_1;ENST00000523505.1_4;ENST00000592441.1_1,CDS;non_coding
chr7,121036220,121036221,bulges,27,-,chr7:121036218-121036252:-,False,"            5'- GGCGGGCGCGCGCGGCGGAGAGGCGGGCGGGAGGCCGGAGCATA -3'
       rG4seq-K -------------------------------*------------",FAM3C|ENSG00000196937.10_3,ENST00000359943.7_1;ENST00000412653.5_3;ENST00000426156.1_1,5UTR
chr7,124405516,124405519,longloop,34,-,chr7:124405516-124405556:-,False,"            5'- GGGAGCGGGGTTGTGACTGCGAGTCGTCTGGGGGAGGGGGACTTGTTTTT -3'
       rG4seq-K -------------------------------------***----------",GPR37|ENSG00000170775.2_2,ENST00000303921.2_1,5UTR
chr7,128594382,128594384,bulges,377,-,chr7:128594383-128594406:-,False,"            5'- GGGGAGGGTGAGGCCGAAGAGGGAAGCCCAAAG -3'
       rG4seq-K ----------------------**---------",TNPO3|ENSG00000064419.13_3,ENST00000265388.9_2;ENST00000627585.2_1,3UTR
chr7,128594588,128594591,canonical/G3L1-7,113,-,chr7:128594589-128594610:-,False,"            5'- GGGGTGGGCGGGTGGGTGGGGAGTGCAGGAT -3'
       rG4seq-K -------------------***---------",TNPO3|ENSG00000064419.13_3,ENST00000265388.9_2;ENST00000627585.2_1,3UTR
chr7,128594593,128594595,two-quartet,12,-,chr7:128594595-128594610:-,False,"            5'- GGGGTGGGCGGGTGGGTGGGGAGTG -3'
       rG4seq-K ---------------**--------",TNPO3|ENSG00000064419.13_3,ENST00000265388.9_2;ENST00000627585.2_1,3UTR
chr7,130146146,130146149,canonical/G3L1-7,35,-,chr7:130146147-130146171:-,False,"            5'- GGGGTGGGGGGGAGGGGGGAGGGGAAGCCAGAGT -3'
       rG4seq-K ----------------------***---------",COPG2|ENSG00000158623.14_2,ENST00000425248.5_1,3UTR
chr7,130146154,130146156,canonical/G3L1-7,10,-,chr7:130146153-130146171:-,False,"            5'- GGGGTGGGGGGGAGGGGGGAGGGGAAGC -3'
       rG4seq-K ---------------**-----------",COPG2|ENSG00000158623.14_2,ENST00000425248.5_1,3UTR
chr7,131187254,131187256,canonical/G3L1-7,21,-,chr7:131187254-131187275:-,False,"            5'- GGGTAGGGGGAGGGGCTGGGGAAGATCTGTC -3'
       rG4seq-K -------------------**----------",PODXL|ENSG00000128567.16_2,ENST00000446198.5_1,3UTR
chr7,133975240,133975241,canonical/G3L1-7,14,-,chr7:133975241-133975260:-,False,"            5'- GGGATGGGAGGGGCCAGGGATCATGTCTT -3'
       rG4seq-K -------------------*---------",SLC35B4|ENSG00000205060.10_2,ENST00000378509.8_1,3UTR
chr7,135613069,135613070,two-quartet,168,-,chr7:135613070-135613100:-,False,"            5'- GGTTGGTTGGTTGGCATGTGGGTGTGTGGGTGTATAGGTG -3'
       rG4seq-K ------------------------------*---------",MTPN|ENSG00000105887.10_3,ENST00000393085.3_1,3UTR
chr7,135613230,135613232,canonical/G3L1-7,513,-,chr7:135613231-135613249:-,False,"            5'- GGGGAGGGTGGGTTAGGGACTGATACTC -3'
       rG4seq-K -----------------**---------",MTPN|ENSG00000105887.10_3,ENST00000393085.3_1,3UTR
chr7,135613238,135613239,potential G-triplex & G>=40%,60,-,chr7:135613238-135613298:-,False,"            5'- AAATATTAAGACCAAGTCATGCAATAATTGAATGTACCTCAAATTTTTAGGGGAGGGTGGGTTAGGGACT -3'
       rG4seq-K -----------------------------------------------------------*----------",MTPN|ENSG00000105887.10_3,ENST00000393085.3_1,3UTR
chr7,138711216,138711218,canonical/G3L1-7,19,-,chr7:138711217-138711245:-,False,"            5'- GGGCATGGGTGGTTGGGGATGGGGTGGGACATTGAACA -3'
       rG4seq-K ---------------------------**---------",ZC3HAV1L|ENSG00000146858.7_2,ENST00000275766.1_1,3UTR
chr7,139253131,139253133,longloop,11,-,chr7:139253132-139253162:-,False,"            5'- GGGAAGTGGGTGAGCAGATCAAGGGGTGGGAGAGTCGAGG -3'
       rG4seq-K -----------------------------**---------",HIPK2|ENSG00000064393.15_3,ENST00000406875.7_1,3UTR
chr7,140420420,140420421,potential G-quadruplex & G>=40%,25,-,chr7:140420420-140420480:-,False,"            5'- CCAAAATGGGGTGAGGTGGCAGTAAATCTAGGATAGGGAAAAATTAATGTGAGGGTGGGAAATAAACTGT -3'
       rG4seq-K -----------------------------------------------------------*----------",BRAF|ENSG00000157764.13_4,ENST00000496384.7_3,3UTR
chr7,140420648,140420650,longloop,19,-,chr7:140420649-140420676:-,False,"            5'- GGGTCTGTTGACGGGTGGGATTGGGGGTTTTGATGAA -3'
       rG4seq-K --------------------------**---------",BRAF|ENSG00000157764.13_4,ENST00000496384.7_3,3UTR
chr7,140424818,140424820,bulges,22,-,chr7:140424819-140424847:-,False,"            5'- GGATATTAGGACTGAGGGAGGGTGTGGGAAAGCTGTCA -3'
       rG4seq-K ---------------------------**---------",BRAF|ENSG00000157764.13_4,ENST00000496384.7_3,3UTR
chr7,150773795,150773798,canonical/G3L1-7,96,-,chr7:150773797-150773830:-,False,"            5'- GGGGCCTGAAGGGGGCTGAGGGGTTGATGTGGGGTTCAGGATG -3'
       rG4seq-K --------------------------------***--------",FASTK|ENSG00000164896.19_3,ENST00000297532.10_3;ENST00000353841.6_2;ENST00000460980.5_1;ENST00000465272.1_1;ENST00000466855.1_1;ENST00000467237.5_1;ENST00000469237.5_1;ENST00000482571.2_3;ENST00000482806.5_1;ENST00000483953.5_1;ENST00000489884.5_1;ENST00000540185.5_1,3UTR;CDS
chr7,150774675,150774676,canonical/G3L1-7,17,-,chr7:150774675-150774701:-,False,"            5'- GGGGCAGCCTGGGGCAAGGGGAGGGGCCAGCCTGGG -3'
       rG4seq-K -------------------------*----------",FASTK|ENSG00000164896.19_3,ENST00000297532.10_3;ENST00000353841.6_2;ENST00000460980.5_1;ENST00000466855.1_1;ENST00000467237.5_1;ENST00000469237.5_1;ENST00000482571.2_3;ENST00000482806.5_1;ENST00000483953.5_1;ENST00000489884.5_1;ENST00000540185.5_1,non_coding
chr7,150777142,150777143,bulges,14,-,chr7:150777142-150777169:-,False,"            5'- GGAAGGAGGCAGAGGGGCGGGGTGGGGAAGAGGCCCA -3'
       rG4seq-K --------------------------*----------",FASTK|ENSG00000164896.19_3,ENST00000297532.10_3;ENST00000353841.6_2;ENST00000460980.5_1;ENST00000461979.1_1;ENST00000467237.5_1;ENST00000482571.2_3;ENST00000482806.5_1;ENST00000489884.5_1;ENST00000496663.1_1;ENST00000540185.5_1,non_coding
chr7,150778221,150778223,longloop,57,-,chr7:150778222-150778252:-,False,"            5'- GGGAGGCTGGTGAAGGGGAGCGGGGAGGGGCAGAGGAGTT -3'
       rG4seq-K -----------------------------**---------",TMUB1|ENSG00000164897.12_2,ENST00000297533.8_1;ENST00000392818.7_1;ENST00000462940.1_1,3UTR
chr7,158424201,158424202,bulges,343,-,chr7:158424200-158424232:-,False,"            5'- GGGAATGTGGGAAGGTGGGGGTTATGGAGGAGATAACTCAAA -3'
       rG4seq-K ------------------------------*-----------",NCAPG2|ENSG00000146918.19_3,ENST00000356309.7_2;ENST00000409423.5_2;ENST00000432615.5_1;ENST00000441982.5_1,3UTR
chr7,158424210,158424214,longloop,228,-,chr7:158424211-158424245:-,False,"            5'- GGGATTTTTTTGTGGGAATGTGGGAAGGTGGGGGTTATGGAGGA -3'
       rG4seq-K -------------------------------****---------",NCAPG2|ENSG00000146918.19_3,ENST00000356309.7_2;ENST00000409423.5_2;ENST00000432615.5_1;ENST00000441982.5_1,3UTR
chr7,158424220,158424221,longloop,105,-,chr7:158424221-158424255:-,False,"            5'- GGGAAAGGGTGGGATTTTTTTGTGGGAATGTGGGAAGGTGGGGG -3'
       rG4seq-K ----------------------------------*---------",NCAPG2|ENSG00000146918.19_3,ENST00000356309.7_2;ENST00000409423.5_2;ENST00000432615.5_1;ENST00000441982.5_1,3UTR
chr7,158424228,158424229,longloop,85,-,chr7:158424229-158424255:-,False,"            5'- GGGAAAGGGTGGGATTTTTTTGTGGGAATGTGGGAA -3'
       rG4seq-K --------------------------*---------",NCAPG2|ENSG00000146918.19_3,ENST00000356309.7_2;ENST00000409423.5_2;ENST00000432615.5_1;ENST00000441982.5_1,3UTR
chr8,11643868,11643869,bulges,12,+,chr8:11643843-11643870:+,False,"            5'- GAAAGGAGGATGTGGGCAGGGACGGGGTACAGAGGAT -3'
       rG4seq-K -------------------------*-----------",NEIL2|ENSG00000154328.15_2,ENST00000284503.6_1;ENST00000403422.7_1;ENST00000436750.7_1;ENST00000455213.6_1;ENST00000524741.1_1;ENST00000528323.5_1,3UTR
chr8,21862827,21862828,canonical/G3L1-7,33,+,chr8:21862800-21862827:+,False,"            5'- GGGGGACTGGGTGGGAAGGGTGGTGGGAGGAGATAAG -3'
       rG4seq-K ---------------------------*---------",XPO7|ENSG00000130227.16_3,ENST00000252512.13_2;ENST00000433566.8_2,3UTR
chr8,21862830,21862831,bulges,53,+,chr8:21862800-21862832:+,False,"            5'- GGGGGACTGGGTGGGAAGGGTGGTGGGAGGAGATAAGAGATA -3'
       rG4seq-K ------------------------------*-----------",XPO7|ENSG00000130227.16_3,ENST00000252512.13_2;ENST00000433566.8_2,3UTR
chr8,21862886,21862888,potential G-triplex & G>=40%,104,+,chr8:21862828-21862888:+,False,"            5'- GGAGATAAGAGATACAAACTGAGACTCCAGCCTCTCCTCCTGGGGCCACCCAAGTGGGGAGAACCCCTAG -3'
       rG4seq-K ----------------------------------------------------------**----------",XPO7|ENSG00000130227.16_3,ENST00000252512.13_2;ENST00000433566.8_2,3UTR
chr8,22022673,22022674,canonical/G3L1-7,10,+,chr8:22022648-22022673:+,False,"            5'- GGGAGTCGGAGGGAGGGAGGGAGGGAGAGAAAGAA -3'
       rG4seq-K -------------------------*---------",BMP1|ENSG00000168487.18_4,ENST00000306385.9_1;ENST00000354870.5_1;ENST00000397814.7_1,5UTR
chr8,22022824,22022825,longloop,20,+,chr8:22022796-22022824:+,False,"            5'- GGGGAAGAGGTCGGGGAGCGAGGGCGGGAGCGGTCGCG -3'
       rG4seq-K ----------------------------*---------",BMP1|ENSG00000168487.18_4,ENST00000306349.12_1;ENST00000306385.9_1;ENST00000354870.5_1;ENST00000397814.7_1;ENST00000518913.5_1;ENST00000520970.5_1,5UTR
chr8,22451734,22451735,bulges,36,+,chr8:22451717-22451735:+,False,"            5'- GGGAAGGAGAGGGGTGGGCCAGGGGCTA -3'
       rG4seq-K -----------------*----------",AC037459.1|ENSG00000248235.6_6;PDLIM2|ENSG00000120913.23_4,ENST00000265810.8_2;ENST00000308354.11_3;ENST00000339162.11_3;ENST00000397760.8_3;ENST00000397761.6_3;ENST00000409141.5_1;ENST00000409417.5_3;ENST00000430850.6_4;ENST00000447849.2_3;ENST00000450780.6_4;ENST00000464275.5_2;ENST00000622226.1_1;ENST00000622702.1_2,3UTR;non_coding
chr8,22451740,22451743,canonical/G3L1-7,84,+,chr8:22451717-22451742:+,False,"            5'- GGGAAGGAGAGGGGTGGGCCAGGGGCTAATGGTGT -3'
       rG4seq-K -----------------------***---------",AC037459.1|ENSG00000248235.6_6;PDLIM2|ENSG00000120913.23_4,ENST00000265810.8_2;ENST00000308354.11_3;ENST00000339162.11_3;ENST00000397760.8_3;ENST00000397761.6_3;ENST00000409141.5_1;ENST00000409417.5_3;ENST00000430850.6_4;ENST00000447849.2_3;ENST00000450780.6_4;ENST00000464275.5_2;ENST00000622226.1_1;ENST00000622702.1_2,3UTR;non_coding
chr8,23119214,23119217,canonical/G3L1-7,19,+,chr8:23119190-23119216:+,False,"            5'- GGGACTGGGGGACTTGGGGTAGGGGGACAGACGGGA -3'
       rG4seq-K ------------------------***---------",CHMP7|ENSG00000147457.13_3,ENST00000313219.8_1;ENST00000397677.5_1;ENST00000517325.5_1;ENST00000523091.5_1,3UTR
chr8,23424509,23424512,longloop,40,+,chr8:23424488-23424511:+,False,"            5'- GGGAGAGAGGCGGGGTGGGGGGGTGCAAATCTG -3'
       rG4seq-K ---------------------***---------",SLC25A37|ENSG00000147454.13_2,ENST00000290075.10_1;ENST00000417331.6_1;ENST00000518881.5_1;ENST00000519973.5_1;ENST00000520654.1_1;ENST00000521637.1_1;ENST00000522164.5_1;ENST00000523883.5_1;ENST00000523930.1_1,non_coding
chr8,23425070,23425071,two-quartet,54,+,chr8:23425056-23425070:+,False,"            5'- GGTGGGGGAGTGGGTATTACATGC -3'
       rG4seq-K --------------*---------",SLC25A37|ENSG00000147454.13_2,ENST00000290075.10_1;ENST00000417331.6_1;ENST00000518881.5_1;ENST00000519973.5_1;ENST00000520654.1_1;ENST00000521637.1_1;ENST00000522164.5_1;ENST00000523883.5_1;ENST00000523930.1_1,non_coding
chr8,26513676,26513678,canonical/G3L1-7,10,+,chr8:26513657-26513678:+,False,"            5'- GGGGCTGGGGAGGGGCCGGGGTCAGGGAGAG -3'
       rG4seq-K -------------------**----------",DPYSL2|ENSG00000092964.17_5,ENST00000311151.9_3;ENST00000521913.6_5,3UTR
chr8,37556830,37556831,canonical/G3L1-7,17,+,chr8:37556798-37556830:+,False,"            5'- GGGGGTGGAGGGGGCCACCTGGGTGGCAGGGGCCCTGGAGCT -3'
       rG4seq-K --------------------------------*---------",ZNF703|ENSG00000183779.6_2,ENST00000331569.5_1,3UTR
chr8,37611815,37611819,longloop,78,+,chr8:37611786-37611818:+,False,"            5'- GGGAAAGGAGGGTGGGGACTGATGATGGGGGGTTTTATTTCA -3'
       rG4seq-K -----------------------------**-*---------",ERLIN2|ENSG00000147475.15_3,ENST00000276461.9_2;ENST00000519638.2_3,3UTR
chr8,37614575,37614576,potential G-quadruplex & G>=40%,66,+,chr8:37614516-37614576:+,False,"            5'- TTTTATATAACTAAAATAAAATAGATGTGGAGGGATCTGTGATCATATAAAAAGGGAGGGTTACTGAAAG -3'
       rG4seq-K -----------------------------------------------------------*----------",ERLIN2|ENSG00000147475.15_3,ENST00000276461.9_2;ENST00000519638.2_3,3UTR
chr8,37700499,37700501,canonical/G3L1-7,10,+,chr8:37700477-37700500:+,False,"            5'- GGGGGAGGGGAGTGGGAACCGGGCACAACTAGG -3'
       rG4seq-K ----------------------**---------",ADGRA2|ENSG00000020181.17_2,ENST00000315215.11_1;ENST00000412232.2_1,3UTR
chr8,37701374,37701376,canonical/G3L1-7,28,+,chr8:37701356-37701375:+,False,"            5'- GGGGAAAGGGGAGGGAGGGAATGAAAGTG -3'
       rG4seq-K ------------------**---------",ADGRA2|ENSG00000020181.17_2,ENST00000315215.11_1;ENST00000412232.2_1,3UTR
chr8,38827333,38827334,two-quartet,14,+,chr8:38827318-38827332:+,False,"            5'- GGGAGGGAGGGAGGGAGGGAGGAC -3'
       rG4seq-K ---------------*--------",PLEKHA2|ENSG00000169499.14_4,ENST00000518939.1_1;ENST00000521746.5_1;ENST00000616834.1_3;ENST00000616927.4_1;ENST00000617275.4_1,3UTR
chr8,38827337,38827338,canonical/G3L1-7,43,+,chr8:38827318-38827337:+,False,"            5'- GGGAGGGAGGGAGGGAGGGAGGACTTGAG -3'
       rG4seq-K -------------------*---------",PLEKHA2|ENSG00000169499.14_4,ENST00000518939.1_1;ENST00000521746.5_1;ENST00000616834.1_3;ENST00000616927.4_1;ENST00000617275.4_1,3UTR
chr8,40011811,40011813,two-quartet,181,+,chr8:40011796-40011812:+,False,"            5'- GGGGAAGGGAGGAGGGAGAGGGAGGA -3'
       rG4seq-K ---------------**---------",TCIM|ENSG00000176907.4_3,ENST00000315792.4_1,3UTR
chr8,40011817,40011819,canonical/G3L1-7,321,+,chr8:40011796-40011818:+,False,"            5'- GGGGAAGGGAGGAGGGAGAGGGAGGACAGGGA -3'
       rG4seq-K ---------------------**---------",TCIM|ENSG00000176907.4_3,ENST00000315792.4_1,3UTR
chr8,40011826,40011828,canonical/G3L1-7,954,+,chr8:40011802-40011827:+,False,"            5'- GGGAGGAGGGAGAGGGAGGACAGGGAGAGAAAATA -3'
       rG4seq-K ------------------------**---------",TCIM|ENSG00000176907.4_3,ENST00000315792.4_1,3UTR
chr8,41468310,41468311,two-quartet,56,+,chr8:41468287-41468311:+,False,"            5'- GGTGGTGGGCACAACTGTGGTGGGATACTTGCCA -3'
       rG4seq-K -----------------------*----------",GPAT4|ENSG00000158669.11_5,ENST00000396987.7_1;ENST00000519853.5_3;ENST00000519921.5_1;ENST00000521806.5_1;ENST00000523906.1_1,3UTR;CDS
chr8,48648079,48648082,two-quartet,58,+,chr8:48648053-48648081:+,False,"            5'- GGGTGGTGGTGGTGGTGGTGATTTGGGGTAGTTATTTG -3'
       rG4seq-K --------------------------***---------",SPIDR|ENSG00000164808.16_5,ENST00000297423.8_1;ENST00000517693.5_2;ENST00000518060.5_4;ENST00000518074.5_1;ENST00000519141.5_1;ENST00000519362.5_1;ENST00000519401.5_3;ENST00000521214.5_1;ENST00000522117.5_1;ENST00000524126.5_1;ENST00000541342.2_1,3UTR;CDS
chr8,67342361,67342363,potential G-quadruplex & G>=40%,46,+,chr8:67342303-67342363:+,False,"            5'- AGGGAGGCCGGCAGGGGCCTGGGGGCAAGAGGAAAGGGGGCCCGCCCAGCCAGGGAGGGAAGAGGAAAGG -3'
       rG4seq-K ----------------------------------------------------------**----------",RRS1|ENSG00000179041.3_3,ENST00000320270.3_1,CDS
chr8,67342374,67342377,bulges,60,+,chr8:67342355-67342376:+,False,"            5'- GGGAGGGAAGAGGAAAGGGGGCTTGGGAGGC -3'
       rG4seq-K -------------------***---------",RRS1|ENSG00000179041.3_3,ENST00000320270.3_1,CDS
chr8,67342878,67342880,two-quartet,216,+,chr8:67342862-67342879:+,False,"            5'- GGGAGTGCGGGGGAGGGAAAGAAAACA -3'
       rG4seq-K ----------------**---------",AC009879.2|ENSG00000285655.1_1;RRS1|ENSG00000179041.3_3,ENST00000320270.3_1;ENST00000523113.5_2,3UTR;non_coding
chr8,90938348,90938349,bulges,66,+,chr8:90938319-90938348:+,False,"            5'- GGTATGTATAACTGGGGGTGGGGTGAGGGTAGGAGGCAT -3'
       rG4seq-K -----------------------------*---------",OSGIN2|ENSG00000164823.10_4,ENST00000297438.6_2;ENST00000451899.6_2;ENST00000647849.1_1,3UTR
chr8,90938352,90938356,bulges,186,+,chr8:90938332-90938355:+,False,"            5'- GGGGGTGGGGTGAGGGTAGGAGGCATTTACAAC -3'
       rG4seq-K --------------------*-**---------",OSGIN2|ENSG00000164823.10_4,ENST00000297438.6_2;ENST00000451899.6_2;ENST00000647849.1_1,3UTR
chr8,124221266,124221267,bulges,627,+,chr8:124221239-124221266:+,False,"            5'- GGGTTGGCCAGCCCTGTGGTGGGTGGGATGTCAGAGA -3'
       rG4seq-K ---------------------------*---------",FAM83A|ENSG00000147689.16_4,ENST00000276699.10_2;ENST00000518448.5_2;ENST00000522648.5_1;ENST00000536633.2_2,3UTR
chr8,125463522,125463525,bulges,21,+,chr8:125463495-125463524:+,False,"            5'- GAGGTGAGTCGCTGGGTGGAGGGTCGGGGAGTCAAGTGG -3'
       rG4seq-K ---------------------------***---------",TRMT12|ENSG00000183665.5_2,ENST00000328599.4_1;ENST00000521443.1_1;ENST00000522518.1_1,CDS
chr8,126104146,126104147,bulges,52,+,chr8:126104112-126104146:+,False,"            5'- GCGGCAGGCGAAGGGGGCTGAGGAAAGGAGGTGGGTCTAGGCAG -3'
       rG4seq-K ----------------------------------*---------",NSMCE2|ENSG00000156831.7_4,ENST00000287437.7_1;ENST00000517532.5_3;ENST00000518013.5_1;ENST00000518146.5_1;ENST00000519010.5_1;ENST00000520866.5_1;ENST00000522563.5_1;ENST00000523741.5_1;ENST00000523824.5_1,5UTR
chr8,126104157,126104160,bulges,97,+,chr8:126104124-126104159:+,False,"            5'- GGGGGCTGAGGAAAGGAGGTGGGTCTAGGCAGGGGAAATTGGGGT -3'
       rG4seq-K ---------------------------------***---------",NSMCE2|ENSG00000156831.7_4,ENST00000287437.7_1;ENST00000517532.5_3;ENST00000518013.5_1;ENST00000518146.5_1;ENST00000519010.5_1;ENST00000520866.5_1;ENST00000522563.5_1;ENST00000523741.5_1;ENST00000523824.5_1,5UTR
chr8,126104167,126104169,bulges,174,+,chr8:126104131-126104168:+,False,"            5'- GAGGAAAGGAGGTGGGTCTAGGCAGGGGAAATTGGGGTGCCACCAGA -3'
       rG4seq-K ------------------------------------**---------",NSMCE2|ENSG00000156831.7_4,ENST00000287437.7_1;ENST00000517532.5_3;ENST00000518013.5_1;ENST00000518146.5_1;ENST00000519010.5_1;ENST00000520866.5_1;ENST00000522563.5_1;ENST00000523741.5_1;ENST00000523824.5_1,5UTR
chr8,128748436,128748437,bulges,789,+,chr8:128748414-128748436:+,False,"            5'- GGGAAAAAGAACGGAGGGAGGGATCGCGCTGA -3'
       rG4seq-K ----------------------*---------",MYC|ENSG00000136997.17_5,ENST00000259523.10_1;ENST00000377970.6_2;ENST00000517291.1_2;ENST00000621592.5_2;ENST00000641036.1_1,5UTR;CDS
chr8,145139878,145139880,bulges,20,+,chr8:145139857-145139879:+,False,"            5'- GATGGGGGGTGGGGTACGGGGGTGAGCCCTGG -3'
       rG4seq-K ---------------------**---------",GPAA1|ENSG00000197858.10_2,ENST00000355091.8_1;ENST00000361036.10_1;ENST00000527653.1_1;ENST00000529638.1_1;ENST00000530796.1_1;ENST00000531593.1_1;ENST00000534072.1_1,non_coding
chr8,145161808,145161809,bulges,81,+,chr8:145161782-145161808:+,False,"            5'- GGAGCTGGGGGAGGAGGAGGTGGAGGAAGAAAGCAG -3'
       rG4seq-K --------------------------*---------",MAF1|ENSG00000179632.9_2,ENST00000322428.9_1;ENST00000527058.1_1;ENST00000532522.5_1;ENST00000534585.5_1;ENST00000534811.1_1,CDS
chr8,623409,623410,bulges,21,-,chr8:623410-623429:-,False,"            5'- GGGCTGGGGAGGAAGAGGGTGCAGACTCC -3'
       rG4seq-K -------------------*---------",ERICH1|ENSG00000104714.13_4,ENST00000262109.7_1;ENST00000518895.1_1;ENST00000522706.5_1;ENST00000522893.1_2,CDS
chr8,11725627,11725629,canonical/G3L1-7,14,-,chr8:11725628-11725646:-,False,"            5'- GGGGCGGGGCCGGGAGGGTACTTAGGGC -3'
       rG4seq-K -----------------**---------",CTSB|ENSG00000164733.20_3,ENST00000353047.10_1;ENST00000526195.5_1;ENST00000526645.5_1;ENST00000530296.5_1;ENST00000534149.5_1;ENST00000534382.5_1,5UTR
chr8,22078810,22078812,bulges,15,-,chr8:22078812-22078855:-,False,"            5'- GGAGCTGGGGGGCGAGGGAGAGATGAGCGGAAGGTGGAGGTGGGTAGCCCAGG -3'
       rG4seq-K -------------------------------------------**--------",PHYHIP|ENSG00000168490.13_2,ENST00000321613.7_1;ENST00000454243.6_1,3UTR
chr8,22879764,22879767,bulges,107,-,chr8:22879765-22879782:-,False,"            5'- GGGTGGGGGGTGCGGGGCAGTTCACTC -3'
       rG4seq-K ---------------***---------",TNFRSF10B|ENSG00000120889.12_2,ENST00000276431.8_1;ENST00000523752.5_1,3UTR
chr8,23155326,23155327,bulges,172,-,chr8:23155326-23155356:-,False,"            5'- GGGGCCTGAGAAGGCCTTGCGGGGGTGGGGTTTGTCCACA -3'
       rG4seq-K -----------------------------*----------",LOXL2|ENSG00000134013.15_3,ENST00000389131.7_1,3UTR
chr8,23538159,23538161,canonical/G3L1-7,14,-,chr8:23538160-23538180:-,False,"            5'- GGGAGGGGGAGATGGGTGGGAGGAGATGAA -3'
       rG4seq-K -------------------**---------",NKX3-1|ENSG00000167034.9_2,ENST00000380871.4_1,3UTR
chr8,29192160,29192162,canonical/G3L1-7,78,-,chr8:29192161-29192183:-,False,"            5'- GGGGATGCTTGGGCGGGGAGGGACGGTAACCT -3'
       rG4seq-K ---------------------**---------",DUSP4|ENSG00000120875.8_2,ENST00000240100.6_1,3UTR
chr8,29192713,29192716,canonical/G3L1-7,64,-,chr8:29192714-29192742:-,False,"            5'- GGGAGGGTTTGGGGGGGAGGGAGGAGGGAACAAGCTAC -3'
       rG4seq-K --------------------------***---------",DUSP4|ENSG00000120875.8_2,ENST00000240100.6_1,3UTR
chr8,29192720,29192721,canonical/G3L1-7,33,-,chr8:29192721-29192743:-,False,"            5'- GGGGAGGGTTTGGGGGGGAGGGAGGAGGGAAC -3'
       rG4seq-K ----------------------*---------",DUSP4|ENSG00000120875.8_2,ENST00000240100.6_1,3UTR
chr8,29192724,29192725,two-quartet,12,-,chr8:29192726-29192743:-,False,"            5'- GGGGAGGGTTTGGGGGGGAGGGAGGAG -3'
       rG4seq-K ------------------*--------",DUSP4|ENSG00000120875.8_2,ENST00000240100.6_1,3UTR
chr8,29192885,29192887,bulges,44,-,chr8:29192884-29192917:-,False,"            5'- GGGTGGGGTTGGGGCTGACTGCTGGTGAGGGGGCTGGCCGCTG -3'
       rG4seq-K ------------------------------**-----------",DUSP4|ENSG00000120875.8_2,ENST00000240100.6_1,3UTR
chr8,29193644,29193645,longloop,166,-,chr8:29193645-29193672:-,False,"            5'- GGGTTGGGTGGGAGGAGGAAGAAAGGGAAGAATTAGG -3'
       rG4seq-K ---------------------------*---------",DUSP4|ENSG00000120875.8_2,ENST00000240100.6_1,3UTR
chr8,29193653,29193654,bulges,125,-,chr8:29193651-29193672:-,False,"            5'- GGGTTGGGTGGGAGGAGGAAGAAAGGGAAGA -3'
       rG4seq-K ------------------*------------",DUSP4|ENSG00000120875.8_2,ENST00000240100.6_1,3UTR
chr8,29193656,29193657,bulges,77,-,chr8:29193654-29193672:-,False,"            5'- GGGTTGGGTGGGAGGAGGAAGAAAGGGA -3'
       rG4seq-K ---------------*------------",DUSP4|ENSG00000120875.8_2,ENST00000240100.6_1,3UTR
chr8,29193659,29193661,bulges,46,-,chr8:29193660-29193678:-,False,"            5'- GCAGGCGGGTTGGGTGGGAGGAGGAAGA -3'
       rG4seq-K -----------------**---------",DUSP4|ENSG00000120875.8_2,ENST00000240100.6_1,3UTR
chr8,29193762,29193763,longloop,159,-,chr8:29193763-29193790:-,False,"            5'- GGGTTGGGTGGGAGGAGGAAGAAAGGGAAGAATTAGG -3'
       rG4seq-K ---------------------------*---------",DUSP4|ENSG00000120875.8_2,ENST00000240100.6_1,3UTR
chr8,29193771,29193772,bulges,114,-,chr8:29193769-29193790:-,False,"            5'- GGGTTGGGTGGGAGGAGGAAGAAAGGGAAGA -3'
       rG4seq-K ------------------*------------",DUSP4|ENSG00000120875.8_2,ENST00000240100.6_1,3UTR
chr8,29193774,29193775,bulges,74,-,chr8:29193772-29193790:-,False,"            5'- GGGTTGGGTGGGAGGAGGAAGAAAGGGA -3'
       rG4seq-K ---------------*------------",DUSP4|ENSG00000120875.8_2,ENST00000240100.6_1,3UTR
chr8,29193777,29193779,bulges,30,-,chr8:29193778-29193796:-,False,"            5'- GCAGGCGGGTTGGGTGGGAGGAGGAAGA -3'
       rG4seq-K -----------------**---------",DUSP4|ENSG00000120875.8_2,ENST00000240100.6_1,3UTR
chr8,29194149,29194151,canonical/G3L1-7,291,-,chr8:29194150-29194174:-,False,"            5'- GGGGGAGGAAGGGAGGGCAAAGGGATGAGAAGAC -3'
       rG4seq-K -----------------------**---------",DUSP4|ENSG00000120875.8_2,ENST00000240100.6_1;ENST00000240101.2_1,3UTR
chr8,29194156,29194157,bulges,214,-,chr8:29194157-29194174:-,False,"            5'- GGGGGAGGAAGGGAGGGCAAAGGGATG -3'
       rG4seq-K -----------------*---------",DUSP4|ENSG00000120875.8_2,ENST00000240100.6_1;ENST00000240101.2_1,3UTR
chr8,29207950,29207951,bulges,114,-,chr8:29207951-29207977:-,False,"            5'- GAGGCTGCGGGAGGAAGGGGACAGGGAAGAAGAGGC -3'
       rG4seq-K --------------------------*---------",DUSP4|ENSG00000120875.8_2,ENST00000240100.6_1,5UTR
chr8,30670154,30670155,canonical/G3L1-7,10,-,chr8:30670153-30670176:-,False,"            5'- GGGCGGGGAAGGGCGGGCGGGGGTCTCCTCCAG -3'
       rG4seq-K ---------------------*-----------",PPP2CB|ENSG00000104695.12_2,ENST00000221138.8_1;ENST00000518243.5_1;ENST00000520500.1_1,5UTR
chr8,37702258,37702259,longloop,14,-,chr8:37702258-37702287:-,False,"            5'- GGGGTGGGGACAGGGGCAAGGAGAAGGGGAGGTGGGAAA -3'
       rG4seq-K ----------------------------*----------",BRF2|ENSG00000104221.12_2,ENST00000220659.10_1;ENST00000520601.5_1,3UTR;CDS
chr8,38128915,38128918,two-quartet,26,-,chr8:38128916-38128936:-,False,"            5'- GGTAAAGGGTAAGGGGGGGGATAATGTTTA -3'
       rG4seq-K ------------------***---------",NSD3|ENSG00000147548.16_4,ENST00000317025.12_2,3UTR
chr8,38130037,38130038,two-quartet,17,-,chr8:38130038-38130066:-,False,"            5'- GGCACTGTGCAGGGGAGGGAGGGGCTGGACCGCCACTG -3'
       rG4seq-K ----------------------------*---------",NSD3|ENSG00000147548.16_4,ENST00000317025.12_2,3UTR
chr8,41787735,41787736,longloop,11,-,chr8:41787735-41787761:-,False,"            5'- GGGAGGTATATTGGGAGGAGGGTGGGTCAAGGCAGA -3'
       rG4seq-K -------------------------*----------",KAT6A|ENSG00000083168.10_4,ENST00000265713.7_3;ENST00000406337.6_3,3UTR
chr8,42751693,42751694,canonical/G3L1-7,17,-,chr8:42751694-42751718:-,False,"            5'- GGGTTGCCCGGGAGGGGTGGCGGGAGCGGTCCTG -3'
       rG4seq-K ------------------------*---------",RNF170|ENSG00000120925.15_3,ENST00000240159.8_1;ENST00000319073.5_1;ENST00000319104.7_1;ENST00000524954.1_2;ENST00000526349.5_1;ENST00000527424.5_1;ENST00000528318.5_1;ENST00000531440.5_1;ENST00000534961.5_1,5UTR
chr8,54965310,54965311,potential G-triplex & G>=40%,229,-,chr8:54965310-54965370:-,False,"            5'- ATTGCTGTGGGCAAGCATGTGTGTTCCATTGACTTTCCCTGCTTGTCTTTTCAGGGAGGAGCTTTATCTT -3'
       rG4seq-K -----------------------------------------------------------*----------",LYPLA1|ENSG00000120992.17_2,ENST00000316963.7_1;ENST00000343231.10_1;ENST00000518546.5_1;ENST00000519272.5_1;ENST00000519891.5_1;ENST00000520718.1_1;ENST00000521352.5_1;ENST00000521898.5_1;ENST00000522007.5_1;ENST00000618741.1_1;ENST00000618914.4_1,CDS
chr8,56986578,56986579,canonical/G3L1-7,17,-,chr8:56986579-56986599:-,False,"            5'- GGGGGGGAGGGGGAATTGGGCGAAAAGCGA -3'
       rG4seq-K --------------------*---------",RPS20|ENSG00000008988.9_2,ENST00000009589.7_1;ENST00000518875.5_1;ENST00000519369.1_1;ENST00000519606.5_1;ENST00000519807.5_1;ENST00000520490.1_1;ENST00000520627.1_1;ENST00000521262.5_1;ENST00000521289.5_1;ENST00000523936.5_1;ENST00000524349.5_1;ENST00000618656.1_1,non_coding
chr8,62538115,62538116,G>=40%,1072,-,chr8:62538115-62538175:-,False,"            5'- CATTTATTTATTTTTTTAAATGAGAGGGGAAAGCTGAAATTCCTTGTTAAGACACAAGGAAAAAGAATGG -3'
       rG4seq-K -----------------------------------------------------------*----------",ASPH|ENSG00000198363.17_3,ENST00000356457.9_3;ENST00000379454.8_3;ENST00000445642.6_3;ENST00000517847.6_3;ENST00000517903.5_3;ENST00000518068.5_3;ENST00000519234.5_3;ENST00000521499.5_1;ENST00000522349.5_3;ENST00000522919.5_3;ENST00000523897.5_1;ENST00000523927.5_3;ENST00000524173.5_3;ENST00000541428.5_1,3UTR
chr8,62572692,62572693,canonical/G3L1-7,23,-,chr8:62572693-62572718:-,False,"            5'- GGGGAGAGAGGGAGGGAGACAAGGGTTGAAAAACT -3'
       rG4seq-K -------------------------*---------",ASPH|ENSG00000198363.17_3,ENST00000356457.9_3;ENST00000379454.8_3;ENST00000445642.6_3;ENST00000517847.6_3;ENST00000517856.5_3;ENST00000517903.5_3;ENST00000518068.5_3;ENST00000518306.5_3;ENST00000519234.5_3;ENST00000522349.5_3;ENST00000522835.5_3;ENST00000523927.5_3;ENST00000541428.5_1,3UTR
chr8,74884358,74884360,canonical/G3L1-7,59,-,chr8:74884359-74884389:-,False,"            5'- GGGGGTGGGGGGGCGGCCCTGGGATAGGGGCTGTGGCAGT -3'
       rG4seq-K -----------------------------**---------",ELOC|ENSG00000154582.16_3,ENST00000518127.5_1;ENST00000519082.5_2;ENST00000520210.1_1;ENST00000520242.5_1;ENST00000522337.5_1;ENST00000602840.5_1,5UTR
chr8,74884365,74884367,canonical/G3L1-7,32,-,chr8:74884366-74884389:-,False,"            5'- GGGGGTGGGGGGGCGGCCCTGGGATAGGGGCTG -3'
       rG4seq-K ----------------------**---------",ELOC|ENSG00000154582.16_3,ENST00000518127.5_1;ENST00000519082.5_2;ENST00000520210.1_1;ENST00000520242.5_1;ENST00000522337.5_1;ENST00000602840.5_1,5UTR
chr8,95504049,95504051,bulges,55,-,chr8:95504050-95504075:-,False,"            5'- GGGGCAGGGGAGGATTTGGACAGGGTATACGACCT -3'
       rG4seq-K ------------------------**---------",VIRMA|ENSG00000164944.11_5,ENST00000297591.9_1;ENST00000517624.1_1;ENST00000521080.5_1;ENST00000522263.5_1;ENST00000523263.1_1,3UTR;CDS
chr8,101273920,101273921,bulges,76,-,chr8:101273921-101273942:-,False,"            5'- GGGGAGGGAAGTGTTGGTGGGCTGACTGGCA -3'
       rG4seq-K ---------------------*---------",RNF19A|ENSG00000034677.12_3,ENST00000341084.6_1;ENST00000519449.5_1;ENST00000523255.5_1;ENST00000523644.1_1,CDS
chr8,103661312,103661314,two-quartet,160,-,chr8:103661313-103661344:-,False,"            5'- GGCGTTTTTTGGGGATGTGGAGGTAGTTGGGTAGAAAAATT -3'
       rG4seq-K ------------------------------**---------",KLF10|ENSG00000155090.14_2,ENST00000285407.10_1;ENST00000395884.3_1,3UTR
chr8,103839708,103839710,two-quartet,93,-,chr8:103839709-103839725:-,False,"            5'- GGGATGGGGGTTGGGGTGAAGCACAC -3'
       rG4seq-K ---------------**---------",AZIN1|ENSG00000155096.13_3,ENST00000337198.9_1,3UTR
chr8,118811906,118811909,longloop,132,-,chr8:118811906-118811935:-,False,"            5'- GGGGGAGGGGAAGCAAGAAGGGATGGGGGTCAAGCTGCT -3'
       rG4seq-K --------------------------***----------",EXT1|ENSG00000182197.11_4,ENST00000378204.6_1,3UTR
chr8,121823711,121823713,bulges,24,-,chr8:121823711-121823733:-,False,"            5'- GCAGGAGCTGGGCGGGCTGGGGATCAGCATCA -3'
       rG4seq-K --------------------**----------",SNTB1|ENSG00000172164.14_4,ENST00000395601.7_1;ENST00000517992.1_1;ENST00000519177.5_1;ENST00000648490.1_1,CDS
chr8,125320446,125320447,bulges,14,-,chr8:125320447-125320480:-,False,"            5'- GAACTCATGGAGTTCTGGGTGGGTGGCCAGGGGCATTGTCCAG -3'
       rG4seq-K ---------------------------------*---------",TMEM65|ENSG00000164983.7_2,ENST00000297632.7_2,3UTR
chr8,125324355,125324357,canonical/G3L1-7,156,-,chr8:125324355-125324373:-,False,"            5'- GGGGGGGGAAGGGTGGGGTAAAGTGTAA -3'
       rG4seq-K ----------------**----------",TMEM65|ENSG00000164983.7_2,ENST00000297632.7_2,3UTR
chr8,125564619,125564621,canonical/G3L1-7,14,-,chr8:125564619-125564641:-,False,"            5'- GGGGGGAGGGCCATGGGAGGGGTACATCGTCA -3'
       rG4seq-K --------------------**----------",MTSS1|ENSG00000170873.18_4,ENST00000378017.7_2;ENST00000518547.5_3;ENST00000520771.1_1,3UTR
chr8,134249920,134249922,longloop,47,-,chr8:134249920-134249947:-,False,"            5'- GGGGTGGGGGTGGGAACTCACGTGGGGAGCGGTGGCT -3'
       rG4seq-K -------------------------**----------",NDRG1|ENSG00000104419.14_5,ENST00000323851.11_1;ENST00000414097.6_1;ENST00000517599.5_1;ENST00000519278.5_1;ENST00000521026.5_1;ENST00000521414.5_1;ENST00000521438.1_1;ENST00000537882.2_1,3UTR
chr8,134250153,134250156,bulges,116,-,chr8:134250154-134250175:-,False,"            5'- GGGGTGGGGGTGGAATTGGGGTTACTCGATG -3'
       rG4seq-K -------------------***---------",NDRG1|ENSG00000104419.14_5,ENST00000323851.11_1;ENST00000414097.6_1;ENST00000517599.5_1;ENST00000519278.5_1;ENST00000521026.5_1;ENST00000521414.5_1;ENST00000521438.1_1;ENST00000537882.2_1,3UTR
chr8,134470040,134470041,two-quartet,45,-,chr8:134470041-134470061:-,False,"            5'- GGGGAGGGAGGAACTTGGGGACATCAGTCA -3'
       rG4seq-K --------------------*---------",ST3GAL1|ENSG00000008513.15_5,ENST00000399640.3_1;ENST00000521180.5_1,3UTR
chr8,135490232,135490233,canonical/G3L1-7,16,-,chr8:135490231-135490252:-,False,"            5'- GGGTGGGGTGGGGGTAGGGGGATTGTCCTGG -3'
       rG4seq-K -------------------*-----------",ZFAT|ENSG00000066827.15_4,ENST00000377838.7_3;ENST00000429442.6_3;ENST00000520356.5_3;ENST00000520727.5_2;ENST00000523243.5_1;ENST00000523924.5_1,3UTR
chr8,144807167,144807171,canonical/G3L1-7,12,-,chr8:144807168-144807193:-,False,"            5'- GGGGTGGGTGGGGCAGGGGGGGGGGAGCTGGACCA -3'
       rG4seq-K ----------------------****---------",FAM83H|ENSG00000180921.6_2,ENST00000388913.3_1;ENST00000395103.2_1,3UTR
chr8,144890857,144890859,bulges,30,-,chr8:144890858-144890884:-,False,"            5'- GGAGGAGGAGGTAGAGGAGGAGGAGGAAAACAGGGC -3'
       rG4seq-K -------------------------**---------",SCRIB|ENSG00000180900.18_3,ENST00000320476.7_1;ENST00000356994.6_1;ENST00000377533.7_1,CDS
chr8,144891745,144891746,potential G-quadruplex & G>=40%,62,-,chr8:144891745-144891805:-,False,"            5'- CCCGTCGGCTGAGGCACAGGGTGGGAGCCAGCAGGAAGCCACGACTGCTGGCGGGGAGGAAGACGCCGAA -3'
       rG4seq-K -----------------------------------------------------------*----------",SCRIB|ENSG00000180900.18_3,ENST00000320476.7_1;ENST00000356994.6_1;ENST00000377533.7_1,CDS
chr8,144906503,144906505,bulges,215,-,chr8:144906502-144906534:-,False,"            5'- GGCGGCGGCGGCGGCAGTGGTGGCAGCGGGAGACAAATGGAA -3'
       rG4seq-K -----------------------------**-----------",PUF60|ENSG00000179950.13_3,ENST00000313352.11_1;ENST00000349157.10_2;ENST00000453551.6_2;ENST00000456095.6_3;ENST00000526151.5_1;ENST00000526459.5_1;ENST00000526683.5_1;ENST00000527197.5_2;ENST00000527584.5_1;ENST00000527744.5_1;ENST00000528320.5_1;ENST00000529999.5_1;ENST00000531897.5_1;ENST00000531951.5_1;ENST00000532127.5_1;ENST00000533162.1_1;ENST00000533362.1_1,5UTR;CDS
chr8,144917633,144917634,canonical/G3L1-7,14,-,chr8:144917633-144917657:-,False,"            5'- GGGGTTGGGGGGTGGGTGTGGGGGAGCCGTTAGG -3'
       rG4seq-K -----------------------*----------",NRBP2|ENSG00000185189.17_3,ENST00000423469.6_1;ENST00000442628.6_2;ENST00000527545.1_1;ENST00000529747.5_1;ENST00000530123.1_1;ENST00000533093.5_1,3UTR;CDS
chr8,145006622,145006623,two-quartet,109,-,chr8:145006622-145006640:-,False,"            5'- GGAGGAGGAGGAGGTGGGCTTCGACTGG -3'
       rG4seq-K -----------------*----------",PLEC|ENSG00000178209.15_6,ENST00000322810.8_2;ENST00000345136.7_2;ENST00000354589.7_2;ENST00000354958.6_4;ENST00000356346.7_2;ENST00000357649.6_4;ENST00000398774.6_4;ENST00000436759.6_2;ENST00000527096.5_2;ENST00000527303.2_2;ENST00000528025.5_1,CDS
chr8,145007460,145007461,bulges,57,-,chr8:145007461-145007482:-,False,"            5'- GGGCGGGGGAGGTGGAACGGGACTTGGACAA -3'
       rG4seq-K ---------------------*---------",PLEC|ENSG00000178209.15_6,ENST00000322810.8_2;ENST00000345136.7_2;ENST00000354589.7_2;ENST00000354958.6_4;ENST00000356346.7_2;ENST00000357649.6_4;ENST00000398774.6_4;ENST00000436759.6_2;ENST00000527096.5_2;ENST00000527303.2_2;ENST00000528025.5_1,CDS
chr8,145515034,145515036,bulges,23,-,chr8:145515035-145515071:-,False,"            5'- GGCCGGCGCGCGGTGGGGCATGGCGGGTTCGCGGGGTGCGGGGCGC -3'
       rG4seq-K -----------------------------------**---------",BOP1|ENSG00000170727.7,ENST00000307404.5;ENST00000526552.1;ENST00000529231.1;ENST00000533125.1,5UTR;CDS
chr8,145741223,145741224,bulges,75,-,chr8:145741222-145741258:-,False,"            5'- GGCGGAAGAAAGGGGAGTGTTTTGGGGGTGGTGGTGCCACAGTCAC -3'
       rG4seq-K ----------------------------------*-----------",RECQL4|ENSG00000160957.12_3,ENST00000524998.1_1;ENST00000532846.2_1;ENST00000617875.4_1;ENST00000621189.4_1,CDS
chr8,146017776,146017777,G>=40%,929,-,chr8:146017776-146017836:-,False,"            5'- AAGGTGTCGCGGCCCTGGGCCCCGCCCCGGAAGATAAGGCCGCTCGCTGACGCCGTGTTTCCTCTTTCGG -3'
       rG4seq-K -----------------------------------------------------------*----------",RPL8|ENSG00000161016.17_3,ENST00000262584.7_1;ENST00000525232.5_1;ENST00000527914.5_1;ENST00000531767.1_1,5UTR
chr9,2193031,2193033,potential G-quadruplex & G>=40%,75,+,chr9:2192973-2193033:+,False,"            5'- ACAAACAAAAAGCTTTTGATGGAAAATATGTGGGTGGATAGTATATTTCTATGGGTGGGTCTAATTTGGT -3'
       rG4seq-K ----------------------------------------------------------**----------",SMARCA2|ENSG00000080503.23_5,ENST00000302401.8_2;ENST00000324954.10_3;ENST00000349721.7_2;ENST00000357248.8_3;ENST00000382183.6_2;ENST00000382185.6_3;ENST00000382194.6_2;ENST00000382203.5_2;ENST00000450198.6_2;ENST00000634760.1_1;ENST00000635590.1_2;ENST00000635739.1_1;ENST00000636157.1_1;ENST00000636367.1_2;ENST00000638139.1_1;ENST00000639760.2_3,3UTR
chr9,4585745,4585747,canonical/G3L1-7,50,+,chr9:4585723-4585747:+,False,"            5'- GGGTTTTGGGATTTGGGTGTGGGGTAAGTTGAAG -3'
       rG4seq-K ----------------------**----------",SLC1A1|ENSG00000106688.11_2,ENST00000262352.7_1,3UTR
chr9,4585758,4585760,longloop,78,+,chr9:4585730-4585759:+,False,"            5'- GGGATTTGGGTGTGGGGTAAGTTGAAGGGAAATCAATTT -3'
       rG4seq-K ----------------------------**---------",SLC1A1|ENSG00000106688.11_2,ENST00000262352.7_1,3UTR
chr9,6506253,6506254,bulges,112,+,chr9:6506238-6506256:+,False,"            5'- GGGTGGGGAGGGTGGAAGAAATGGTGGA -3'
       rG4seq-K ---------------*------------",UHRF2|ENSG00000147854.16_3,ENST00000276893.9_1;ENST00000468435.6_1;ENST00000485617.6_1;ENST00000492853.1_1,3UTR
chr9,33348040,33348042,canonical/G3L1-7,55,+,chr9:33348011-33348041:+,False,"            5'- GGGGACTCTGGGGAAAGGACGGGAGGCGGGTGAGGGATAA -3'
       rG4seq-K -----------------------------**---------",NFX1|ENSG00000086102.18_2,ENST00000318524.6_1;ENST00000379521.8_2;ENST00000379540.7_1;ENST00000466971.1_1,3UTR
chr9,33348046,33348048,canonical/G3L1-7,208,+,chr9:33348021-33348047:+,False,"            5'- GGGAAAGGACGGGAGGCGGGTGAGGGATAAAAAACT -3'
       rG4seq-K -------------------------**---------",NFX1|ENSG00000086102.18_2,ENST00000318524.6_1;ENST00000379521.8_2;ENST00000379540.7_1;ENST00000466971.1_1,3UTR
chr9,33917345,33917346,potential G-quadruplex & G>=40%,86,+,chr9:33917286-33917346:+,False,"            5'- GGGAGCAAGTGGGGACCTGGCCATGGCCCCTCAGCAAAAACCTATTCACAGCGGGTGGGGAAACACACAC -3'
       rG4seq-K -----------------------------------------------------------*----------",UBE2R2|ENSG00000107341.4_2,ENST00000263228.3_1,3UTR
chr9,34251705,34251707,two-quartet,136,+,chr9:34251684-34251707:+,False,"            5'- GGCCCTGAGCTGGGGAGGTGGGGAAGATTCGGG -3'
       rG4seq-K ---------------------**----------",UBAP1|ENSG00000165006.13_3,ENST00000297661.8_1;ENST00000359544.2_1;ENST00000379186.8_1;ENST00000625521.2_1;ENST00000626262.2_1,3UTR
chr9,34251892,34251894,two-quartet,56,+,chr9:34251871-34251892:+,False,"            5'- GGGGCTGGGGAGATGGGGCGGGAGGGCCAGA -3'
       rG4seq-K ---------------------**--------",UBAP1|ENSG00000165006.13_3,ENST00000297661.8_1;ENST00000359544.2_1;ENST00000379186.8_1,3UTR
chr9,34251896,34251898,canonical/G3L1-7,172,+,chr9:34251871-34251897:+,False,"            5'- GGGGCTGGGGAGATGGGGCGGGAGGGCCAGACTCAG -3'
       rG4seq-K -------------------------**---------",UBAP1|ENSG00000165006.13_3,ENST00000297661.8_1;ENST00000359544.2_1;ENST00000379186.8_1,3UTR
chr9,34997456,34997458,canonical/G3L1-7,9,+,chr9:34997434-34997458:+,False,"            5'- GGGGGGAGTGGGAGGGAGGTGGGGAGAGCTAGCC -3'
       rG4seq-K ----------------------**----------",DNAJB5|ENSG00000137094.14_4,ENST00000312316.9_2;ENST00000453597.7_2;ENST00000454002.6_2;ENST00000541010.5_1;ENST00000545841.5_2,3UTR
chr9,35546631,35546633,bulges,13,+,chr9:35546606-35546634:+,False,"            5'- GTGGAGGGGCAGGTGGAGGTGGTGGGAGCACAAGACCT -3'
       rG4seq-K -------------------------**-----------",RUSC2|ENSG00000198853.11_3,ENST00000361226.7_1;ENST00000455600.1_1;ENST00000468041.1_1,CDS
chr9,35661073,35661075,bulges,24,+,chr9:35661041-35661075:+,False,"            5'- GGAACCTAGCTACTTCCTGGGAGGTGGGGCGGGGACTACGGAGA -3'
       rG4seq-K --------------------------------**----------",CCDC107|ENSG00000159884.11_4,ENST00000327351.6_3;ENST00000378406.5_3;ENST00000378407.7_3;ENST00000378409.7_1;ENST00000421582.2_4;ENST00000426546.6_1,3UTR;CDS
chr9,38397234,38397235,bulges,55,+,chr9:38397215-38397234:+,False,"            5'- GGGAGGGAGCTGGGTGAGGATGGGCTTAA -3'
       rG4seq-K -------------------*---------",ALDH1B1|ENSG00000137124.7_3,ENST00000377698.3_1,CDS
chr9,38397239,38397240,canonical/G3L1-7,62,+,chr9:38397215-38397239:+,False,"            5'- GGGAGGGAGCTGGGTGAGGATGGGCTTAAGGCCT -3'
       rG4seq-K ------------------------*---------",ALDH1B1|ENSG00000137124.7_3,ENST00000377698.3_1,CDS
chr9,38622679,38622681,longloop,19,+,chr9:38622643-38622680:+,False,"            5'- GGGAGAGGGACGCAGGGAGGGAAAAGCGTTGGGAGGGCAAACATCTT -3'
       rG4seq-K ------------------------------------**---------",FAM201A|ENSG00000204860.4_4,ENST00000377680.3_1;ENST00000484285.2_1,non_coding
chr9,77703565,77703566,bulges,64,+,chr9:77703529-77703564:+,False,"            5'- GGTGCCCGGAGTGCCAGGTGGCGGGCAAGCGGTGGGCTTTTCGGC -3'
       rG4seq-K ------------------------------------*--------",OSTF1|ENSG00000134996.11_2,ENST00000346234.6_1,5UTR
chr9,77703576,77703578,bulges,80,+,chr9:77703551-77703577:+,False,"            5'- GGGCAAGCGGTGGGCTTTTCGGCGGGGTCTTTAGGA -3'
       rG4seq-K -------------------------**---------",OSTF1|ENSG00000134996.11_2,ENST00000346234.6_1,5UTR
chr9,79118871,79118873,bulges,11,+,chr9:79118837-79118872:+,False,"            5'- GGCATTGTGGAAAGAGGGGACCAGGGTGGCTGGGGAAGAGGCCGA -3'
       rG4seq-K ----------------------------------**---------",GCNT1|ENSG00000187210.13_4,ENST00000376730.4_1;ENST00000442371.5_1;ENST00000444201.6_1;ENST00000648797.1_1,3UTR
chr9,90341242,90341243,bulges,136,+,chr9:90341211-90341242:+,False,"            5'- GCTGGCCTTGAGGTGGGGAAGCCGGGGAGGGCAGTTGAGGA -3'
       rG4seq-K -------------------------------*---------",CTSL|ENSG00000135047.14_2,ENST00000340342.10_1;ENST00000342020.5_1;ENST00000343150.9_1;ENST00000375894.9_1;ENST00000482054.1_1;ENST00000495822.1_1,5UTR
chr9,96323486,96323489,canonical/G3L1-7,107,+,chr9:96323458-96323488:+,False,"            5'- GGGAGCAGGCGGGGCCGTGGGGGCCGGGGGCCTTTCCCCC -3'
       rG4seq-K ----------------------------***---------",FAM120A|ENSG00000048828.16_3,ENST00000277165.10_1;ENST00000427765.1_3,CDS
chr9,96441575,96441576,longloop,31,+,chr9:96441549-96441576:+,False,"            5'- GGGCCCGAGACTGGGTGGGAGAGGGGGAGTCTCACGG -3'
       rG4seq-K --------------------------*----------",PHF2|ENSG00000197724.10_3,ENST00000359246.8_1;ENST00000375376.8_1;ENST00000610682.1_1,3UTR
chr9,100819134,100819136,canonical/G3L1-7,176,+,chr9:100819117-100819135:+,False,"            5'- GGGCGCTGGGTGGGCGGGCAACACCCGT -3'
       rG4seq-K -----------------**---------",NANS|ENSG00000095380.10_2,ENST00000210444.5_1;ENST00000480925.1_1;ENST00000495319.1_1,CDS
chr9,102626391,102626393,canonical/G3L1-7,30,+,chr9:102626372-102626393:+,False,"            5'- GGGGGATGGGGTGGGAGGGGGTTATAGTTCA -3'
       rG4seq-K -------------------**----------",NR4A3|ENSG00000119508.17_2,ENST00000330847.1_1;ENST00000395097.6_1;ENST00000618101.4_1,3UTR
chr9,109773393,109773394,canonical/G3L1-7,14,+,chr9:109773366-109773393:+,False,"            5'- GGGCTGGCTTGGGCTGAGAAGGGAGGGACAGAAAAGA -3'
       rG4seq-K ---------------------------*---------",ZNF462|ENSG00000148143.12_5,ENST00000277225.9_5;ENST00000374686.6_5;ENST00000441147.6_1,3UTR
chr9,110045746,110045747,bulges,71,+,chr9:110045719-110045748:+,False,"            5'- GCGGCGCGGTCCGGGGCACGGGCTGGGGGAGAGGCCGCT -3'
       rG4seq-K ---------------------------*-----------",RAD23B|ENSG00000119318.12_3,ENST00000358015.7_1;ENST00000419616.5_3,5UTR
chr9,110087200,110087204,bulges,283,+,chr9:110087174-110087203:+,False,"            5'- GGTGGTCAAGGAGGAGGAGGTGGAGGTGGCAGTGGAGGA -3'
       rG4seq-K --------------------------*-**---------",RAD23B|ENSG00000119318.12_3,ENST00000358015.7_1;ENST00000416373.6_1;ENST00000457811.1_3,CDS
chr9,110087209,110087213,bulges,1094,+,chr9:110087174-110087212:+,False,"            5'- GGTGGTCAAGGAGGAGGAGGTGGAGGTGGCAGTGGAGGAATTGCAGAA -3'
       rG4seq-K -----------------------------------*-**---------",RAD23B|ENSG00000119318.12_3,ENST00000358015.7_1;ENST00000416373.6_1;ENST00000457811.1_3,CDS
chr9,110092066,110092074,canonical/G3L1-7,129,+,chr9:110092055-110092073:+,False,"            5'- GGGGGTGGGGAGGGAGGGATCTAGGATA -3'
       rG4seq-K -----------**-*****---------",RAD23B|ENSG00000119318.12_3,ENST00000358015.7_1;ENST00000416373.6_1;ENST00000457811.1_3,3UTR
chr9,110092511,110092514,G>=40%,216,+,chr9:110092454-110092514:+,False,"            5'- AAATTAATATGTAAGGAAGCCCATTCTTTCATGTTAAATACTTGGGGTGGGAGGGGAGAAAGGGAACCTT -3'
       rG4seq-K ---------------------------------------------------------*-*----------",RAD23B|ENSG00000119318.12_3,ENST00000358015.7_1;ENST00000416373.6_1;ENST00000457811.1_3,3UTR
chr9,110092516,110092519,canonical/G3L1-7,1284,+,chr9:110092497-110092518:+,False,"            5'- GGGGTGGGAGGGGAGAAAGGGAACCTTTTCT -3'
       rG4seq-K -------------------***---------",RAD23B|ENSG00000119318.12_3,ENST00000358015.7_1;ENST00000416373.6_1;ENST00000457811.1_3,3UTR
chr9,112931894,112931896,bulges,59,+,chr9:112931872-112931895:+,False,"            5'- GGGAGGGAAGGAGAAAGAATGGGAATAAAATAA -3'
       rG4seq-K ----------------------**---------",AKAP2|ENSG00000241978.9_4;PALM2-AKAP2|ENSG00000157654.17_4,ENST00000302798.7_3;ENST00000374525.5_2;ENST00000374530.7_3;ENST00000434623.6_2,3UTR
chr9,114696150,114696152,bulges,287,+,chr9:114696134-114696151:+,False,"            5'- GGGGGGGTTGGGAGTGGTTTCATTTTA -3'
       rG4seq-K ----------------**---------",UGCG|ENSG00000148154.9_2,ENST00000374279.3_1,3UTR
chr9,115234046,115234048,bulges,54,+,chr9:115234020-115234048:+,False,"            5'- GGTTTGAGAGGCTGGGAGGGTTGAGGGGAAGATAAACT -3'
       rG4seq-K --------------------------**----------",HSDL2|ENSG00000119471.14_2,ENST00000398803.1_1;ENST00000398805.7_1,3UTR
chr9,115635848,115635849,bulges,18,+,chr9:115635817-115635849:+,False,"            5'- GGGCCATCACTAGGGTTGGCTTTGGGGAGGGGAAAACTAAGG -3'
       rG4seq-K -------------------------------*----------",SNX30|ENSG00000148158.16_2,ENST00000374232.7_1;ENST00000604751.1_1,3UTR
chr9,116054404,116054406,bulges,70,+,chr9:116054385-116054405:+,False,"            5'- GGGAGGCTGAGGTGGGAGGGATTGCTTAAG -3'
       rG4seq-K -------------------**---------",PRPF4|ENSG00000136875.12_2,ENST00000374198.4_1;ENST00000374199.8_1,3UTR
chr9,117073142,117073144,bulges,15,+,chr9:117073126-117073144:+,False,"            5'- GGGTGGGGGTAGGAGGGGATAGGGTGTC -3'
       rG4seq-K ----------------**----------",COL27A1|ENSG00000196739.14_2,ENST00000356083.7_1;ENST00000468565.1_1;ENST00000494090.6_1,3UTR
chr9,119162748,119162749,bulges,19,+,chr9:119162718-119162748:+,False,"            5'- GGCAATCAGTGGTAGTAGGGAGTGGGAGGGCTTATATTGG -3'
       rG4seq-K ------------------------------*---------",PAPPA|ENSG00000182752.9_3,ENST00000328252.3_1,3UTR
chr9,119449620,119449623,bulges,14,+,chr9:119449604-119449622:+,False,"            5'- GGGAGGCAGGCGGGTGGGCTGCCGGCGG -3'
       rG4seq-K ----------------***---------",TRIM32|ENSG00000119401.10_3,ENST00000373983.2_1;ENST00000411410.1_1;ENST00000450136.1_1,5UTR
chr9,124089585,124089586,bulges,162,+,"chr9:124089044-124089070:+,chr9:124089585-124089586:+",True,"            5'- GGGGGCAGGGGATGGTGAATGACGGGGTATTGCCTAA -3'
       rG4seq-K --------------------------*----------",GSN|ENSG00000148180.19_5,ENST00000373806.1_2;ENST00000373807.5_1;ENST00000373808.8_2;ENST00000373818.8_4;ENST00000373823.7_4;ENST00000394353.7_4;ENST00000449733.7_2;ENST00000545652.6_4,3UTR;CDS
chr9,124545046,124545048,longloop,9,+,chr9:124545016-124545048:+,False,"            5'- GGGGAGTGGGGACAGCCTGATGGGGCAGGGGGCCTGCCAAAA -3'
       rG4seq-K ------------------------------**----------",DAB2IP|ENSG00000136848.17_4,ENST00000259371.6_1;ENST00000373782.7_2;ENST00000408936.7_1;ENST00000648444.1_1,3UTR
chr9,124545181,124545182,longloop,18,+,chr9:124545146-124545181:+,False,"            5'- GGGGCTTCCTGGAGGGGGGATTCAAGGGCTAGGGGCCTACACCTG -3'
       rG4seq-K -----------------------------------*---------",DAB2IP|ENSG00000136848.17_4,ENST00000259371.6_1;ENST00000373782.7_2;ENST00000408936.7_1;ENST00000648444.1_1,3UTR
chr9,125157441,125157443,longloop,27,+,chr9:125157407-125157442:+,False,"            5'- GGGGAAGGGCTTTGAGGGTGGAAGGATGGGATGGGTTCCAGAGGT -3'
       rG4seq-K ----------------------------------**---------",PTGS1|ENSG00000095303.15_5,ENST00000362012.7_4;ENST00000614910.5_4,3UTR
chr9,127631461,127631462,bulges,32,+,chr9:127631422-127631463:+,False,"            5'- GCGGCGGCTGCGCGCGGAGGCGGTGGAGGAGGTGCTGGGAGCAGCCGGGCA -3'
       rG4seq-K ---------------------------------------*-----------",ARPC5L|ENSG00000136950.13_2,ENST00000353214.6_1,5UTR
chr9,127631675,127631676,bulges,87,+,chr9:127631638-127631677:+,False,"            5'- GTGGACGAGCAGGAGGAGGCGGCGGCGGCGGCGGCGGAGCCAGGCCCGG -3'
       rG4seq-K -------------------------------------*-----------",ARPC5L|ENSG00000136950.13_2,ENST00000259477.6_1;ENST00000353214.6_1,CDS
chr9,129645675,129645676,bulges,13,+,chr9:129645655-129645675:+,False,"            5'- GGGAGGGCACCTGGCGCGGGCACTTCCAGC -3'
       rG4seq-K --------------------*---------",ZBTB34|ENSG00000177125.5_3,ENST00000319119.4_2;ENST00000373452.2_2,3UTR
chr9,130569735,130569736,bulges,119,+,"chr9:130569365-130569366:+,chr9:130569699-130569734:+",True,"            5'- GGTGGACCTGGCAGTGGTGGAGGTGGGCATTGGCGGGGCTTATGAC -3'
       rG4seq-K -------------------------------------*--------",FPGS|ENSG00000136877.14_4,ENST00000373225.7_2;ENST00000373228.5_2;ENST00000373247.6_2;ENST00000393706.6_2;ENST00000423577.1_2;ENST00000431857.5_2;ENST00000460181.5_1;ENST00000475765.5_1;ENST00000479147.6_1;ENST00000479375.6_1;ENST00000481552.6_1;ENST00000488307.5_1;ENST00000496586.5_1;ENST00000497386.5_1;ENST00000630236.2_2,CDS
chr9,130575907,130575908,two-quartet,90,+,chr9:130575887-130575907:+,False,"            5'- GGCCCGGGGTTGGAGGTGGGAGCTTCCCAC -3'
       rG4seq-K --------------------*---------",FPGS|ENSG00000136877.14_4,ENST00000373225.7_2;ENST00000373247.6_2;ENST00000393706.6_2;ENST00000460181.5_1;ENST00000467826.5_1;ENST00000630236.2_2,3UTR
chr9,130871279,130871282,two-quartet,28,+,chr9:130871246-130871279:+,False,"            5'- GGGCGGGGGCTGGAGGAGAGGGTGGGGGACTGGCTCCGTCCCT -3'
       rG4seq-K ---------------------------------*-*-------",SLC25A25|ENSG00000148339.12_5,ENST00000373064.9_5;ENST00000373066.9_2;ENST00000373068.6_5;ENST00000373069.9_3;ENST00000432073.6_2,3UTR
chr9,130922759,130922760,two-quartet,192,+,chr9:130922733-130922759:+,False,"            5'- GGAAGGCGAGGAGGACGGCTTCGGGGAAGCAGAATA -3'
       rG4seq-K --------------------------*---------",C9orf16|ENSG00000171159.4_2,ENST00000372994.1_1;ENST00000486420.1_1;ENST00000489240.1_1;ENST00000492588.1_1,CDS
chr9,131051175,131051177,bulges,126,+,chr9:131051141-131051178:+,False,"            5'- GGAGGCTAGAGAAGAGGCGGGCAGGGAGGAAGGGGCGTTCCCAGCTC -3'
       rG4seq-K ----------------------------------**-----------",SWI5|ENSG00000175854.11_4,ENST00000320188.9_2;ENST00000372898.6_2;ENST00000418976.1_1;ENST00000608796.5_1,3UTR
chr9,131152731,131152732,two-quartet,194,+,chr9:131152709-131152731:+,False,"            5'- GGGGGTAGAGATGAGGGGAGGGAGTAAGTTAA -3'
       rG4seq-K ----------------------*---------",URM1|ENSG00000167118.10_2,ENST00000372850.5_1;ENST00000372853.8_1;ENST00000452446.2_1,3UTR
chr9,131445997,131445999,bulges,9,+,chr9:131445980-131445998:+,False,"            5'- GATTGGAGGGTGGGTGGGATGAGGCTGG -3'
       rG4seq-K -----------------**---------",SET|ENSG00000119335.16_3,ENST00000372692.8_1;ENST00000454747.1_1,5UTR
chr9,131451534,131451535,bulges,84,+,chr9:131451511-131451534:+,False,"            5'- GGAGGAGGTGGAGGAGGAGGCGGCTCGGGAGAG -3'
       rG4seq-K -----------------------*---------",SET|ENSG00000119335.16_3,ENST00000322030.12_1;ENST00000372692.8_1;ENST00000409104.7_1,5UTR
chr9,131457496,131457498,longloop,359,+,chr9:131457471-131457497:+,False,"            5'- GGGTGGGTTTGAGATGTTTGGGTGGGTTAAGTGGGC -3'
       rG4seq-K -------------------------**---------",SET|ENSG00000119335.16_3,ENST00000322030.12_1;ENST00000372692.8_1,3UTR
chr9,131457505,131457507,longloop,646,+,chr9:131457475-131457506:+,False,"            5'- GGGTTTGAGATGTTTGGGTGGGTTAAGTGGGCATTTTGACA -3'
       rG4seq-K ------------------------------**---------",SET|ENSG00000119335.16_3,ENST00000322030.12_1;ENST00000372692.8_1,3UTR
chr9,131580777,131580778,potential G-quadruplex & G>=40%,146,+,chr9:131580718-131580778:+,False,"            5'- GGCGACGATGCCACGCCCCTCATACCGGCGTCTTAAATGCGCAAAGAAAGGACGCCGGGGACACCCGGTT -3'
       rG4seq-K -----------------------------------------------------------*----------",ENDOG|ENSG00000167136.6_2,ENST00000372642.4_1,5UTR
chr9,131873817,131873819,bulges,72,+,chr9:131873782-131873820:+,False,"            5'- GGAGCCTTTGGTGGAGCCGGGGAGAGGAAGGGTGGGTGCAAGAGTGAA -3'
       rG4seq-K -----------------------------------**-----------",PTPA|ENSG00000119383.19_5,ENST00000337738.5_1;ENST00000347048.8_1;ENST00000348141.9_1;ENST00000355007.7_1;ENST00000357197.8_1;ENST00000358994.8_1;ENST00000393370.6_1;ENST00000414331.5_1;ENST00000445241.5_1;ENST00000455292.5_1,5UTR
chr9,131873841,131873842,bulges,132,+,chr9:131873811-131873842:+,False,"            5'- GGGTGGGTGCAAGAGTGAAAGGCGAGAGGGGACTGCAAGCA -3'
       rG4seq-K ------------------------------*----------",PTPA|ENSG00000119383.19_5,ENST00000337738.5_1;ENST00000347048.8_1;ENST00000348141.9_1;ENST00000355007.7_1;ENST00000357197.8_1;ENST00000358994.8_1;ENST00000393370.6_1;ENST00000414331.5_1;ENST00000445241.5_1;ENST00000455292.5_1,5UTR
chr9,131909883,131909885,bulges,140,+,chr9:131909863-131909884:+,False,"            5'- GGGGTGGGGTGGCGAGATGGGCTTGAGGGGG -3'
       rG4seq-K --------------------**---------",PTPA|ENSG00000119383.19_5,ENST00000337738.5_1;ENST00000347048.8_1;ENST00000348141.9_1;ENST00000355007.7_1;ENST00000357197.8_1;ENST00000358994.8_1;ENST00000393370.6_1;ENST00000414510.5_1;ENST00000419582.5_1;ENST00000423100.5_1;ENST00000432651.5_1;ENST00000434095.2_1;ENST00000435132.5_1;ENST00000452489.6_1,3UTR
chr9,131909892,131909894,longloop,202,+,chr9:131909863-131909894:+,False,"            5'- GGGGTGGGGTGGCGAGATGGGCTTGAGGGGGCTCAGAGCAT -3'
       rG4seq-K -----------------------------**----------",PTPA|ENSG00000119383.19_5,ENST00000337738.5_1;ENST00000347048.8_1;ENST00000348141.9_1;ENST00000355007.7_1;ENST00000357197.8_1;ENST00000358994.8_1;ENST00000393370.6_1;ENST00000414510.5_1;ENST00000419582.5_1;ENST00000423100.5_1;ENST00000432651.5_1;ENST00000434095.2_1;ENST00000435132.5_1;ENST00000452489.6_1,3UTR
chr9,131910281,131910283,canonical/G3L1-7,25,+,chr9:131910260-131910283:+,False,"            5'- GGGCTGGGGTGGGGTGGGTGGGGTCGGGTGGTG -3'
       rG4seq-K ---------------------**----------",PTPA|ENSG00000119383.19_5,ENST00000337738.5_1;ENST00000347048.8_1;ENST00000348141.9_1;ENST00000355007.7_1;ENST00000357197.8_1;ENST00000358994.8_1;ENST00000393370.6_1;ENST00000414510.5_1;ENST00000423100.5_1;ENST00000432651.5_1;ENST00000434095.2_1;ENST00000452489.6_1,3UTR
chr9,131910294,131910295,bulges,120,+,chr9:131910260-131910294:+,False,"            5'- GGGCTGGGGTGGGGTGGGTGGGGTCGGGTGGTGGAGAGGCCTTA -3'
       rG4seq-K ----------------------------------*---------",PTPA|ENSG00000119383.19_5,ENST00000337738.5_1;ENST00000347048.8_1;ENST00000348141.9_1;ENST00000355007.7_1;ENST00000357197.8_1;ENST00000358994.8_1;ENST00000393370.6_1;ENST00000414510.5_1;ENST00000423100.5_1;ENST00000432651.5_1;ENST00000434095.2_1;ENST00000452489.6_1,3UTR
chr9,131910299,131910300,bulges,202,+,chr9:131910267-131910299:+,False,"            5'- GGTGGGGTGGGTGGGGTCGGGTGGTGGAGAGGCCTTAGCTGT -3'
       rG4seq-K --------------------------------*---------",PTPA|ENSG00000119383.19_5,ENST00000337738.5_1;ENST00000347048.8_1;ENST00000348141.9_1;ENST00000355007.7_1;ENST00000357197.8_1;ENST00000358994.8_1;ENST00000393370.6_1;ENST00000414510.5_1;ENST00000423100.5_1;ENST00000432651.5_1;ENST00000434095.2_1;ENST00000452489.6_1,3UTR
chr9,131910588,131910590,longloop,175,+,chr9:131910559-131910589:+,False,"            5'- GGGAGGGGATGGCAGAAACTCAGGGAGGGGCTTGGGGCCC -3'
       rG4seq-K -----------------------------**---------",PTPA|ENSG00000119383.19_5,ENST00000337738.5_1;ENST00000347048.8_1;ENST00000348141.9_1;ENST00000355007.7_1;ENST00000357197.8_1;ENST00000358994.8_1;ENST00000393370.6_1;ENST00000414510.5_1;ENST00000452489.6_1,3UTR
chr9,131910595,131910597,longloop,294,+,chr9:131910559-131910596:+,False,"            5'- GGGAGGGGATGGCAGAAACTCAGGGAGGGGCTTGGGGCCCATTGTAT -3'
       rG4seq-K ------------------------------------**---------",PTPA|ENSG00000119383.19_5,ENST00000337738.5_1;ENST00000347048.8_1;ENST00000348141.9_1;ENST00000355007.7_1;ENST00000357197.8_1;ENST00000358994.8_1;ENST00000393370.6_1;ENST00000414510.5_1;ENST00000452489.6_1,3UTR
chr9,132266139,132266140,bulges,47,+,chr9:132266118-132266139:+,False,"            5'- GGGTGGGGGCAGGAATGAGGGTCCTCTCCAT -3'
       rG4seq-K ---------------------*---------",LINC00963|ENSG00000204054.13_5,ENST00000412141.1_1;ENST00000419300.3_1;ENST00000423918.5_1;ENST00000427778.1_2;ENST00000444184.5_1;ENST00000454968.5_1;ENST00000622972.3_2;ENST00000623185.3_2;ENST00000624009.3_2;ENST00000624390.1_2;ENST00000625171.3_2,non_coding
chr9,132267911,132267913,canonical/G3L1-7,18,+,chr9:132267882-132267912:+,False,"            5'- GGGAAAAGACGGGCCTGGGGAGCGGGTGGGAGGCACAAAG -3'
       rG4seq-K -----------------------------**---------",LINC00963|ENSG00000204054.13_5,ENST00000412141.1_1;ENST00000419300.3_1;ENST00000423918.5_1;ENST00000427778.1_2;ENST00000622972.3_2;ENST00000623185.3_2;ENST00000624009.3_2;ENST00000624390.1_2;ENST00000625171.3_2,non_coding
chr9,132269044,132269046,potential G-quadruplex & G>=40%,30,+,chr9:132268986-132269046:+,False,"            5'- GGATGGTCTCAATCTCCTGACCTCGTCATCCGCCCGTCTCGGCCTCCCATAGTGCTGGGATTACAGGCAT -3'
       rG4seq-K ----------------------------------------------------------**----------",LINC00963|ENSG00000204054.13_5,ENST00000412141.1_1;ENST00000419300.3_1;ENST00000423918.5_1;ENST00000427778.1_2;ENST00000622972.3_2;ENST00000623185.3_2;ENST00000624009.3_2;ENST00000624390.1_2;ENST00000625171.3_2,non_coding
chr9,132396500,132396502,bulges,62,+,chr9:132396481-132396501:+,False,"            5'- GGGGGAGGAGGGCAAGAGGGTGAGGAACTA -3'
       rG4seq-K -------------------**---------",NTMT1|ENSG00000148335.14_2,ENST00000372480.1_1;ENST00000372481.7_1;ENST00000372483.8_1;ENST00000372486.5_1;ENST00000481189.1_1;ENST00000482347.1_1;ENST00000486391.2_1;ENST00000611055.4_1;ENST00000613644.4_1;ENST00000617943.4_1,3UTR;CDS
chr9,132572639,132572641,potential G-triplex & G>=40%,16,+,chr9:132572581-132572641:+,False,"            5'- GTGCCCGCCGAGCACTCTTGATCTGAGCTGACCTGTGTGTGTGTGTGTGGGGGGGTGGGGCCTTCACCTA -3'
       rG4seq-K ----------------------------------------------------------**----------",TOR1B|ENSG00000136816.15_2,ENST00000259339.6_1;ENST00000427860.1_1;ENST00000488169.1_1,3UTR
chr9,132643776,132643778,canonical/G3L1-7,20,+,chr9:132643757-132643778:+,False,"            5'- GGGGCGTGGGTGGGGAAGGGGCTCTGGGACC -3'
       rG4seq-K -------------------**----------",USP20|ENSG00000136878.12_3,ENST00000315480.8_1;ENST00000358355.5_1;ENST00000372429.7_1;ENST00000472108.1_1,3UTR
chr9,132643785,132643786,canonical/G3L1-7,40,+,chr9:132643757-132643785:+,False,"            5'- GGGGCGTGGGTGGGGAAGGGGCTCTGGGACCAGACCCC -3'
       rG4seq-K ----------------------------*---------",USP20|ENSG00000136878.12_3,ENST00000315480.8_1;ENST00000358355.5_1;ENST00000372429.7_1;ENST00000472108.1_1,3UTR
chr9,132897634,132897636,canonical/G3L1-7,26,+,chr9:132897618-132897635:+,False,"            5'- GGGAATGGGAGGGCGGGCACAGGGAGG -3'
       rG4seq-K ----------------**---------",GPR107|ENSG00000148358.19_3,ENST00000347136.10_2;ENST00000372406.5_2;ENST00000372410.7_2;ENST00000610997.1_2,3UTR
chr9,132897642,132897643,canonical/G3L1-7,70,+,chr9:132897618-132897642:+,False,"            5'- GGGAATGGGAGGGCGGGCACAGGGAGGAGGAGAG -3'
       rG4seq-K ------------------------*---------",GPR107|ENSG00000148358.19_3,ENST00000347136.10_2;ENST00000372406.5_2;ENST00000372410.7_2;ENST00000610997.1_2,3UTR
chr9,132897648,132897649,bulges,70,+,chr9:132897618-132897648:+,False,"            5'- GGGAATGGGAGGGCGGGCACAGGGAGGAGGAGAGGAAGAG -3'
       rG4seq-K ------------------------------*---------",GPR107|ENSG00000148358.19_3,ENST00000347136.10_2;ENST00000372406.5_2;ENST00000372410.7_2;ENST00000610997.1_2,3UTR
chr9,132897787,132897789,two-quartet,39,+,chr9:132897761-132897788:+,False,"            5'- GGACGGCTGGTGGAGGGGGAAGGAGGGTGCGAGGTGT -3'
       rG4seq-K --------------------------**---------",GPR107|ENSG00000148358.19_3,ENST00000347136.10_2;ENST00000372406.5_2;ENST00000372410.7_2;ENST00000610997.1_2,3UTR
chr9,132897795,132897796,two-quartet,58,+,chr9:132897761-132897795:+,False,"            5'- GGACGGCTGGTGGAGGGGGAAGGAGGGTGCGAGGTGTCTGTCTG -3'
       rG4seq-K ----------------------------------*---------",GPR107|ENSG00000148358.19_3,ENST00000347136.10_2;ENST00000372406.5_2;ENST00000372410.7_2;ENST00000610997.1_2,3UTR
chr9,132995757,132995760,canonical/G3L1-7,166,+,chr9:132995735-132995759:+,False,"            5'- GGGTGGGCCGAGGGTGTCTAGGGGTTCTGCCTGG -3'
       rG4seq-K ----------------------***---------",NCS1|ENSG00000107130.9_2,ENST00000372398.5_1,3UTR
chr9,132996564,132996565,bulges,122,+,chr9:132996549-132996566:+,False,"            5'- GGGAGGGAGGGAAGGAGAGAAGAGTTC -3'
       rG4seq-K ---------------*-----------",NCS1|ENSG00000107130.9_2,ENST00000372398.5_1,3UTR
chr9,132998695,132998698,bulges,58,+,chr9:132998666-132998695:+,False,"            5'- GGGAGGCTGGAGCGGGGAGGCGAGGAGGGGGCTGTGAGT -3'
       rG4seq-K -----------------------------*-*-------",NCS1|ENSG00000107130.9_2,ENST00000372398.5_1,3UTR
chr9,133376613,133376616,longloop,2074,+,chr9:133376586-133376615:+,False,"            5'- GGGAAGGGTGGGGGGCAGCTGCGGTGGGGAGCTATAAAA -3'
       rG4seq-K ---------------------------*-*---------",ASS1|ENSG00000130707.17_2,ENST00000352480.9_1;ENST00000372393.7_1;ENST00000372394.5_1,3UTR
chr9,133513022,133513024,longloop,308,+,chr9:133512997-133513023:+,False,"            5'- GGGGTTGGGAGGGGCATTTTGTAGGGTTTGTATAAT -3'
       rG4seq-K -------------------------**---------",FUBP3|ENSG00000107164.15_3,ENST00000319725.9_1,3UTR
chr9,133738366,133738367,bulges,64,+,chr9:133738343-133738368:+,False,"            5'- GGGCGGGGGCCAGTACGGGGAGGTGTACGAGGGCG -3'
       rG4seq-K -----------------------*-----------",ABL1|ENSG00000097007.17_4,ENST00000318560.5_2;ENST00000372348.6_2,CDS
chr9,133738376,133738377,longloop,84,+,chr9:133738343-133738376:+,False,"            5'- GGGCGGGGGCCAGTACGGGGAGGTGTACGAGGGCGTGTGGAAG -3'
       rG4seq-K ---------------------------------*---------",ABL1|ENSG00000097007.17_4,ENST00000318560.5_2;ENST00000372348.6_2,CDS
chr9,133995998,133995999,canonical/G3L1-7,54,+,chr9:133995977-133995998:+,False,"            5'- GGGGGCAGGGCCAGGGCAGGGAGGCTTCCAG -3'
       rG4seq-K ---------------------*---------",AIF1L|ENSG00000126878.12_2,ENST00000247291.7_2;ENST00000372298.1_1;ENST00000372300.5_1;ENST00000372302.5_1;ENST00000372309.7_2;ENST00000372314.3_1,3UTR
chr9,133996523,133996525,bulges,56,+,chr9:133996496-133996524:+,False,"            5'- GGGAGGTTACTGAGGGGACCAGGATGGGAGAATGAGGA -3'
       rG4seq-K ---------------------------**---------",AIF1L|ENSG00000126878.12_2,ENST00000247291.7_2;ENST00000372298.1_1;ENST00000372300.5_1;ENST00000372302.5_1;ENST00000372309.7_2;ENST00000372314.3_1,3UTR;CDS
chr9,134353911,134353913,bulges,34,+,chr9:134353880-134353912:+,False,"            5'- GGGTCCAGCCCCGGGGAGGAGAGTGAGGTGGGTTCTATGGTG -3'
       rG4seq-K -------------------------------**---------",PRRC2B|ENSG00000130723.19_5,ENST00000357304.8_2;ENST00000405995.5_2;ENST00000451855.1_2,CDS
chr9,134372020,134372024,bulges,27,+,chr9:134371997-134372023:+,False,"            5'- GCAGGCAGGTTGGGGGAGGGGGGGGGTCATAGTTGG -3'
       rG4seq-K -----------------------****---------",PRRC2B|ENSG00000130723.19_5,ENST00000320547.7_2;ENST00000357304.8_2;ENST00000405995.5_2;ENST00000465931.1_1,3UTR
chr9,135933296,135933297,bulges,84,+,chr9:135933268-135933298:+,False,"            5'- GAGGAGGATGAGGAGGAGGAGGAAGAGGAGGAGGAGGACT -3'
       rG4seq-K ----------------------------*-----------",GTF3C5|ENSG00000148308.17_3,ENST00000342018.12_1;ENST00000372097.9_1;ENST00000372099.10_1;ENST00000372108.9_1;ENST00000489842.1_1,CDS
chr9,135933299,135933300,bulges,112,+,chr9:135933268-135933301:+,False,"            5'- GAGGAGGATGAGGAGGAGGAGGAAGAGGAGGAGGAGGACTTCA -3'
       rG4seq-K -------------------------------*-----------",GTF3C5|ENSG00000148308.17_3,ENST00000342018.12_1;ENST00000372097.9_1;ENST00000372099.10_1;ENST00000372108.9_1;ENST00000489842.1_1,CDS
chr9,135933302,135933303,bulges,136,+,chr9:135933268-135933305:+,False,"            5'- GAGGAGGATGAGGAGGAGGAGGAAGAGGAGGAGGAGGACTTCAAGCC -3'
       rG4seq-K ----------------------------------*------------",GTF3C5|ENSG00000148308.17_3,ENST00000342018.12_1;ENST00000372097.9_1;ENST00000372099.10_1;ENST00000372108.9_1;ENST00000489842.1_1,CDS
chr9,135933305,135933306,bulges,349,+,chr9:135933268-135933305:+,False,"            5'- GAGGAGGATGAGGAGGAGGAGGAAGAGGAGGAGGAGGACTTCAAGCC -3'
       rG4seq-K -------------------------------------*---------",GTF3C5|ENSG00000148308.17_3,ENST00000342018.12_1;ENST00000372097.9_1;ENST00000372099.10_1;ENST00000372108.9_1;ENST00000489842.1_1,CDS
chr9,137023997,137024000,canonical/G3L1-7,14,+,chr9:137023976-137023999:+,False,"            5'- GGGGGCGGGGAACGGGGGTGGGGAGGTTCTTAG -3'
       rG4seq-K ---------------------***---------",WDR5|ENSG00000196363.9_2,ENST00000358625.3_1,3UTR
chr9,137024002,137024003,bulges,50,+,chr9:137023976-137024002:+,False,"            5'- GGGGGCGGGGAACGGGGGTGGGGAGGTTCTTAGTTG -3'
       rG4seq-K --------------------------*---------",WDR5|ENSG00000196363.9_2,ENST00000358625.3_1,3UTR
chr9,137024683,137024686,bulges,55,+,chr9:137024653-137024683:+,False,"            5'- GGAGGTCCTCGAGTGGCAGGGGTGAGGAGGGGATTATCTG -3'
       rG4seq-K ------------------------------***-------",WDR5|ENSG00000196363.9_2,ENST00000358625.3_1,3UTR
chr9,137332014,137332016,bulges,24,+,chr9:137331983-137332015:+,False,"            5'- GTATACTTGGATATGGCGGGGGGAGGGCTGGGACTGTTTCGT -3'
       rG4seq-K -------------------------------**---------",RXRA|ENSG00000186350.10_3,ENST00000356384.4_1,non_coding
chr9,137332169,137332171,longloop,14,+,chr9:137332139-137332170:+,False,"            5'- GGGGTGTCTTCCCTCGGGGCAGGAGGGTGGGCCTGAGGCTT -3'
       rG4seq-K ------------------------------**---------",RXRA|ENSG00000186350.10_3,ENST00000356384.4_1,non_coding
chr9,137734502,137734503,bulges,106,+,chr9:137734476-137734503:+,False,"            5'- GAATAGGTCTCAGGGGTTGGGGGAGGGACTGCCAGAT -3'
       rG4seq-K --------------------------*----------",COL5A1|ENSG00000130635.15_5,ENST00000371817.7_1;ENST00000618395.4_1,3UTR
chr9,139743857,139743860,bulges,33,+,chr9:139743836-139743857:+,False,"            5'- GCGGCCCCCGGGTCGGGTGGGAGGAGGGGAC -3'
       rG4seq-K ---------------------***-------",PHPT1|ENSG00000054148.17_3,ENST00000247665.11_1;ENST00000371661.5_1;ENST00000492540.5_1,5UTR
chr9,139820478,139820479,longloop,44,+,chr9:139820452-139820479:+,False,"            5'- GGGGCCGCGCTTGGGCGCTTGGGAGGGTGTCGGCCTG -3'
       rG4seq-K --------------------------*----------",TRAF2|ENSG00000127191.17_2,ENST00000247668.6_1,3UTR
chr9,139886989,139886991,bulges,32,+,chr9:139886970-139886992:+,False,"            5'- GGGGAGGAAAGCGGGGAGGGGGACCGCGGCGG -3'
       rG4seq-K -------------------**-----------",PAXX|ENSG00000148362.10_5,ENST00000371620.3_1;ENST00000481187.5_1;ENST00000483807.5_1;ENST00000493968.5_1;ENST00000498095.4_1,CDS
chr9,139887469,139887471,longloop,25,+,chr9:139887440-139887470:+,False,"            5'- GGGAGGAAGGACGGGTGGGGAGGAGGAGGGTCTGCCACAG -3'
       rG4seq-K -----------------------------**---------",PAXX|ENSG00000148362.10_5,ENST00000371620.3_1;ENST00000467845.5_1;ENST00000481187.5_1;ENST00000483807.5_1;ENST00000492564.2_1;ENST00000493968.5_1;ENST00000498095.4_1,non_coding
chr9,140001893,140001896,two-quartet,218,+,chr9:140001874-140001894:+,False,"            5'- GGGCCGTCGGGACGTGGAGGTCAAGCCAGC -3'
       rG4seq-K -------------------*-*--------",MAN1B1|ENSG00000177239.14_4,ENST00000371589.8_1;ENST00000474902.5_1;ENST00000475449.6_3;ENST00000480100.3_1;ENST00000535028.5_1;ENST00000535144.5_1;ENST00000536268.1_1;ENST00000536349.5_1;ENST00000540391.5_1;ENST00000544448.5_1;ENST00000550113.1_1,3UTR;CDS
chr9,140003077,140003079,bulges,66,+,chr9:140003050-140003078:+,False,"            5'- GGCTGCTGGTGTGGGGACTTCGGGTGGGCAGAGGCACC -3'
       rG4seq-K ---------------------------**---------",MAN1B1|ENSG00000177239.14_4,ENST00000371589.8_1;ENST00000474902.5_1;ENST00000475449.6_3;ENST00000480100.3_1;ENST00000535028.5_1;ENST00000536349.5_1;ENST00000540391.5_1;ENST00000550113.1_1,3UTR;CDS
chr9,140149921,140149924,bulges,22,+,chr9:140149895-140149923:+,False,"            5'- GCGGCGGCGCCGGGGGAACGGGCTGGGGATGGGGCGCC -3'
       rG4seq-K --------------------------***---------",NELFB|ENSG00000188986.6_2,ENST00000343053.4_2;ENST00000634710.2_2,CDS
chr9,140167698,140167701,canonical/G3L1-7,45,+,chr9:140167673-140167700:+,False,"            5'- GGGAGAGGGCGGGGCCTGAGGGTGGGGGCGGGGCCTC -3'
       rG4seq-K -------------------------***---------",NELFB|ENSG00000188986.6_2,ENST00000343053.4_2,3UTR
chr9,140167705,140167706,canonical/G3L1-7,80,+,chr9:140167683-140167706:+,False,"            5'- GGGGCCTGAGGGTGGGGGCGGGGCCTCTTCATT -3'
       rG4seq-K ----------------------*----------",NELFB|ENSG00000188986.6_2,ENST00000343053.4_2,3UTR
chr9,140507422,140507424,two-quartet,45,+,chr9:140507407-140507423:+,False,"            5'- GGGTAGTGGAGGAGGGTTACTTCAAC -3'
       rG4seq-K ---------------**---------",AL590627.2|ENSG00000283411.1_5;ARRDC1|ENSG00000197070.13_3,ENST00000371421.8_1;ENST00000419386.1_1;ENST00000431925.6_3;ENST00000461627.1_1;ENST00000466367.5_1;ENST00000471125.5_1;ENST00000483563.5_1;ENST00000491911.5_1;ENST00000495220.5_1;ENST00000497877.5_1;ENST00000637510.1_1,CDS;non_coding
chr9,140509760,140509762,canonical/G3L1-7,42,+,chr9:140509737-140509761:+,False,"            5'- GGGGCTGGGGTGGGGGTGGCAGGGAGCTGGGACC -3'
       rG4seq-K -----------------------**---------",AL590627.2|ENSG00000283411.1_5;ARRDC1|ENSG00000197070.13_3,ENST00000371421.8_1;ENST00000475658.1_1;ENST00000491911.5_1;ENST00000636318.1_1;ENST00000637510.1_1,3UTR;non_coding
chr9,140509768,140509769,canonical/G3L1-7,50,+,chr9:140509738-140509768:+,False,"            5'- GGGCTGGGGTGGGGGTGGCAGGGAGCTGGGACCTGGAGAG -3'
       rG4seq-K ------------------------------*---------",AL590627.2|ENSG00000283411.1_5;ARRDC1|ENSG00000197070.13_3,ENST00000371421.8_1;ENST00000475658.1_1;ENST00000491911.5_1;ENST00000636318.1_1;ENST00000637510.1_1,3UTR;non_coding
chr9,6013490,6013491,two-quartet,84,-,chr9:6013491-6013514:-,False,"            5'- GGAGTTAAGGGAAGGGTTTGTGGAATATACAGA -3'
       rG4seq-K -----------------------*---------",RANBP6|ENSG00000137040.9_3,ENST00000259569.5_1;ENST00000485372.1_1,3UTR;CDS
chr9,7799531,7799532,longloop,138,-,chr9:7799532-7799567:-,False,"            5'- GGGGCTGATGGGGGCGGGCGGGTACGTGTACTGGGTGGCACGGAA -3'
       rG4seq-K -----------------------------------*---------",DMAC1|ENSG00000137038.7_5,ENST00000358227.4_1;ENST00000469050.1_1;ENST00000484082.1_1,CDS
chr9,7799544,7799546,canonical/G3L1-7,77,-,chr9:7799545-7799572:-,False,"            5'- GGGTTGGGGCTGATGGGGGCGGGCGGGTACGTGTACT -3'
       rG4seq-K --------------------------**---------",DMAC1|ENSG00000137038.7_5,ENST00000358227.4_1;ENST00000469050.1_1;ENST00000484082.1_1,CDS
chr9,7799548,7799549,bulges,56,-,chr9:7799550-7799572:-,False,"            5'- GGGTTGGGGCTGATGGGGGCGGGCGGGTACGT -3'
       rG4seq-K -----------------------*--------",DMAC1|ENSG00000137038.7_5,ENST00000358227.4_1;ENST00000469050.1_1;ENST00000484082.1_1,CDS
chr9,14086228,14086232,two-quartet,19,-,chr9:14086229-14086244:-,False,"            5'- GGGGTGGGTGGGAGGATTTTTAACA -3'
       rG4seq-K ------------*-**---------",NFIB|ENSG00000147862.16_2,ENST00000380959.7_1;ENST00000543693.5_1,3UTR
chr9,21974807,21974809,bulges,240,-,chr9:21974806-21974834:-,False,"            5'- GGAGCAGCATGGAGCCGGCGGCGGGGAGCAGCATGGAG -3'
       rG4seq-K -------------------------**-----------",CDKN2A|ENSG00000147889.17_3,ENST00000304494.9_2;ENST00000380151.3_1;ENST00000494262.5_2;ENST00000498124.1_2;ENST00000498628.6_2;ENST00000530628.2_2;ENST00000579122.1_2;ENST00000579755.1_3,5UTR;CDS
chr9,26892484,26892485,bulges,22,-,chr9:26892485-26892512:-,False,"            5'- GGGAGCGGCGGCAGCTGTTGGGGCGGGAGCAGCGTGG -3'
       rG4seq-K ---------------------------*---------",CAAP1|ENSG00000120159.12_4,ENST00000333916.7_1;ENST00000483493.6_1;ENST00000495958.5_1;ENST00000520187.1_1;ENST00000650615.1_1,CDS
chr9,33111039,33111041,canonical/G3L1-7,456,-,chr9:33111040-33111067:-,False,"            5'- GGGGATTTCAGGGCTGGGGGTTCAGGGAGCATTTCCT -3'
       rG4seq-K --------------------------**---------",B4GALT1|ENSG00000086062.12_2,ENST00000379731.4_1;ENST00000535206.5_1,3UTR
chr9,33441440,33441444,canonical/G3L1-7,277,-,chr9:33441441-33441473:-,False,"            5'- GGGTGGATGTGGGTAGGGCTGGGAGGAGGGGGCCACAGCTTA -3'
       rG4seq-K -----------------------------****---------",AQP3|ENSG00000165272.15_3,ENST00000297991.5_2;ENST00000493581.1_1,3UTR
chr9,33441446,33441447,bulges,147,-,chr9:33441448-33441481:-,False,"            5'- GGGAAGTAGGGTGGATGTGGGTAGGGCTGGGAGGAGGGGGCCA -3'
       rG4seq-K ----------------------------------*--------",AQP3|ENSG00000165272.15_3,ENST00000297991.5_2;ENST00000493581.1_1,3UTR
chr9,33441449,33441450,canonical/G3L1-7,112,-,chr9:33441450-33441481:-,False,"            5'- GGGAAGTAGGGTGGATGTGGGTAGGGCTGGGAGGAGGGGGC -3'
       rG4seq-K -------------------------------*---------",AQP3|ENSG00000165272.15_3,ENST00000297991.5_2;ENST00000493581.1_1,3UTR
chr9,33441455,33441456,canonical/G3L1-7,64,-,chr9:33441455-33441481:-,False,"            5'- GGGAAGTAGGGTGGATGTGGGTAGGGCTGGGAGGAG -3'
       rG4seq-K -------------------------*----------",AQP3|ENSG00000165272.15_3,ENST00000297991.5_2;ENST00000493581.1_1,3UTR
chr9,33441459,33441460,bulges,60,-,chr9:33441460-33441481:-,False,"            5'- GGGAAGTAGGGTGGATGTGGGTAGGGCTGGG -3'
       rG4seq-K ---------------------*---------",AQP3|ENSG00000165272.15_3,ENST00000297991.5_2;ENST00000493581.1_1,3UTR
chr9,33441678,33441679,longloop,238,-,chr9:33441679-33441710:-,False,"            5'- GGGGGGGGTTCCCAGATATTCAGGGCAAGGGACCAGTCGGA -3'
       rG4seq-K -------------------------------*---------",AQP3|ENSG00000165272.15_3,ENST00000297991.5_2;ENST00000493581.1_1,3UTR
chr9,33441701,33441704,potential G-triplex & G>=40%,95,-,chr9:33441701-33441761:-,False,"            5'- TGTGCATGTGTGTGCATGTGTGTGCATGTGTGTGCAGGGGTGTGTGTGTGTGGGGGGGGTTCCCAGATAT -3'
       rG4seq-K ---------------------------------------------------------***----------",AQP3|ENSG00000165272.15_3,ENST00000297991.5_2;ENST00000493581.1_1,3UTR
chr9,33443021,33443022,longloop,388,-,chr9:33443022-33443052:-,False,"            5'- GGGAGGGTGGGGAGGGCACACCTGAGAGGGAAGTCTGGGC -3'
       rG4seq-K ------------------------------*---------",AQP3|ENSG00000165272.15_3,ENST00000297991.5_2;ENST00000463983.5_1;ENST00000473153.1_2;ENST00000493581.1_1;ENST00000494313.2_2;ENST00000643650.1_1;ENST00000645858.1_1,non_coding
chr9,33443035,33443037,canonical/G3L1-7,190,-,chr9:33443036-33443052:-,False,"            5'- GGGAGGGTGGGGAGGGCACACCTGAG -3'
       rG4seq-K ---------------**---------",AQP3|ENSG00000165272.15_3,ENST00000297991.5_2;ENST00000463983.5_1;ENST00000473153.1_2;ENST00000493581.1_1;ENST00000494313.2_2;ENST00000643650.1_1;ENST00000645858.1_1,non_coding
chr9,33462016,33462018,bulges,36,-,chr9:33462017-33462039:-,False,"            5'- GGGTAGGTGAAGGGGTCAGGGGACTGGTAGTC -3'
       rG4seq-K ---------------------**---------",NOL6|ENSG00000165271.16_3,ENST00000297990.8_2;ENST00000353159.6_2;ENST00000379470.5_1;ENST00000379471.3_1,3UTR
chr9,33468857,33468858,longloop,34,-,"chr9:33468955-33468969:-,chr9:33468858-33468870:-",True,"            5'- GGGAGCTGGACAAGGGCCAGGGTGGGTTTACTGGGT -3'
       rG4seq-K --------------------------*---------",NOL6|ENSG00000165271.16_3,ENST00000297990.8_2;ENST00000353159.6_2;ENST00000379471.3_1;ENST00000464829.5_1,CDS
chr9,34635237,34635238,bulges,304,-,chr9:34635238-34635267:-,False,"            5'- GGGGTTCTAGAGTTAAGGATGGGGGAGGGTATTATACTG -3'
       rG4seq-K -----------------------------*---------",SIGMAR1|ENSG00000147955.16_2,ENST00000277010.8_1;ENST00000353468.4_1;ENST00000378892.5_1,3UTR
chr9,35057025,35057027,longloop,130,-,chr9:35057026-35057063:-,False,"            5'- GGGGGTGGGGGCGCTTGCCCAGGAGAGGGACCAGGGGTGCGCCCACA -3'
       rG4seq-K ------------------------------------**---------",VCP|ENSG00000165280.15_4,ENST00000358901.10_1;ENST00000493886.5_1,3UTR
chr9,36258335,36258336,bulges,28,-,chr9:36258333-36258362:-,False,"            5'- GAGGAGCGCGGTGGCGGCGTGGGAGGGAGCCTCTGACGG -3'
       rG4seq-K --------------------------*------------",GNE|ENSG00000159921.15_3,ENST00000377902.5_1;ENST00000396594.7_1;ENST00000539208.5_1;ENST00000543356.6_1;ENST00000642385.1_1,5UTR
chr9,37919482,37919483,canonical/G3L1-7,16,-,chr9:37919483-37919506:-,False,"            5'- GGGGCGGGGTAGGGTGGGGCGGGAGCTCCCTGG -3'
       rG4seq-K -----------------------*---------",AL138752.2|ENSG00000255872.3_6;SHB|ENSG00000107338.9_3,ENST00000377707.3_1;ENST00000540557.1_1,3UTR;non_coding
chr9,72331927,72331928,canonical/G3L1-7,117,-,chr9:72331928-72331949:-,False,"            5'- GGGATGAGGGTGGGGAATGGGCCATGTAATG -3'
       rG4seq-K ---------------------*---------",PTAR1|ENSG00000188647.12_3,ENST00000377200.9_1,3UTR
chr9,72331934,72331936,bulges,60,-,chr9:72331934-72331964:-,False,"            5'- GTTTTTCAGGTAGGTGGGATGAGGGTGGGGAATGGGCCAT -3'
       rG4seq-K ----------------------------**----------",PTAR1|ENSG00000188647.12_3,ENST00000377200.9_1,3UTR
chr9,73002318,73002319,bulges,176,-,chr9:73002319-73002360:-,False,"            5'- GGGAGTGGGTGGGGGGGAGGGGGGTAAGGCCAAGACTGGGGTAGAATTTTA -3'
       rG4seq-K -----------------------------------------*---------",KLF9|ENSG00000119138.4_2,ENST00000377126.3_1,3UTR
chr9,73002335,73002340,canonical/G3L1-7,74,-,chr9:73002336-73002360:-,False,"            5'- GGGAGTGGGTGGGGGGGAGGGGGGTAAGGCCAAG -3'
       rG4seq-K --------------------**-**---------",KLF9|ENSG00000119138.4_2,ENST00000377126.3_1,3UTR
chr9,74298778,74298779,bulges,374,-,chr9:74298776-74298800:-,False,"            5'- GGGATGGCCAAGGGTGGGTGGTAGAAAGTGTGTT -3'
       rG4seq-K ---------------------*------------",CEMIP2|ENSG00000135048.13_6,ENST00000377044.8_4;ENST00000377057.5_1;ENST00000538669.1_1,3UTR
chr9,74298781,74298783,bulges,212,-,chr9:74298782-74298805:-,False,"            5'- GAGGAGGGATGGCCAAGGGTGGGTGGTAGAAAG -3'
       rG4seq-K ----------------------**---------",CEMIP2|ENSG00000135048.13_6,ENST00000377044.8_4;ENST00000377057.5_1;ENST00000538669.1_1,3UTR
chr9,74299784,74299787,bulges,237,-,chr9:74299784-74299804:-,False,"            5'- GGGGTGGGGTGGAGTGGGGGCTTCTGAGAG -3'
       rG4seq-K -----------------***----------",CEMIP2|ENSG00000135048.13_6,ENST00000377044.8_4;ENST00000377057.5_1;ENST00000377066.9_4;ENST00000538669.1_1;ENST00000542935.5_1,3UTR
chr9,80333230,80333232,canonical/G3L1-7,67,-,chr9:80333231-80333251:-,False,"            5'- GGGGCTAGGGGCGGGACGGGATTCTTTTCA -3'
       rG4seq-K -------------------**---------",GNAQ|ENSG00000156052.10_2,ENST00000286548.8_1,3UTR
chr9,80333235,80333237,longloop,15,-,chr9:80333236-80333265:-,False,"            5'- GGGGTTTTATTGAAGGGGCTAGGGGCGGGACGGGATTCT -3'
       rG4seq-K ----------------------------**---------",GNAQ|ENSG00000156052.10_2,ENST00000286548.8_1,3UTR
chr9,86275574,86275577,canonical/G3L1-7,48,-,chr9:86275575-86275599:-,False,"            5'- GGGGGACGGGGTGGGGGGGTGGGGCAGCGGAATC -3'
       rG4seq-K ----------------------***---------",UBQLN1|ENSG00000135018.13_3,ENST00000376395.8_3;ENST00000533705.5_1,3UTR
chr9,86322868,86322869,canonical/G3L1-7,26,-,chr9:86322869-86322892:-,False,"            5'- GGGACGTGGGGGAAGGGGCAGGGAGGAGGAAGC -3'
       rG4seq-K -----------------------*---------",UBQLN1|ENSG00000135018.13_3,ENST00000376395.8_3,5UTR
chr9,86583937,86583938,bulges,896,-,chr9:86583938-86583970:-,False,"            5'- GGTCACTGTAACATTTGGGGGGTGGGACAGGGAGGAAAAGTA -3'
       rG4seq-K --------------------------------*---------",HNRNPK|ENSG00000165119.20_3,ENST00000351839.7_1;ENST00000360384.9_1;ENST00000376263.7_1;ENST00000376281.8_1,3UTR
chr9,86584089,86584091,canonical/G3L1-7,770,-,chr9:86584090-86584109:-,False,"            5'- GGGTTGGGGGGGGGAAGGGCGTGCAAAAA -3'
       rG4seq-K ------------------**---------",HNRNPK|ENSG00000165119.20_3,ENST00000351839.7_1;ENST00000360384.9_1;ENST00000376263.7_1;ENST00000376281.8_1,3UTR
chr9,86591710,86591711,two-quartet,30,-,chr9:86591711-86591725:-,False,"            5'- GGGTGGGGGGGTGGTTTCTTTCAA -3'
       rG4seq-K --------------*---------",HNRNPK|ENSG00000165119.20_3,ENST00000351839.7_1;ENST00000360384.9_1;ENST00000376263.7_1;ENST00000376281.8_1;ENST00000457156.5_1;ENST00000472778.5_1;ENST00000483135.1_1,non_coding
chr9,89560036,89560037,bulges,111,-,chr9:89560037-89560072:-,False,"            5'- GTGGGGGTGAGGGTGGGTGGCGATTGCCTTAGAGGGAACCCCTAA -3'
       rG4seq-K -----------------------------------*---------",GAS1|ENSG00000180447.6_2,ENST00000298743.8_1,3UTR
chr9,89560051,89560052,bulges,75,-,chr9:89560050-89560070:-,False,"            5'- GGGGGTGAGGGTGGGTGGCGATTGCCTTAG -3'
       rG4seq-K ------------------*-----------",GAS1|ENSG00000180447.6_2,ENST00000298743.8_1,3UTR
chr9,89560055,89560056,two-quartet,26,-,chr9:89560055-89560070:-,False,"            5'- GGGGGTGAGGGTGGGTGGCGATTGC -3'
       rG4seq-K --------------*----------",GAS1|ENSG00000180447.6_2,ENST00000298743.8_1,3UTR
chr9,111778562,111778565,two-quartet,57,-,chr9:111778563-111778574:-,False,"            5'- GGGGGTGGGGGATTGCATGGT -3'
       rG4seq-K ---------***---------",TMEM245|ENSG00000106771.12_2,ENST00000374586.7_1,3UTR
chr9,114325021,114325022,longloop,53,-,chr9:114325022-114325051:-,False,"            5'- GGGCCTGTGGAAGCCGGGGTGAGGGAGGGAGAGCATCAG -3'
       rG4seq-K -----------------------------*---------",PTGR1|ENSG00000106853.19_4,ENST00000466771.6_4;ENST00000538962.7_1,3UTR
chr9,114984854,114984855,bulges,90,-,chr9:114984855-114984878:-,False,"            5'- GGGGAAGGGTGAATGGTTTTGGGAATAATTCAG -3'
       rG4seq-K -----------------------*---------",PTBP3|ENSG00000119314.15_4,ENST00000334318.10_1;ENST00000374255.6_1;ENST00000374257.5_2;ENST00000458258.5_1,3UTR
chr9,116037681,116037682,longloop,147,-,chr9:116037681-116037709:-,False,"            5'- GGGGGGGAGCCGAGGTTCCGGGAAGGGGCTAGGCCGGC -3'
       rG4seq-K ---------------------------*----------",CDC26|ENSG00000176386.8_2,ENST00000374206.3_1;ENST00000490408.5_1,5UTR
chr9,116149095,116149097,bulges,58,-,chr9:116149096-116149124:-,False,"            5'- GGAACAGAAGCAGGGTCGGGGTGGAGGGAGAATACTAA -3'
       rG4seq-K ---------------------------**---------",ALAD|ENSG00000148218.15_3,ENST00000409155.7_1;ENST00000482847.5_1,3UTR
chr9,116149232,116149234,bulges,43,-,chr9:116149232-116149258:-,False,"            5'- GGGGACAGTGGGGATGGAGAAAGGGGAATGGATTGT -3'
       rG4seq-K ------------------------**----------",ALAD|ENSG00000148218.15_3,ENST00000409155.7_1;ENST00000482847.5_1,3UTR
chr9,117099292,117099294,canonical/G3L1-7,10,-,chr9:117099293-117099308:-,False,"            5'- GGGTGGGTGGGTGGGCAGGTGGCCT -3'
       rG4seq-K --------------**---------",AKNA|ENSG00000106948.16_3,ENST00000223791.7_3;ENST00000307564.8_1;ENST00000374075.9_1;ENST00000374079.8_1;ENST00000374088.7_1;ENST00000492875.1_1,3UTR
chr9,117783108,117783110,longloop,60,-,chr9:117783109-117783140:-,False,"            5'- GGGAATGGGAGAGGGGTAGGATGTACAGGGGTAGTTTGTTT -3'
       rG4seq-K ------------------------------**---------",TNC|ENSG00000041982.15_3,ENST00000341037.8_2;ENST00000350763.8_2;ENST00000535648.5_1,3UTR
chr9,119188040,119188041,canonical/G3L1-7,8,-,chr9:119188039-119188060:-,False,"            5'- GGGGCCTGGGTGGGCTGGGGGACAGCTGAGG -3'
       rG4seq-K -------------------*-----------",ASTN2|ENSG00000148219.16_4,ENST00000288520.9_2;ENST00000313400.8_1;ENST00000341734.8_2;ENST00000361209.6_2;ENST00000361477.7_2;ENST00000373986.7_2,3UTR
chr9,123342433,123342435,potential G-quadruplex & G>=40%,15,-,chr9:123342433-123342493:-,False,"            5'- GGCGCCAGCCGGTCGGCTTCACTGCGTGCGCCTCCGTGACCCCGCCTCGTTTCCGTAGGAAGAAGCGCCG -3'
       rG4seq-K ----------------------------------------------------------**----------",CDK5RAP2|ENSG00000136861.17_2,ENST00000349780.8_1;ENST00000360190.8_1;ENST00000360822.7_1;ENST00000491334.1_1,5UTR
chr9,123521679,123521682,potential G-quadruplex & G>=40%,62,-,chr9:123521679-123521739:-,False,"            5'- TTTATATTTGAACTGTGTGGGGTAGGGGGAAGAAGAGGTTGCTTAAGCAAATAGTGGGGTGATTGTGGAA -3'
       rG4seq-K ---------------------------------------------------------***----------",FBXW2|ENSG00000119402.16_2,ENST00000493559.1_1;ENST00000608872.5_1,3UTR
chr9,123525143,123525144,two-quartet,46,-,chr9:123525144-123525159:-,False,"            5'- GGGTGGTGGGGAGGGATGTATTTCA -3'
       rG4seq-K ---------------*---------",FBXW2|ENSG00000119402.16_2,ENST00000493559.1_1;ENST00000608872.5_1,3UTR
chr9,123526662,123526664,canonical/G3L1-7,69,-,chr9:123526663-123526690:-,False,"            5'- GGGGCCAGGGCTCGGGGTGGGGGAGGGCTTGTTTTAT -3'
       rG4seq-K --------------------------**---------",FBXW2|ENSG00000119402.16_2,ENST00000493559.1_1;ENST00000608872.5_1,3UTR
chr9,123526668,123526670,canonical/G3L1-7,26,-,chr9:123526668-123526690:-,False,"            5'- GGGGCCAGGGCTCGGGGTGGGGGAGGGCTTGT -3'
       rG4seq-K --------------------**----------",FBXW2|ENSG00000119402.16_2,ENST00000493559.1_1;ENST00000608872.5_1,3UTR
chr9,123618157,123618159,longloop,18,-,chr9:123618156-123618186:-,False,"            5'- GGGCCTGGAGAGGGAAAAGGAGGGAGGGGGTGTCTGCACC -3'
       rG4seq-K ---------------------------**-----------",PHF19|ENSG00000119403.14_4,ENST00000373896.7_2;ENST00000419155.5_1;ENST00000616568.5_3,3UTR
chr9,123618757,123618759,bulges,31,-,chr9:123618757-123618781:-,False,"            5'- GTGGAGGGTGGGCACCAGATGGGGACCAGCCTTG -3'
       rG4seq-K ----------------------**----------",PHF19|ENSG00000119403.14_4,ENST00000373896.7_2;ENST00000419155.5_1;ENST00000616568.5_3,3UTR
chr9,123619395,123619397,longloop,38,-,chr9:123619396-123619432:-,False,"            5'- GGGGGACGGGGGTGGGGGGTGGTAGTGGTGGGAGGGAAACCATGTC -3'
       rG4seq-K -----------------------------------**---------",PHF19|ENSG00000119403.14_4,ENST00000373896.7_2;ENST00000419155.5_1;ENST00000616568.5_3,3UTR
chr9,124910412,124910413,two-quartet,1026,-,chr9:124910414-124910436:-,False,"            5'- GGACAAACTGGGCTGGGTGCGGCCTGACCTGG -3'
       rG4seq-K -----------------------*--------",NDUFA8|ENSG00000119421.6_2,ENST00000373768.3_1,CDS
chr9,124921967,124921968,bulges,204,-,chr9:124921967-124921997:-,False,"            5'- GCGGCTGAGGGCTTCTCGTCGGGGTCGGGGCTGCAGCCGT -3'
       rG4seq-K -----------------------------*----------",NDUFA8|ENSG00000119421.6_2,ENST00000373768.3_1,5UTR
chr9,125670873,125670875,longloop,109,-,chr9:125670874-125670911:-,False,"            5'- GGGGGGAAGGGGGAAGGATGGAGATGGGAGGAGAGGGTAAAAGAATA -3'
       rG4seq-K ------------------------------------**---------",ZBTB6|ENSG00000186130.4_2,ENST00000373659.3_1,3UTR
chr9,125670879,125670880,two-quartet,54,-,chr9:125670880-125670911:-,False,"            5'- GGGGGGAAGGGGGAAGGATGGAGATGGGAGGAGAGGGTAAA -3'
       rG4seq-K -------------------------------*---------",ZBTB6|ENSG00000186130.4_2,ENST00000373659.3_1,3UTR
chr9,125670882,125670883,bulges,42,-,chr9:125670883-125670911:-,False,"            5'- GGGGGGAAGGGGGAAGGATGGAGATGGGAGGAGAGGGT -3'
       rG4seq-K ----------------------------*---------",ZBTB6|ENSG00000186130.4_2,ENST00000373659.3_1,3UTR
chr9,127998647,127998648,potential G-quadruplex & G>=40%,2372,-,chr9:127998647-127998707:-,False,"            5'- GTTGCTCACATGTCTTTGGGTGGGGGGGAGAAGAAGAATTGGCCATCTTAAAAAGCGGGTAAAAAACCTG -3'
       rG4seq-K -----------------------------------------------------------*----------",HSPA5|ENSG00000044574.7_2,ENST00000324460.6_1,3UTR
chr9,127998664,127998665,bulges,1750,-,chr9:127998665-127998690:-,False,"            5'- GGGTGGGGGGGAGAAGAAGAATTGGCCATCTTAAA -3'
       rG4seq-K -------------------------*---------",HSPA5|ENSG00000044574.7_2,ENST00000324460.6_1,3UTR
chr9,128001534,128001535,potential G-quadruplex & G>=40%,1651,-,chr9:128001534-128001594:-,False,"            5'- GCTTATGGCCTGGATAAGAGGGAGGGGGAGAAGAACATCCTGGTGTTTGACCTGGGTGGCGGAACCTTCG -3'
       rG4seq-K -----------------------------------------------------------*----------",HSPA5|ENSG00000044574.7_2,ENST00000324460.6_1,CDS
chr9,128200159,128200161,potential G-quadruplex & G>=40%,39,-,chr9:128200159-128200219:-,False,"            5'- CAGGGAGAGGGGTGAGCGGAGGGAGACCTGTGTCCGTGCCGTCCGGCTCCCTGGGTGGGAACAGGCAAGG -3'
       rG4seq-K ----------------------------------------------------------**----------",MAPKAP1|ENSG00000119487.16_4,ENST00000265960.7_2;ENST00000350766.7_2;ENST00000373498.5_2;ENST00000373503.7_1;ENST00000373511.6_1;ENST00000394063.5_1,3UTR
chr9,128200985,128200986,bulges,70,-,chr9:128200986-128201014:-,False,"            5'- GGGGGCCCCCTAGGAGGGAGCGCTGGGGACATTGCCAT -3'
       rG4seq-K ----------------------------*---------",MAPKAP1|ENSG00000119487.16_4,ENST00000265960.7_2;ENST00000350766.7_2;ENST00000373498.5_2;ENST00000373503.7_1;ENST00000373511.6_1;ENST00000394063.5_1;ENST00000444226.1_1;ENST00000483937.5_1;ENST00000496658.5_1;ENST00000497932.5_1,3UTR
chr9,130210050,130210052,bulges,44,-,chr9:130210051-130210085:-,False,"            5'- GGGAAGTTTTGGAAATGGTTACTGGTGGGGTGGGATAATCCTTT -3'
       rG4seq-K ---------------------------------**---------",RPL12|ENSG00000197958.12_3,ENST00000361436.9_1;ENST00000497322.1_1;ENST00000497825.5_1;ENST00000536368.1_1,non_coding
chr9,130268140,130268142,longloop,330,-,chr9:130268140-130268167:-,False,"            5'- GGGTGGGCCCTCCCTGAGGGTCTGGGGTCAGGCTTTG -3'
       rG4seq-K -------------------------**----------",FAM129B|ENSG00000136830.11_2,ENST00000373312.3_1;ENST00000373314.7_1;ENST00000478917.1_1,3UTR
chr9,130268244,130268245,bulges,305,-,chr9:130268245-130268277:-,False,"            5'- GGAGCGGCAGCAAGGGGTGTAATGGGGCTGGGTTCTGTCTTC -3'
       rG4seq-K --------------------------------*---------",FAM129B|ENSG00000136830.11_2,ENST00000373312.3_1;ENST00000373314.7_1;ENST00000478917.1_1,3UTR
chr9,130268516,130268518,longloop,273,-,chr9:130268518-130268549:-,False,"            5'- GGGGGTGCCTCATGGGGTGGGCAGGCCTGGGGTGAAATGAG -3'
       rG4seq-K -------------------------------**--------",FAM129B|ENSG00000136830.11_2,ENST00000373312.3_1;ENST00000373314.7_1;ENST00000478917.1_1,3UTR
chr9,130268562,130268563,two-quartet,161,-,chr9:130268563-130268593:-,False,"            5'- GGCTGGAGCCAGGCTGGGGGTGCTGGGTGGAGAGATGAGA -3'
       rG4seq-K ------------------------------*---------",FAM129B|ENSG00000136830.11_2,ENST00000373312.3_1;ENST00000373314.7_1;ENST00000478917.1_1,3UTR
chr9,130269004,130269008,bulges,253,-,chr9:130269007-130269026:-,False,"            5'- GGGTGGAGGCGGGGCAGGGCTGTGTGGCA -3'
       rG4seq-K ------------------**-*-------",FAM129B|ENSG00000136830.11_2,ENST00000373312.3_1;ENST00000373314.7_1;ENST00000478917.1_1,3UTR
chr9,130331234,130331238,canonical/G3L1-7,127,-,chr9:130331237-130331265:-,False,"            5'- GGGAGCGGGGGAAGCAGGGCGGGCCGGGCTCCATGGCG -3'
       rG4seq-K ---------------------------**-*-------",FAM129B|ENSG00000136830.11_2,ENST00000373312.3_1;ENST00000373314.7_1;ENST00000484348.2_1,5UTR
chr9,130331241,130331242,canonical/G3L1-7,73,-,chr9:130331242-130331265:-,False,"            5'- GGGAGCGGGGGAAGCAGGGCGGGCCGGGCTCCA -3'
       rG4seq-K -----------------------*---------",FAM129B|ENSG00000136830.11_2,ENST00000373312.3_1;ENST00000373314.7_1;ENST00000484348.2_1,5UTR
chr9,130331253,130331257,canonical/G3L1-7,23,-,chr9:130331254-130331283:-,False,"            5'- GGGAGCGGCGGGAGCGGCGGGAGCGGGGGAAGCAGGGCG -3'
       rG4seq-K --------------------------****---------",FAM129B|ENSG00000136830.11_2,ENST00000373312.3_1;ENST00000373314.7_1;ENST00000484348.2_1,5UTR
chr9,130629621,130629622,bulges,14,-,chr9:130629621-130629650:-,False,"            5'- GGGCATCTCAATGGCATGGGTGGGTGGGGAGTCAGTCAT -3'
       rG4seq-K ----------------------------*----------",AK1|ENSG00000106992.18_4,ENST00000373176.5_1;ENST00000644144.1_1,3UTR
chr9,130648348,130648349,bulges,24,-,chr9:130648346-130648380:-,False,"            5'- GTGGGGGCGGTGGGGAGGTCCCAGAGGTGGGAGGCCGGCATCCA -3'
       rG4seq-K -------------------------------*------------",AL157935.2|ENSG00000257524.6_6;ST6GALNAC6|ENSG00000160408.14_3,ENST00000291839.9_1;ENST00000373141.5_1;ENST00000373142.5_1;ENST00000373144.7_1;ENST00000373146.5_1;ENST00000485320.5_1;ENST00000542456.5_1;ENST00000622357.4_1;ENST00000643029.1_1;ENST00000643338.1_1;ENST00000645007.1_1;ENST00000646171.1_1,3UTR
chr9,130648364,130648366,bulges,16,-,chr9:130648362-130648397:-,False,"            5'- GTGGGGTTGTGGAGGTTGTGGGGGCGGTGGGGAGGTCCCAGAGGT -3'
       rG4seq-K -------------------------------**------------",AL157935.2|ENSG00000257524.6_6;ST6GALNAC6|ENSG00000160408.14_3,ENST00000291839.9_1;ENST00000373141.5_1;ENST00000373142.5_1;ENST00000373144.7_1;ENST00000373146.5_1;ENST00000485320.5_1;ENST00000542456.5_1;ENST00000622357.4_1;ENST00000643029.1_1;ENST00000643338.1_1;ENST00000645007.1_1;ENST00000646171.1_1,3UTR
chr9,130889997,130889998,G>=40%,28,-,chr9:130889997-130890057:-,False,"            5'- CGCCGCGCGTGCCTCGGCGTCTTCGTTTCGCGCGCCCGCCCGCGGCGCCGGCGGAGCGAACATGGACCCG -3'
       rG4seq-K -----------------------------------------------------------*----------",PTGES2|ENSG00000148334.14_3,ENST00000277462.9_1;ENST00000338961.10_1;ENST00000449878.1_3;ENST00000476748.5_1;ENST00000485237.1_1;ENST00000487063.5_1;ENST00000497109.5_1;ENST00000617202.4_1,5UTR
chr9,131020788,131020789,bulges,54,-,chr9:131020789-131020830:-,False,"            5'- GGAGGAGGAGGATGAGGAGGAGGAGGAGGAGGAGGCGGTGGCAGTACCTCA -3'
       rG4seq-K -----------------------------------------*---------",GOLGA2|ENSG00000167110.17_4,ENST00000421699.6_3;ENST00000462089.1_1;ENST00000609374.5_3;ENST00000610329.4_2;ENST00000611957.4_3;ENST00000639983.1_1,CDS
chr9,131772898,131772900,longloop,11,-,chr9:131772899-131772941:-,False,"            5'- GGGGCCTGGGGGGCTGGGCTCGAGGAAGAAGGGGTGGCGGGGTGCAGGCACA -3'
       rG4seq-K -----------------------------------------**---------",SH3GLB2|ENSG00000148341.17_3,ENST00000372554.8_2;ENST00000372559.5_2;ENST00000372564.7_2;ENST00000416629.5_1;ENST00000417224.5_2;ENST00000455407.5_1;ENST00000461811.5_1;ENST00000479237.5_1;ENST00000483980.5_1,non_coding
chr9,131790479,131790481,longloop,32,-,chr9:131790479-131790517:-,False,"            5'- GGGCGGGGTGCGGTTGGCGGCGGCGGCTGGGCCGGGGGCTGCCGGCTG -3'
       rG4seq-K ------------------------------------**----------",SH3GLB2|ENSG00000148341.17_3,ENST00000372554.8_2;ENST00000372559.5_2;ENST00000372564.7_2;ENST00000416629.5_1;ENST00000455407.5_1;ENST00000483980.5_1,5UTR
chr9,131938987,131938990,canonical/G3L1-7,76,-,chr9:131938990-131939023:-,False,"            5'- GGGCCACTCGGGGCTGAGCTGGGGGCGAGCGGGGGCAGGCGGC -3'
       rG4seq-K ---------------------------------***-------",IER5L|ENSG00000188483.7_2,ENST00000372491.3_1,3UTR
chr9,132500900,132500903,bulges,44,-,chr9:132500900-132500923:-,False,"            5'- GGCTCAGGTGTGGGTGGGAGGGGCCCACAGGAA -3'
       rG4seq-K --------------------***----------",AL590369.1|ENSG00000255824.1;PTGES|ENSG00000148344.10_2,ENST00000340607.4_1;ENST00000435588.2;ENST00000481476.1_1,3UTR;non_coding
chr9,134452453,134452455,canonical/G3L1-7,15,-,chr9:134452454-134452477:-,False,"            5'- GGGGGGCCCGGGCGGGTTGTGGGAATCAGTCTT -3'
       rG4seq-K ----------------------**---------",RAPGEF1|ENSG00000107263.18_3,ENST00000372189.7_1;ENST00000372190.7_1;ENST00000372195.5_3,3UTR
chr9,135138358,135138360,canonical/G3L1-7,26,-,chr9:135138359-135138378:-,False,"            5'- GGGACAAGGGAGGGGTGGGCTGCCTGATT -3'
       rG4seq-K ------------------**---------",SETX|ENSG00000107290.13_4,ENST00000224140.5_2;ENST00000436441.5_4;ENST00000477049.1_1,3UTR
chr9,135973239,135973242,bulges,21,-,chr9:135973238-135973270:-,False,"            5'- GAGGAAGGAGGATTTGGGGTGGGGGTGGGGTGATTGAATATT -3'
       rG4seq-K ----------------------------***-----------",RALGDS|ENSG00000160271.15_5,ENST00000372047.7_1;ENST00000372050.7_1;ENST00000393157.8_2;ENST00000393160.7_1;ENST00000469972.5_1;ENST00000482648.5_1;ENST00000493438.5_2,3UTR
chr9,136198377,136198378,longloop,52,-,chr9:136198378-136198408:-,False,"            5'- GGGTCAGGGAGGAGGAACGGTGGGGGTGGGCAGTCACTGC -3'
       rG4seq-K ------------------------------*---------",SURF6|ENSG00000148296.6_2,ENST00000372022.5_1,3UTR
chr9,136209858,136209860,bulges,40,-,chr9:136209859-136209883:-,False,"            5'- GGGTGGCTGAGAGGGGTCCTGGGGTGTTTCAGAC -3'
       rG4seq-K -----------------------**---------",MED22|ENSG00000148297.15_4,ENST00000343730.9_2;ENST00000610672.4_2;ENST00000610888.4_2;ENST00000614493.4_2,3UTR
chr9,136228498,136228500,bulges,841,-,chr9:136228499-136228519:-,False,"            5'- GGGAGGGGAGGATAAGTGGGATCTACCAAT -3'
       rG4seq-K -------------------**---------",SURF4|ENSG00000148248.13_2,ENST00000371989.7_1;ENST00000545297.5_1;ENST00000613129.4_1;ENST00000618229.4_1,3UTR
chr9,136627716,136627717,longloop,46,-,chr9:136627716-136627749:-,False,"            5'- GGGAAATGAGGGGAGGTGGAGGCAGGGCAGGGGAAGCGAAGAG -3'
       rG4seq-K --------------------------------*----------",AL590710.1|ENSG00000256225.1;VAV2|ENSG00000160293.16_4,ENST00000343203.4;ENST00000371850.7_4;ENST00000371851.1_2;ENST00000406606.7_4,3UTR;non_coding
chr9,136627764,136627766,canonical/G3L1-7,22,-,"chr9:136627771-136627796:-,chr9:136627765-136627769:-",True,"            5'- GGGGATGGGGAGCGGCAGGGGGAGAGGGGCCCTCGACAA -3'
       rG4seq-K ----------------------------**---------",AL590710.1|ENSG00000256225.1;VAV2|ENSG00000160293.16_4,ENST00000343203.4;ENST00000371850.7_4;ENST00000371851.1_2;ENST00000406606.7_4,3UTR;non_coding
chr9,136898109,136898110,bulges,19,-,chr9:136898110-136898128:-,False,"            5'- GGGGGGTGGTCGGGTGGGATGTGCGTTC -3'
       rG4seq-K ------------------*---------",BRD3|ENSG00000169925.16_5,ENST00000303407.11_5,3UTR
chr9,139006581,139006583,canonical/G3L1-7,17,-,chr9:139006580-139006601:-,False,"            5'- GGGACGGGAGGCGGGAGGGGGCTGGTGGTGC -3'
       rG4seq-K ------------------**-----------",TMEM250|ENSG00000238227.7_6,ENST00000418388.5_1;ENST00000557985.2_1;ENST00000561457.2_1,3UTR
chr9,139622427,139622430,potential G-quadruplex & G>=40%,120,-,chr9:139622427-139622487:-,False,"            5'- CGGGGTGGGGGCAGGCTCCGACCTGGGGCGTCCTGGCCGCGCGAGCCGCGGGATGGGGGCCCGGGCCGCG -3'
       rG4seq-K ---------------------------------------------------------*-*----------",SNHG7|ENSG00000233016.6_4,ENST00000414282.5_1;ENST00000416970.5_1;ENST00000447221.1_1,non_coding
chr9,139622477,139622478,longloop,89,-,chr9:139622476-139622507:-,False,"            5'- GGGCTGCTGGCCTCCGGGTGCGGGGTGGGGGCAGGCTCCGA -3'
       rG4seq-K -----------------------------*-----------",SNHG7|ENSG00000233016.6_4,ENST00000414282.5_1;ENST00000416970.5_1;ENST00000447221.1_1,non_coding
chr9,139756836,139756838,bulges,69,-,chr9:139756837-139756861:-,False,"            5'- GGGGCAGCGTTGGGGGGAGGAGGGAGCTGGTGCT -3'
       rG4seq-K -----------------------**---------",EDF1|ENSG00000107223.12_3,ENST00000224073.5_1;ENST00000371649.5_1,3UTR
chr9,139838546,139838547,longloop,50,-,chr9:139838547-139838581:-,False,"            5'- GGGCAGCCGTTGGTGGGTTTCAGGGCCGCCTGGGCAGAATGTCA -3'
       rG4seq-K ----------------------------------*---------",FBXW5|ENSG00000159069.13_3,ENST00000325285.7_2;ENST00000428398.5_2;ENST00000443788.1_3;ENST00000459905.5_1;ENST00000480818.3_1;ENST00000483559.5_1;ENST00000491246.4_1,5UTR
chr9,139937596,139937597,canonical/G3L1-7,14,-,chr9:139937596-139937624:-,False,"            5'- GGGGGGTGACGGGGGCGGGTGGCTGGGGCAGCGCTGCC -3'
       rG4seq-K ---------------------------*----------",NPDC1|ENSG00000107281.9_3,ENST00000371600.7_1;ENST00000371601.4_1;ENST00000485589.1_1;ENST00000488145.1_1,CDS
chr9,139937728,139937730,canonical/G3L1-7,38,-,chr9:139937729-139937748:-,False,"            5'- GGGGAGGGGTGGGGCAGGGTAGTTCTGAT -3'
       rG4seq-K ------------------**---------",NPDC1|ENSG00000107281.9_3,ENST00000371600.7_1;ENST00000371601.4_1;ENST00000485589.1_1;ENST00000488145.1_1,CDS
chr9,139958561,139958563,two-quartet,26,-,chr9:139958562-139958585:-,False,"            5'- GGGGGGTGCCTGCCTGGCTGGGGAGCCCCAGGG -3'
       rG4seq-K ----------------------**---------",SAPCD2|ENSG00000186193.8_2,ENST00000409687.4_1,3UTR
chr9,140082953,140082955,bulges,39,-,chr9:140082956-140082995:-,False,"            5'- GGTGGGTGCAGATGGCGGCGGCAGTTGTGGTGGCGGAGGGGGACAGCGA -3'
       rG4seq-K ----------------------------------------**-------",ANAPC2|ENSG00000176248.8_2,ENST00000323927.2_1;ENST00000618649.1_1,5UTR;CDS
chr9,140086337,140086340,canonical/G3L1-7,17,-,chr9:140086338-140086364:-,False,"            5'- GGGTCCAAGGGGGAAGTGGGGTGGGGAACTGCCTGT -3'
       rG4seq-K ------------------------*-*---------",TPRN|ENSG00000176058.12_4,ENST00000333046.8_4;ENST00000409012.5_2;ENST00000477345.1_1,3UTR
chr9,140087024,140087025,bulges,23,-,chr9:140087025-140087063:-,False,"            5'- GGTGGACCAGCAGGAGGAGGAGGAGGAGGAGGAGGAGGAAGAGGAAGA -3'
       rG4seq-K --------------------------------------*---------",TPRN|ENSG00000176058.12_4,ENST00000333046.8_4;ENST00000409012.5_2;ENST00000477345.1_1,CDS
chr9,140195061,140195063,canonical/G3L1-7,110,-,chr9:140195062-140195088:-,False,"            5'- GGGTGGCGGGGACACGGGGGGGTGGGTGAAGGTTCG -3'
       rG4seq-K -------------------------**---------",NRARP|ENSG00000198435.3_3,ENST00000356628.3_1,3UTR
chr9,140342738,140342740,canonical/G3L1-7,14,-,chr9:140342737-140342756:-,False,"            5'- GGGAGGGCTGGGGCGGGGGCCGGGCTTGG -3'
       rG4seq-K ----------------**-----------",NSMF|ENSG00000165802.22_5,ENST00000265663.12_3;ENST00000371472.6_3;ENST00000371473.7_3;ENST00000371474.7_3;ENST00000371475.8_3;ENST00000371482.5_2;ENST00000437259.5_3,3UTR
chr9,140476703,140476705,canonical/G3L1-7,183,-,chr9:140476704-140476726:-,False,"            5'- GGGGGGGAGGCAATGGGAAGGGTAGAAATTAC -3'
       rG4seq-K ---------------------**---------",ZMYND19|ENSG00000165724.5_2,ENST00000298585.2_1,3UTR
chrM,15952,15953,Unknown,184,+,chrM:15893-15953:+,False,"            5'- GTAGTATAAACTAATACACCAGTCTTGTAAACCGGAGATGAAAACCTTTTTCCAAGGACAAATCAGAGAA -3'
       rG4seq-K -----------------------------------------------------------*----------",MT-TT|ENSG00000210195.2,ENST00000387460.2,non_coding
chrX,11129498,11129499,bulges,33,+,chrX:11129469-11129500:+,False,"            5'- GAGGAAGGCGGCGGCGGCGGCGGCGGCGGCGTGAAGTCACT -3'
       rG4seq-K -----------------------------*-----------",HCCS|ENSG00000004961.14_2,ENST00000321143.8_1;ENST00000380762.4_1;ENST00000380763.7_1,5UTR
chrX,12995188,12995190,bulges,2357,+,chrX:12995167-12995189:+,False,"            5'- GGGGTGGAAGAAGTGGGGTGGGACGACAGTGA -3'
       rG4seq-K ---------------------**---------",TMSB4X|ENSG00000205542.10_2,ENST00000380633.1_1;ENST00000380635.5_1;ENST00000380636.1_1;ENST00000451311.6_1,3UTR
chrX,17751964,17751966,canonical/G3L1-7,16,+,chrX:17751946-17751965:+,False,"            5'- GGGGAGGGTGGAGGGTGGGAGAGGAAATG -3'
       rG4seq-K ------------------**---------",NHS|ENSG00000188158.15_5,ENST00000380060.7_3;ENST00000398097.7_3;ENST00000615422.1_2;ENST00000617601.4_2,3UTR
chrX,21857894,21857895,two-quartet,53,+,chrX:21857869-21857894:+,False,"            5'- GGTGGTGGTGGTGGTGGGTGGCTGGACTGTCGTCT -3'
       rG4seq-K -------------------------*---------",MBTPS2|ENSG00000012174.11_3,ENST00000365779.2_1;ENST00000379484.9_1;ENST00000465888.1_1,CDS
chrX,24095290,24095291,G>=40%,206,+,chrX:24095231-24095291:+,False,"            5'- TCACCCAGGCTGGAGTGCAGTGGCGTGATCTGCAACCTCTGCCCCCCGGGTTCAAGCGATTCTCCTGCCT -3'
       rG4seq-K -----------------------------------------------------------*----------",EIF2S3|ENSG00000130741.10_2,ENST00000253039.8_1;ENST00000457332.1_1,3UTR
chrX,38664897,38664900,two-quartet,43,+,chrX:38664884-38664899:+,False,"            5'- GGAGGCGCGGTGGGGCTGCGTGGAG -3'
       rG4seq-K -------------***---------",MID1IP1|ENSG00000165175.15_3,ENST00000336949.6_1;ENST00000378474.3_1;ENST00000457894.4_2;ENST00000614558.2_2,3UTR
chrX,38664914,38664917,bulges,111,+,chrX:38664884-38664913:+,False,"            5'- GGAGGCGCGGTGGGGCTGCGTGGAGGAGGGGGCCACGTG -3'
       rG4seq-K ------------------------------***------",MID1IP1|ENSG00000165175.15_3,ENST00000336949.6_1;ENST00000378474.3_1;ENST00000457894.4_2;ENST00000614558.2_2,3UTR
chrX,47030595,47030596,bulges,28,+,chrX:47030560-47030597:+,False,"            5'- GGAGGAGGAGGAGGAGGAGGAGGATGAGGAGGAGGAGGAGAAGGCCA -3'
       rG4seq-K -----------------------------------*-----------",RBM10|ENSG00000182872.15_4,ENST00000329236.8_1;ENST00000345781.10_3;ENST00000377604.7_1;ENST00000628161.2_3,CDS
chrX,47030598,47030599,bulges,71,+,chrX:47030560-47030600:+,False,"            5'- GGAGGAGGAGGAGGAGGAGGAGGATGAGGAGGAGGAGGAGAAGGCCAGTA -3'
       rG4seq-K --------------------------------------*-----------",RBM10|ENSG00000182872.15_4,ENST00000329236.8_1;ENST00000345781.10_3;ENST00000377604.7_1;ENST00000628161.2_3,CDS
chrX,47063009,47063011,canonical/G3L1-7,259,+,chrX:47062990-47063010:+,False,"            5'- GGGCTGGGCTGCGGGGAGGGTGGAGAAATC -3'
       rG4seq-K -------------------**---------",UBA1|ENSG00000130985.16_4,ENST00000335972.10_1;ENST00000377351.8_1;ENST00000490869.1_1,CDS
chrX,47063013,47063014,bulges,498,+,chrX:47062990-47063015:+,False,"            5'- GGGCTGGGCTGCGGGGAGGGTGGAGAAATCATCGT -3'
       rG4seq-K -----------------------*-----------",UBA1|ENSG00000130985.16_4,ENST00000335972.10_1;ENST00000377351.8_1;ENST00000490869.1_1,CDS
chrX,47089216,47089218,canonical/G3L1-7,37,+,chrX:47089194-47089217:+,False,"            5'- GGGGAGGGTGAGGCAGGGCAGGGACAGTCTCCA -3'
       rG4seq-K ----------------------**---------",CDK16|ENSG00000102225.15_5,ENST00000276052.10_1;ENST00000357227.8_2;ENST00000457458.6_2;ENST00000622098.4_1,3UTR
chrX,47089313,47089314,canonical/G3L1-7,18,+,chrX:47089291-47089313:+,False,"            5'- GGGGTGGGAGGGCAGGGGTGGGAGCCCTCCTA -3'
       rG4seq-K ----------------------*---------",CDK16|ENSG00000102225.15_5,ENST00000276052.10_1;ENST00000357227.8_2;ENST00000457458.6_2;ENST00000622098.4_1,3UTR
chrX,47089342,47089343,longloop,46,+,chrX:47089310-47089342:+,False,"            5'- GGGAGCCCTCCTAGTGGGTTTGGGGGGTTGGGTTCCTGAATG -3'
       rG4seq-K --------------------------------*---------",CDK16|ENSG00000102225.15_5,ENST00000276052.10_1;ENST00000357227.8_2;ENST00000457458.6_2;ENST00000622098.4_1,3UTR
chrX,47424571,47424573,canonical/G3L1-7,17,+,chrX:47424551-47424572:+,False,"            5'- GGGGTGGGTGGGGGGATGGGGAGCACAGAGG -3'
       rG4seq-K --------------------**---------",ARAF|ENSG00000078061.12_2,ENST00000290277.10_1;ENST00000377039.2_1;ENST00000377045.8_1;ENST00000489496.1_1,non_coding
chrX,48379102,48379104,longloop,44,+,chrX:48379064-48379102:+,False,"            5'- GGGTGGTGCCTGCTGGGGCCTAGAGGGGGATGCTTGGGGAAACAGAGA -3'
       rG4seq-K --------------------------------------**--------",PORCN|ENSG00000102312.21_4,ENST00000326194.10_2;ENST00000355961.8_2;ENST00000359882.8_2;ENST00000361988.7_1;ENST00000472520.5_1;ENST00000485288.6_1;ENST00000491243.5_1,3UTR
chrX,48379117,48379118,longloop,88,+,chrX:48379079-48379117:+,False,"            5'- GGGCCTAGAGGGGGATGCTTGGGGAAACAGAGAAGGGGAGATCCAGGG -3'
       rG4seq-K --------------------------------------*---------",PORCN|ENSG00000102312.21_4,ENST00000326194.10_2;ENST00000355961.8_2;ENST00000359882.8_2;ENST00000361988.7_1;ENST00000472520.5_1;ENST00000485288.6_1;ENST00000491243.5_1,3UTR
chrX,48434917,48434918,bulges,187,+,"chrX:48434804-48434807:+,chrX:48434895-48434918:+",True,"            5'- GAGGTGGTGGGGACCAGGGCTATGGGAGTGGCAGGT -3'
       rG4seq-K -------------------------*----------",RBM3|ENSG00000102317.17_2,ENST00000354480.2_1;ENST00000376755.1_1;ENST00000376759.7_1;ENST00000466764.5_1;ENST00000472897.5_1;ENST00000488216.5_1;ENST00000489344.5_1;ENST00000490127.5_1,CDS
chrX,48456226,48456227,longloop,40,+,chrX:48456185-48456226:+,False,"            5'- GGGCAGGGCTGGGGTGATGACCATGGTAACACCCGGGGGGGAGTTCGTGAC -3'
       rG4seq-K -----------------------------------------*---------",WDR13|ENSG00000101940.17_2,ENST00000218056.9_1;ENST00000376729.9_1;ENST00000470124.1_1;ENST00000472440.1_1;ENST00000479279.5_1;ENST00000486125.5_1;ENST00000492715.1_1;ENST00000498631.5_1,5UTR
chrX,54835631,54835632,two-quartet,120,+,chrX:54835607-54835633:+,False,"            5'- GGAGTCGTTGGGGGTGGTGGAGGGGGTTGGAATTGG -3'
       rG4seq-K ------------------------*-----------",MAGED2|ENSG00000102316.16_2,ENST00000218439.8_1;ENST00000347546.8_1;ENST00000375053.6_1;ENST00000375058.5_1;ENST00000375060.5_1;ENST00000375068.5_1;ENST00000396224.1_1;ENST00000463787.5_1;ENST00000485483.1_1;ENST00000497484.1_1;ENST00000627068.2_1,5UTR
chrX,54835644,54835646,bulges,247,+,chrX:54835616-54835645:+,False,"            5'- GGGGGTGGTGGAGGGGGTTGGAATTGGGGACCTACGGAA -3'
       rG4seq-K ----------------------------**---------",MAGED2|ENSG00000102316.16_2,ENST00000218439.8_1;ENST00000347546.8_1;ENST00000375053.6_1;ENST00000375058.5_1;ENST00000375060.5_1;ENST00000375068.5_1;ENST00000396224.1_1;ENST00000463787.5_1;ENST00000485483.1_1;ENST00000497484.1_1;ENST00000627068.2_1,5UTR
chrX,54842170,54842172,canonical/G3L1-7,48,+,chrX:54842143-54842171:+,False,"            5'- GGGGACATCTGGGGCTTATGGGGCTGGGATGAGGAGCT -3'
       rG4seq-K ---------------------------**---------",MAGED2|ENSG00000102316.16_2,ENST00000347546.8_1;ENST00000375058.5_1;ENST00000375060.5_1;ENST00000375068.5_1,3UTR
chrX,66764956,66764958,two-quartet,14,+,chrX:66764939-66764957:+,False,"            5'- GGGGAGGCGGGGTAAGGGAAGTAGGTGG -3'
       rG4seq-K -----------------**---------",AR|ENSG00000169083.16_3,ENST00000374690.8_3;ENST00000396044.7_1;ENST00000504326.5_1;ENST00000513847.5_1;ENST00000514029.5_1;ENST00000612010.4_1;ENST00000612452.4_2;ENST00000613054.2_1,5UTR
chrX,67752914,67752915,potential G-triplex & G>=40%,274,+,chrX:67752855-67752915:+,False,"            5'- AGTGTTCTGATGGCTGATTAATAGAACAGCTAGATACTTAGAGCATGACGTGGGATGGGATGAGTTTACA -3'
       rG4seq-K -----------------------------------------------------------*----------",YIPF6|ENSG00000181704.11_2,ENST00000374622.3_1;ENST00000462683.5_1,3UTR
chrX,67752987,67752988,potential G-triplex & G>=40%,284,+,chrX:67752928-67752988:+,False,"            5'- GCTGCCTTTTCATGGTGAGCTTAGCAGTTTTCTCATTAGATGTGTTTTTTTGGGTTGGGGAATAGCAATT -3'
       rG4seq-K -----------------------------------------------------------*----------",YIPF6|ENSG00000181704.11_2,ENST00000374622.3_1;ENST00000462683.5_1,3UTR
chrX,67753873,67753875,potential G-quadruplex & G>=40%,93,+,chrX:67753815-67753875:+,False,"            5'- TCAGAAATTCCTAAGGCCACAGCTTTGGGGGGTTCGTGTAGATGTACATGGTGGGTGGGTTATAAATATT -3'
       rG4seq-K ----------------------------------------------------------**----------",YIPF6|ENSG00000181704.11_2,ENST00000374622.3_1;ENST00000462683.5_1,3UTR
chrX,67755032,67755033,potential G-quadruplex & G>=40%,24,+,chrX:67754973-67755033:+,False,"            5'- ATGAGTTGATTTTCATATTTTCATTTTGGTGGGGTTTTCCTGTTGTTGGGCAAGGTGGGGTCACAGGACA -3'
       rG4seq-K -----------------------------------------------------------*----------",YIPF6|ENSG00000181704.11_2,ENST00000374622.3_1;ENST00000462683.5_1,3UTR
chrX,69724277,69724278,longloop,24,+,chrX:69724252-69724277:+,False,"            5'- GGGAGGGCGTGGGCAAAGCAGTGGGAAGAACATCC -3'
       rG4seq-K -------------------------*---------",DLG3|ENSG00000082458.11_3,ENST00000194900.8_2;ENST00000374355.7_1;ENST00000374360.7_2;ENST00000542398.1_1,3UTR
chrX,70322142,70322143,canonical/G3L1-7,17,+,chrX:70322120-70322142:+,False,"            5'- GGGAGATGGGAGGGGAAAGGGGAGAGGGTTTT -3'
       rG4seq-K ----------------------*---------",FOXO4|ENSG00000184481.16_2,ENST00000374259.7_1,3UTR
chrX,70322148,70322149,canonical/G3L1-7,42,+,chrX:70322127-70322148:+,False,"            5'- GGGAGGGGAAAGGGGAGAGGGTTTTTCTCAC -3'
       rG4seq-K ---------------------*---------",FOXO4|ENSG00000184481.16_2,ENST00000374259.7_1,3UTR
chrX,70322410,70322411,bulges,17,+,chrX:70322389-70322412:+,False,"            5'- GCGGTGGGTGGGCTGTTTAGGGGATCTGGAAGG -3'
       rG4seq-K ---------------------*-----------",FOXO4|ENSG00000184481.16_2,ENST00000374259.7_1,3UTR
chrX,70322669,70322671,bulges,16,+,chrX:70322649-70322670:+,False,"            5'- GGGAAGTGGGGAGAGGTGGGGAGTAATAGTA -3'
       rG4seq-K --------------------**---------",FOXO4|ENSG00000184481.16_2,ENST00000374259.7_1,3UTR
chrX,70322919,70322922,canonical/G3L1-7,11,+,chrX:70322902-70322921:+,False,"            5'- GGGAAGGGACTGGGAGGGGAGAGAAGAGA -3'
       rG4seq-K -----------------***---------",FOXO4|ENSG00000184481.16_2,ENST00000374259.7_1,3UTR
chrX,70520087,70520090,bulges,757,+,chrX:70520066-70520092:+,False,"            5'- GGAGGCAGAGGGCAAGGGAGGGGTGGTATTAAACAA -3'
       rG4seq-K ---------------------***------------",NONO|ENSG00000147140.15_4,ENST00000276079.12_1;ENST00000373841.5_1;ENST00000373856.7_1;ENST00000472185.1_1;ENST00000473525.1_1;ENST00000474431.5_1;ENST00000490044.5_1;ENST00000535149.5_1,3UTR
chrX,70685742,70685743,two-quartet,45,+,chrX:70685720-70685744:+,False,"            5'- GGAATGGGATTGGAGGGGAGGGGGCTTCTGTGTT -3'
       rG4seq-K ----------------------*-----------",TAF1|ENSG00000147133.15_2,ENST00000373775.8_1;ENST00000373790.8_1;ENST00000423759.5_1;ENST00000437147.7_1;ENST00000461764.5_1;ENST00000462588.5_1;ENST00000467309.5_1;ENST00000468167.5_1;ENST00000482544.5_1;ENST00000485087.5_1,3UTR
chrX,70685773,70685774,potential G-quadruplex & G>=40%,61,+,chrX:70685714-70685774:+,False,"            5'- CCCCCAGGAATGGGATTGGAGGGGAGGGGGCTTCTGTGTTTGTTATGTATGCTGGGTGGGATATTGTGCT -3'
       rG4seq-K -----------------------------------------------------------*----------",TAF1|ENSG00000147133.15_2,ENST00000373775.8_1;ENST00000373790.8_1;ENST00000423759.5_1;ENST00000437147.7_1;ENST00000461764.5_1;ENST00000462588.5_1;ENST00000467309.5_1;ENST00000468167.5_1;ENST00000482544.5_1;ENST00000485087.5_1,3UTR
chrX,77359722,77359724,longloop,46,+,chrX:77359693-77359723:+,False,"            5'- GGGAGGCGGGGTGTGGGGCGGTAGTGTGGGCCCTGTTCCT -3'
       rG4seq-K -----------------------------**---------",PGK1|ENSG00000102144.14_3,ENST00000373316.4_1;ENST00000477335.5_1;ENST00000491291.1_1;ENST00000644362.1_1,5UTR
chrX,84345377,84345379,bulges,23,+,chrX:84345351-84345378:+,False,"            5'- GAGGAAGGCAAGGGGTAAGGGGTTGGGAACAGGTGCT -3'
       rG4seq-K --------------------------**---------",APOOL|ENSG00000155008.13_3,ENST00000613473.1_1;ENST00000622540.4_2,3UTR
chrX,100667700,100667702,bulges,1807,+,chrX:100667668-100667701:+,False,"            5'- GAGGCGTGGTGCCTATGGTGGAGGGTATGGAGGCTATGATGAC -3'
       rG4seq-K --------------------------------**---------",HNRNPH2|ENSG00000126945.8_3,ENST00000316594.5_1,CDS
chrX,100668177,100668179,bulges,306,+,chrX:100668152-100668178:+,False,"            5'- GGTAGCCAAATGATGGGAGGGATGGGCTTATCCAAC -3'
       rG4seq-K -------------------------**---------",HNRNPH2|ENSG00000126945.8_3,ENST00000316594.5_1,CDS
chrX,100880108,100880109,two-quartet,75,+,chrX:100880082-100880108:+,False,"            5'- GGCTGAGGGTGGATCTGGGGATGTGGATGATGCTGG -3'
       rG4seq-K --------------------------*---------",ARMCX3|ENSG00000102401.19_4,ENST00000341189.8_1;ENST00000471229.6_1;ENST00000479298.5_1;ENST00000491568.6_2;ENST00000537169.1_1,CDS
chrX,100880119,100880121,bulges,76,+,chrX:100880088-100880120:+,False,"            5'- GGGTGGATCTGGGGATGTGGATGATGCTGGGGACTGTTCTGG -3'
       rG4seq-K -------------------------------**---------",ARMCX3|ENSG00000102401.19_4,ENST00000341189.8_1;ENST00000471229.6_1;ENST00000479298.5_1;ENST00000491568.6_2;ENST00000537169.1_1,CDS
chrX,102631357,102631359,bulges,14,+,chrX:102631332-102631360:+,False,"            5'- GGCGGTGGCGGGTGGGGGGAAGGGGGAGATCCTGCTGC -3'
       rG4seq-K -------------------------**-----------",BEX3|ENSG00000166681.13_4,ENST00000361298.8_3;ENST00000372635.1_3;ENST00000372645.3_3,5UTR
chrX,102841841,102841843,potential G-quadruplex & G>=40%,254,+,chrX:102841783-102841843:+,False,"            5'- GATAAAGGAAAGCCAGAGAGTGAGGGAGAGGCAAAAGAAGGAAAGTCAGAGAGGGAGGGAGAGTCAGAGA -3'
       rG4seq-K ----------------------------------------------------------**----------",TCEAL4|ENSG00000133142.17_3,ENST00000372629.4_1;ENST00000415568.2_1;ENST00000459722.1_3;ENST00000468024.5_1;ENST00000469586.1_3;ENST00000472484.5_1;ENST00000472745.1_1;ENST00000490644.5_2;ENST00000494801.5_1;ENST00000613326.4_1,CDS
chrX,102841859,102841861,bulges,404,+,chrX:102841835-102841860:+,False,"            5'- GGGAGGGAGAGTCAGAGATGGAGGGAGGATCAGAG -3'
       rG4seq-K ------------------------**---------",TCEAL4|ENSG00000133142.17_3,ENST00000372629.4_1;ENST00000415568.2_1;ENST00000459722.1_3;ENST00000468024.5_1;ENST00000469586.1_3;ENST00000472484.5_1;ENST00000472745.1_1;ENST00000494801.5_1;ENST00000613326.4_1,CDS
chrX,102841863,102841864,potential G-quadruplex & G>=40%,560,+,chrX:102841804-102841864:+,False,"            5'- GAGGGAGAGGCAAAAGAAGGAAAGTCAGAGAGGGAGGGAGAGTCAGAGATGGAGGGAGGATCAGAGAGAG -3'
       rG4seq-K -----------------------------------------------------------*----------",TCEAL4|ENSG00000133142.17_3,ENST00000372629.4_1;ENST00000415568.2_1;ENST00000459722.1_3;ENST00000468024.5_1;ENST00000469586.1_3;ENST00000472484.5_1;ENST00000472745.1_1;ENST00000490644.5_2;ENST00000494801.5_1;ENST00000613326.4_1,CDS
chrX,103435017,103435019,two-quartet,59,+,chrX:103435004-103435018:+,False,"            5'- GGTGTGGGGGTGGGCAAGGTGTGG -3'
       rG4seq-K -------------**---------",FAM199X|ENSG00000123575.8_2,ENST00000299906.5_1;ENST00000493442.1_1,3UTR
chrX,103435028,103435029,bulges,101,+,chrX:103435002-103435028:+,False,"            5'- GAGGTGTGGGGGTGGGCAAGGTGTGGATTGCTGTTT -3'
       rG4seq-K --------------------------*---------",FAM199X|ENSG00000123575.8_2,ENST00000299906.5_1;ENST00000493442.1_1,3UTR
chrX,103439007,103439009,bulges,86,+,chrX:103438981-103439011:+,False,"            5'- GTGGTGAGGGATGGGGGTGAAAAAGGGGAGACTTGCTCTA -3'
       rG4seq-K --------------------------**------------",FAM199X|ENSG00000123575.8_2,ENST00000493442.1_1,3UTR
chrX,106045943,106045947,canonical/G3L1-7,11,+,chrX:106045922-106045945:+,False,"            5'- GGGAGAGAAGGGAGGGTTGGGGGAAGTGTGGAA -3'
       rG4seq-K ---------------------****--------",TBC1D8B|ENSG00000133138.19_4,ENST00000310452.6_1;ENST00000357242.9_2;ENST00000481617.6_1,5UTR
chrX,106893792,106893793,bulges,24,+,chrX:106893775-106893795:+,False,"            5'- GGGTGGGGGGTGGGGGGTGGTTGAGGGGGG -3'
       rG4seq-K -----------------*------------",PRPS1|ENSG00000147224.11_3,ENST00000372428.8_1;ENST00000372435.9_2;ENST00000643795.1_1;ENST00000644642.1_1,3UTR
chrX,106893802,106893806,canonical/G3L1-7,107,+,chrX:106893775-106893802:+,False,"            5'- GGGTGGGGGGTGGGGGGTGGTTGAGGGGGGAGGCAGC -3'
       rG4seq-K ---------------------------**-*------",PRPS1|ENSG00000147224.11_3,ENST00000372428.8_1;ENST00000372435.9_2;ENST00000643795.1_1;ENST00000644642.1_1,3UTR
chrX,107683158,107683161,bulges,55,+,chrX:107683134-107683160:+,False,"            5'- GACCGGCTTTGGGGAGGGGAGGGGGGAAGGAAGAGT -3'
       rG4seq-K ------------------------***---------",COL4A5|ENSG00000188153.13_5,ENST00000328300.10_3;ENST00000361603.7_3;ENST00000477429.1_1;ENST00000642185.1_1,5UTR
chrX,109418307,109418308,canonical/G3L1-7,14,+,chrX:109418282-109418307:+,False,"            5'- GGGCTTGGGGAGCAGGAGGGGAGGGCACCAAGTGC -3'
       rG4seq-K -------------------------*---------",TMEM164|ENSG00000157600.11_3,ENST00000288381.4_1;ENST00000372068.6_2;ENST00000372072.7_2;ENST00000372073.5_2;ENST00000464177.1_1,3UTR
chrX,109420095,109420096,two-quartet,20,+,chrX:109420079-109420098:+,False,"            5'- GGGGAGGTAGGGGAGGAGGAAAAAAGGAC -3'
       rG4seq-K ----------------*------------",TMEM164|ENSG00000157600.11_3,ENST00000288381.4_1;ENST00000372068.6_2;ENST00000372072.7_2;ENST00000372073.5_2;ENST00000464177.1_1,3UTR
chrX,117861673,117861675,bulges,32,+,chrX:117861652-117861677:+,False,"            5'- GGCGGCGGGGGCGGGGGCGGGGGCGCCGCGCCTAC -3'
       rG4seq-K ---------------------**------------",IL13RA1|ENSG00000131724.10_4,ENST00000371642.1_1;ENST00000371666.7_1,CDS
chrX,123041837,123041840,canonical/G3L1-7,33,+,chrX:123041808-123041838:+,False,"            5'- GGGGGGGATTGGGGGAGGGGCCCCAGAGGGGTTTTATAGG -3'
       rG4seq-K -----------------------------***--------",XIAP|ENSG00000101966.12_3,ENST00000355640.3_1;ENST00000371199.7_1;ENST00000434753.7_1,3UTR
chrX,123041850,123041851,longloop,65,+,chrX:123041818-123041850:+,False,"            5'- GGGGGAGGGGCCCCAGAGGGGTTTTATAGGGGCCTTTTCACT -3'
       rG4seq-K --------------------------------*---------",XIAP|ENSG00000101966.12_3,ENST00000355640.3_1;ENST00000371199.7_1;ENST00000434753.7_1,3UTR
chrX,128674347,128674349,bulges,17,+,chrX:128674330-128674349:+,False,"            5'- GAGGTGGGTGGGTGTGGGGACGCGGGAGC -3'
       rG4seq-K -----------------**----------",OCRL|ENSG00000122126.16_5,ENST00000357121.5_3;ENST00000371113.8_3;ENST00000486673.1_1,5UTR
chrX,128725716,128725717,bulges,51,+,chrX:128725694-128725717:+,False,"            5'- GTTTCTTGGTGGGGGTGGGGGGGAAGGTACGTA -3'
       rG4seq-K ----------------------*----------",OCRL|ENSG00000122126.16_5,ENST00000357121.5_3;ENST00000371113.8_3;ENST00000646010.1_2;ENST00000646914.1_1;ENST00000647245.1_2,3UTR
chrX,129060057,129060059,bulges,42,+,chrX:129060036-129060058:+,False,"            5'- GGGGCGAGTGGGGTGGTGTGGGCCTAAAGCCC -3'
       rG4seq-K ---------------------**---------",UTP14A|ENSG00000156697.12_3,ENST00000394422.7_2;ENST00000425117.6_2,CDS
chrX,133562341,133562343,bulges,149,+,chrX:133562324-133562343:+,False,"            5'- GGGGGAGGGGGGCAGGGGGTGAATTTTAC -3'
       rG4seq-K -----------------**----------",PHF6|ENSG00000156531.16_3,ENST00000332070.7_1;ENST00000370803.7_2;ENST00000625464.2_2,3UTR
chrX,135127276,135127278,bulges,19,+,chrX:135127256-135127277:+,False,"            5'- GGGGAGGGAGAGTGAGGAGGGAGTGTTATTT -3'
       rG4seq-K --------------------**---------",SLC9A6|ENSG00000198689.11_4,ENST00000370695.7_3;ENST00000370698.7_1;ENST00000370701.6_3;ENST00000630721.2_2;ENST00000636092.1_2;ENST00000636206.1_1;ENST00000636347.1_2;ENST00000636625.1_1;ENST00000636798.1_1;ENST00000637195.1_2;ENST00000637234.1_2;ENST00000637581.1_2,3UTR
chrX,150156370,150156371,bulges,92,+,chrX:150156342-150156372:+,False,"            5'- GAGGAGGAGGAAGAAGAGGAGGAGGAGGAGGAGGAGGATG -3'
       rG4seq-K ----------------------------*-----------",HMGB3|ENSG00000029993.14_4,ENST00000325307.11_2;ENST00000419110.5_2;ENST00000448905.6_2;ENST00000455596.5_2,CDS
chrX,150156373,150156374,bulges,95,+,chrX:150156342-150156375:+,False,"            5'- GAGGAGGAGGAAGAAGAGGAGGAGGAGGAGGAGGAGGATGAAT -3'
       rG4seq-K -------------------------------*-----------",HMGB3|ENSG00000029993.14_4,ENST00000325307.11_2;ENST00000419110.5_2;ENST00000448905.6_2;ENST00000455596.5_2,CDS
chrX,150156376,150156377,bulges,164,+,chrX:150156344-150156379:+,False,"            5'- GGAGGAGGAAGAAGAGGAGGAGGAGGAGGAGGAGGATGAATAAAG -3'
       rG4seq-K --------------------------------*------------",HMGB3|ENSG00000029993.14_4,ENST00000325307.11_2;ENST00000419110.5_2;ENST00000448905.6_2;ENST00000455596.5_2,CDS
chrX,150156379,150156380,bulges,288,+,chrX:150156344-150156379:+,False,"            5'- GGAGGAGGAAGAAGAGGAGGAGGAGGAGGAGGAGGATGAATAAAG -3'
       rG4seq-K -----------------------------------*---------",HMGB3|ENSG00000029993.14_4,ENST00000325307.11_2;ENST00000419110.5_2;ENST00000448905.6_2;ENST00000455596.5_2,CDS
chrX,150157773,150157776,canonical/G3L1-7,20,+,chrX:150157752-150157775:+,False,"            5'- GGGATGGGGTGGTGGGGTAGGGGACGGTATCCT -3'
       rG4seq-K ---------------------***---------",HMGB3|ENSG00000029993.14_4,ENST00000325307.11_2,3UTR
chrX,150158052,150158054,potential G-quadruplex & G>=40%,26,+,chrX:150157994-150158054:+,False,"            5'- GTGTGTCAGTGGTTATATTAGTGGGTAGTGTAACATTTTATCCAGGTTGGGGTGAGGGGAGATGGCCACA -3'
       rG4seq-K ----------------------------------------------------------**----------",HMGB3|ENSG00000029993.14_4,ENST00000325307.11_2,3UTR
chrX,151999587,151999588,bulges,52,+,chrX:151999567-151999590:+,False,"            5'- GGGAGGGGAGTAAAGGGTGGCGGTCCGGGCCTG -3'
       rG4seq-K --------------------*------------",NSDHL|ENSG00000147383.10_5,ENST00000370274.7_3;ENST00000432467.1_4;ENST00000440023.5_3,5UTR
chrX,152915874,152915876,longloop,10,+,chrX:152915831-152915877:+,False,"            5'- GGGAGGGGAGGGCAGGAGGGCTCGGCCTGAGCAGGGTGCTGGGGGGAGAGCGCAAT -3'
       rG4seq-K -------------------------------------------**-----------",DUSP9|ENSG00000130829.17_2,ENST00000342782.3_1;ENST00000370167.8_1,3UTR
chrX,153664266,153664268,canonical/G3L1-7,166,+,chrX:153664249-153664267:+,False,"            5'- GGGGGGGTTGAGGGTGGGACGGTGTCCG -3'
       rG4seq-K -----------------**---------",ATP6AP1|ENSG00000071553.16_4,ENST00000369762.6_3;ENST00000455205.5_3;ENST00000491569.5_1;ENST00000619046.4_3,3UTR
chrX,153678182,153678184,bulges,12,+,chrX:153678160-153678184:+,False,"            5'- GCAGGCGGGGGGTGTGGGGAGGGGCCGAGATGGA -3'
       rG4seq-K ----------------------**----------",FAM50A|ENSG00000071859.14_2,ENST00000158526.9_1;ENST00000393600.7_1;ENST00000464419.5_1,non_coding
chrX,154351129,154351132,canonical/G3L1-7,42,+,chrX:154351104-154351131:+,False,"            5'- GGGATAGGGACTGGAGGGGGTGTGGGGTATGTATGAC -3'
       rG4seq-K -------------------------***---------",BRCC3|ENSG00000185515.14_5,ENST00000369459.6_1;ENST00000369462.5_3;ENST00000453705.1_3,3UTR
chrX,155172524,155172526,potential G-quadruplex & G>=40%,174,+,chrX:155172466-155172526:+,False,"            5'- AGAAGGGAACCACAGTGGATATGCTAGCATTTTAGCTGTGCAAAGGGAGGTAGTGTGGGAAAAGTGTTTC -3'
       rG4seq-K ----------------------------------------------------------**----------",VAMP7|ENSG00000124333.15_2,ENST00000262640.11_1;ENST00000286448.11_1,3UTR
chrX,1505244,1505246,longloop,1980,-,chrX:1505245-1505288:-,False,"            5'- GGGGTGGGAGGGAACCGTGGCGTCCCTGCGTGGGGCCCATGGGTGAGACACTC -3'
       rG4seq-K ------------------------------------------**---------",SLC25A6|ENSG00000169100.13_2,ENST00000381401.10_1,3UTR
chrX,1505252,1505254,bulges,1536,-,chrX:1505254-1505288:-,False,"            5'- GGGGTGGGAGGGAACCGTGGCGTCCCTGCGTGGGGCCCATGGGT -3'
       rG4seq-K ----------------------------------**--------",SLC25A6|ENSG00000169100.13_2,ENST00000381401.10_1,3UTR
chrX,1546725,1546726,two-quartet,35,-,chrX:1546726-1546747:-,False,"            5'- GGCCGAGGCGGGAGAGGCGGGACAGGCCACG -3'
       rG4seq-K ---------------------*---------",ASMTL|ENSG00000169093.15_3,ENST00000381317.8_2;ENST00000381333.9_2;ENST00000463763.6_1;ENST00000534940.6_1,CDS
chrX,3522559,3522561,two-quartet,13,-,chrX:3522560-3522577:-,False,"            5'- GGGGGGTCGGGGAGGGGAGTGCCTATT -3'
       rG4seq-K ----------------**---------",PRKX|ENSG00000183943.5_2,ENST00000262848.5_1,3UTR
chrX,16888425,16888427,canonical/G3L1-7,313,-,chrX:16888426-16888447:-,False,"            5'- GGGCGGGCTGGGAGGCGCGGGTTGAAAAGTC -3'
       rG4seq-K --------------------**---------",RBBP7|ENSG00000102054.17_3,ENST00000380087.6_1;ENST00000404022.5_1;ENST00000468092.1_3,5UTR
chrX,16888431,16888432,two-quartet,179,-,chrX:16888432-16888447:-,False,"            5'- GGGCGGGCTGGGAGGCGCGGGTTGA -3'
       rG4seq-K ---------------*---------",RBBP7|ENSG00000102054.17_3,ENST00000380087.6_1;ENST00000404022.5_1;ENST00000468092.1_3,5UTR
chrX,19854287,19854289,bulges,20,-,chrX:19854289-19854312:-,False,"            5'- GGAGGATGGAGGCTGGTGGGAGGGACAGATCAA -3'
       rG4seq-K -----------------------**--------",SH3KBP1|ENSG00000147010.17_3,ENST00000379697.7_1;ENST00000397821.7_1,CDS
chrX,20168449,20168450,canonical/G3L1-7,97,-,chrX:20168449-20168467:-,False,"            5'- GGGTGGGAATGGGGTGGGTGCCTACTTA -3'
       rG4seq-K -----------------*----------",RPS6KA3|ENSG00000177189.13_3,ENST00000379565.8_2;ENST00000645845.1_1,3UTR
chrX,20170081,20170083,canonical/G3L1-7,28,-,chrX:20170081-20170110:-,False,"            5'- GGGGCCAGGGGACATCATGGGAGGTGGGGCTGTCCAGTT -3'
       rG4seq-K ---------------------------**----------",RPS6KA3|ENSG00000177189.13_3,ENST00000379565.8_2;ENST00000645845.1_1,3UTR
chrX,30847183,30847184,two-quartet,30,-,chrX:30847184-30847207:-,False,"            5'- GGTGTAAAGGGTGGGGTATGCGGTATCAGATTG -3'
       rG4seq-K -----------------------*---------",TAB3|ENSG00000157625.15_3,ENST00000378930.7_2;ENST00000378933.5_2,3UTR
chrX,40487542,40487544,two-quartet,34,-,chrX:40487542-40487558:-,False,"            5'- GGGTGGAGGGCAGGGGTTTATTTGGT -3'
       rG4seq-K --------------**----------",CXorf38|ENSG00000185753.12_2,ENST00000378426.5_2,3UTR
chrX,44402107,44402110,canonical/G3L1-7,74,-,chrX:44402108-44402129:-,False,"            5'- GGGAGAGGAGGGCGGGTGGGGACCACTCCAG -3'
       rG4seq-K -------------------***---------",FUNDC1|ENSG00000069509.5_2,ENST00000378045.4_1,5UTR
chrX,47495156,47495157,bulges,59,-,chrX:47495157-47495175:-,False,"            5'- GGGAGGGAGGAATGGGGGACATAAAGCC -3'
       rG4seq-K ------------------*---------",ELK1|ENSG00000126767.17_2,ENST00000247161.7_1,3UTR
chrX,47495305,47495309,canonical/G3L1-7,116,-,chrX:47495306-47495329:-,False,"            5'- GGGAAGGAAGGGATTTGGGGGGGAATCTTCCTG -3'
       rG4seq-K --------------------****---------",ELK1|ENSG00000126767.17_2,ENST00000247161.7_1,3UTR
chrX,47495316,47495318,canonical/G3L1-7,59,-,chrX:47495317-47495338:-,False,"            5'- GGGGTGGGTGGGAAGGAAGGGATTTGGGGGG -3'
       rG4seq-K --------------------**---------",ELK1|ENSG00000126767.17_2,ENST00000247161.7_1,3UTR
chrX,47495325,47495327,two-quartet,21,-,chrX:47495326-47495341:-,False,"            5'- GGTGGGGTGGGTGGGAAGGAAGGGA -3'
       rG4seq-K --------------**---------",ELK1|ENSG00000126767.17_2,ENST00000247161.7_1,3UTR
chrX,47834361,47834363,longloop,12,-,chrX:47834362-47834391:-,False,"            5'- GGGAGGGGAAGGGGCAGTGGTGGCTGGGGGGATGGAATT -3'
       rG4seq-K ----------------------------**---------",ZNF182|ENSG00000147118.11_3,ENST00000376943.7_1;ENST00000396965.5_1,3UTR
chrX,48761953,48761955,canonical/G3L1-7,29,-,chrX:48761954-48761977:-,False,"            5'- GGGAGGGGGACTGGGGTGGAGGGTGTTGGGCAT -3'
       rG4seq-K ----------------------**---------",SLC35A2|ENSG00000102100.15_4,ENST00000247138.10_1;ENST00000376515.8_1;ENST00000376521.6_2;ENST00000376529.8_1;ENST00000413561.7_1;ENST00000445167.7_1;ENST00000452555.7_2;ENST00000616181.5_2;ENST00000635285.1_1;ENST00000635460.1_1;ENST00000635589.1_2;ENST00000635628.1_1,3UTR;CDS
chrX,48761960,48761963,canonical/G3L1-7,11,-,chrX:48761961-48761987:-,False,"            5'- GGGGACACAAGGGAGGGGGACTGGGGTGGAGGGTGT -3'
       rG4seq-K ------------------------***---------",SLC35A2|ENSG00000102100.15_4,ENST00000247138.10_1;ENST00000376515.8_1;ENST00000376521.6_2;ENST00000376529.8_1;ENST00000413561.7_1;ENST00000445167.7_1;ENST00000452555.7_2;ENST00000616181.5_2;ENST00000635285.1_1;ENST00000635460.1_1;ENST00000635589.1_2;ENST00000635628.1_1,3UTR;CDS
chrX,48770676,48770678,bulges,69,-,chrX:48770677-48770706:-,False,"            5'- GGATGGTTTTTTGGGGGATGGGCTAGGGGAAATAAGGCT -3'
       rG4seq-K ----------------------------**---------",PIM2|ENSG00000102096.9_2,ENST00000376509.4_1,3UTR
chrX,48814714,48814717,bulges,27,-,chrX:48814714-48814749:-,False,"            5'- GGCGCCGCGGCGCGGCGGAGGTGTGGGCGTGGGCGGCGGCGGCAC -3'
       rG4seq-K --------------------------------*-*----------",OTUD5|ENSG00000068308.13_4,ENST00000156084.8_2;ENST00000376488.7_2;ENST00000396743.7_2;ENST00000428668.2_1;ENST00000610466.4_1,CDS
chrX,48830229,48830231,canonical/G3L1-7,45,-,chrX:48830230-48830252:-,False,"            5'- GGGATTGGGGATGCTGGGTGGGTGTGTGGTCC -3'
       rG4seq-K ---------------------**---------",GRIPAP1|ENSG00000068400.13_3,ENST00000376423.8_2;ENST00000593475.5_2;ENST00000619149.4_1;ENST00000622599.4_1,3UTR
chrX,48830393,48830394,canonical/G3L1-7,66,-,chrX:48830394-48830418:-,False,"            5'- GGGATCCTGAGGGAAGGGGCAGGGATTTCTCCTT -3'
       rG4seq-K ------------------------*---------",GRIPAP1|ENSG00000068400.13_3,ENST00000376423.8_2;ENST00000593475.5_2;ENST00000619149.4_1;ENST00000622599.4_1,3UTR
chrX,48858642,48858643,bulges,76,-,chrX:48858643-48858660:-,False,"            5'- GGGGGGGTGGGGGGAGGAACATGGCGC -3'
       rG4seq-K -----------------*---------",GRIPAP1|ENSG00000068400.13_3,ENST00000376423.8_2;ENST00000593475.5_2;ENST00000611705.4_1;ENST00000611757.4_1;ENST00000622599.4_1,5UTR
chrX,48858645,48858646,bulges,44,-,chrX:48858643-48858660:-,False,"            5'- GGGGGGGTGGGGGGAGGAACATGGCGC -3'
       rG4seq-K --------------*------------",GRIPAP1|ENSG00000068400.13_3,ENST00000376423.8_2;ENST00000593475.5_2;ENST00000611705.4_1;ENST00000611757.4_1;ENST00000622599.4_1,5UTR
chrX,48858648,48858650,bulges,10,-,chrX:48858647-48858666:-,False,"            5'- GCTGGCGGGGGGGTGGGGGGAGGAACATG -3'
       rG4seq-K ----------------**-----------",GRIPAP1|ENSG00000068400.13_3,ENST00000376423.8_2;ENST00000611705.4_1;ENST00000611757.4_1;ENST00000622599.4_1,5UTR
chrX,48887779,48887782,bulges,32,-,chrX:48887778-48887807:-,False,"            5'- GGGGGTGGTGGGAGGACTGTCGGGGGGTGCCCTGTCCCC -3'
       rG4seq-K -------------------------***-----------",TFE3|ENSG00000068323.16_2,ENST00000315869.7_1;ENST00000493583.5_1,3UTR;CDS
chrX,48970417,48970418,longloop,154,-,chrX:48970418-48970445:-,False,"            5'- GGGACAAGGACAAGGGAAAGGGATGGGTGAACCAGTA -3'
       rG4seq-K ---------------------------*---------",GPKOW|ENSG00000068394.10_2,ENST00000156109.6_1,3UTR
chrX,53221848,53221850,canonical/G3L1-7,89,-,chrX:53221849-53221874:-,False,"            5'- GGGCAGGGGGGTGGCTGGGGCTGGGCCATCACCAT -3'
       rG4seq-K ------------------------**---------",KDM5C|ENSG00000126012.11_3,ENST00000375401.7_1;ENST00000404049.7_1;ENST00000452825.7_2,3UTR
chrX,53221864,53221866,bulges,21,-,chrX:53221864-53221889:-,False,"            5'- GATGGATGGGCTGGTGGGCAGGGGGGTGGCTGGGG -3'
       rG4seq-K -----------------------**----------",KDM5C|ENSG00000126012.11_3,ENST00000375401.7_1;ENST00000404049.7_1;ENST00000452825.7_2,3UTR
chrX,53222424,53222425,bulges,58,-,chrX:53222423-53222459:-,False,"            5'- GGCGGCGGCGGAAGGTGGATCGGGGTGGGGAGGGCGATGACCCAGC -3'
       rG4seq-K ----------------------------------*-----------",KDM5C|ENSG00000126012.11_3,ENST00000375379.7_1;ENST00000375383.7_2;ENST00000375401.7_1;ENST00000404049.7_1;ENST00000452825.7_2,CDS
chrX,53222428,53222431,bulges,25,-,chrX:53222426-53222459:-,False,"            5'- GGCGGCGGCGGAAGGTGGATCGGGGTGGGGAGGGCGATGACCC -3'
       rG4seq-K ----------------------------***------------",KDM5C|ENSG00000126012.11_3,ENST00000375379.7_1;ENST00000375383.7_2;ENST00000375401.7_1;ENST00000404049.7_1;ENST00000452825.7_2,CDS
chrX,53223764,53223765,bulges,87,-,chrX:53223765-53223788:-,False,"            5'- GGGCAGGTGCTGGCTGGGGCGGGAGCTCTGCAG -3'
       rG4seq-K -----------------------*---------",KDM5C|ENSG00000126012.11_3,ENST00000375379.7_1;ENST00000375383.7_2;ENST00000375401.7_1;ENST00000404049.7_1;ENST00000452825.7_2,CDS
chrX,53227920,53227921,two-quartet,14,-,chrX:53227921-53227936:-,False,"            5'- GGGGGGGATGGAGGGACTCCACAGG -3'
       rG4seq-K ---------------*---------",KDM5C|ENSG00000126012.11_3,ENST00000375379.7_1;ENST00000375383.7_2;ENST00000375401.7_1;ENST00000404049.7_1;ENST00000452825.7_2;ENST00000497100.5_1,non_coding
chrX,62571003,62571005,canonical/G3L1-7,12,-,chrX:62571004-62571028:-,False,"            5'- GGGGACTTGGGGTCGGGGTTGGGGCGGACGCAAG -3'
       rG4seq-K -----------------------**---------",LINC01278|ENSG00000235437.7_5;SPIN4|ENSG00000186767.6_3,ENST00000374884.2_2;ENST00000610088.5_1;ENST00000610234.5_1,5UTR;non_coding
chrX,62855034,62855036,longloop,22,-,chrX:62855035-62855067:-,False,"            5'- GGGGATGGGGTGGGCTGGGGTGGATGGATGGGCAACAGTGAC -3'
       rG4seq-K -------------------------------**---------",ARHGEF9|ENSG00000131089.15_4,ENST00000253401.10_2;ENST00000374870.8_1;ENST00000374878.5_1;ENST00000636048.1_3;ENST00000637040.1_1;ENST00000637417.1_3;ENST00000637520.1_3;ENST00000638021.1_1;ENST00000639092.1_1,3UTR
chrX,62855047,62855048,canonical/G3L1-7,10,-,chrX:62855047-62855067:-,False,"            5'- GGGGATGGGGTGGGCTGGGGTGGATGGATG -3'
       rG4seq-K -------------------*----------",ARHGEF9|ENSG00000131089.15_4,ENST00000253401.10_2;ENST00000374870.8_1;ENST00000374878.5_1;ENST00000636048.1_3;ENST00000637040.1_1;ENST00000637417.1_3;ENST00000637520.1_3;ENST00000638021.1_1;ENST00000639092.1_1,3UTR
chrX,64738012,64738013,two-quartet,326,-,chrX:64738013-64738027:-,False,"            5'- GGAGGAAGAGGAGGATGAAGATGA -3'
       rG4seq-K --------------*---------",LAS1L|ENSG00000001497.16_2,ENST00000374804.9_1;ENST00000374807.9_1;ENST00000374811.7_1;ENST00000484069.1_1,3UTR;CDS
chrX,64738045,64738046,two-quartet,249,-,chrX:64738046-64738060:-,False,"            5'- GGTAGAGGAGGAGGAAGAAAATGA -3'
       rG4seq-K --------------*---------",LAS1L|ENSG00000001497.16_2,ENST00000374804.9_1;ENST00000374807.9_1;ENST00000374811.7_1;ENST00000484069.1_1,3UTR;CDS
chrX,64749649,64749650,two-quartet,238,-,chrX:64749650-64749676:-,False,"            5'- GGAGGAGTTCAGGGAAGGGATAGAGGAAGAGGATCA -3'
       rG4seq-K --------------------------*---------",LAS1L|ENSG00000001497.16_2,ENST00000374804.9_1;ENST00000374807.9_1;ENST00000374811.7_1;ENST00000484069.1_1,CDS
chrX,70280552,70280554,two-quartet,91,-,chrX:70280553-70280575:-,False,"            5'- GGCTAACCTGGGGGGAGGGGGGCGCTTGTGCT -3'
       rG4seq-K ---------------------**---------",SNX12|ENSG00000147164.11_3,ENST00000374274.7_3;ENST00000465030.1_1;ENST00000483560.1_1;ENST00000490561.6_1;ENST00000622259.4_1;ENST00000622277.4_3,3UTR
chrX,70280619,70280623,canonical/G3L1-7,60,-,chrX:70280619-70280644:-,False,"            5'- GGGGTTGGGGTGGGTGGGTGGGGGGATTAGACTGG -3'
       rG4seq-K ---------------------****----------",SNX12|ENSG00000147164.11_3,ENST00000374274.7_3;ENST00000465030.1_1;ENST00000483560.1_1;ENST00000490561.6_1;ENST00000622259.4_1;ENST00000622277.4_3,3UTR
chrX,71497068,71497069,potential G-quadruplex & G>=40%,1240,-,chrX:71497068-71497128:-,False,"            5'- GAAAATCCGGCGCGCGCAGTCTCCAGCCCCAATTTCTACGCGCACCGGAAGACGGAGGTCCTCTTTCCTT -3'
       rG4seq-K -----------------------------------------------------------*----------",RPS4X|ENSG00000198034.10_2,ENST00000316084.9_1;ENST00000373626.4_1,5UTR
chrX,71549432,71549435,longloop,35,-,chrX:71549433-71549471:-,False,"            5'- GGGAGAGAGGGTACTGATCAGCAGACTGGGAGGTGGGGAGAAGTCCGC -3'
       rG4seq-K ------------------------------------***---------",AL133500.1|ENSG00000285547.1_1;HDAC8|ENSG00000147099.20_3,ENST00000373573.8_2;ENST00000373583.6_2;ENST00000373589.9_2;ENST00000647594.1_1;ENST00000647613.1_1;ENST00000647654.1_1;ENST00000647859.1_1;ENST00000647886.1_1;ENST00000647980.1_1;ENST00000648452.1_1;ENST00000648459.1_1;ENST00000648504.1_1;ENST00000648731.1_1;ENST00000648850.1_1;ENST00000648855.1_1;ENST00000648922.1_1;ENST00000648939.1_1;ENST00000649097.1_1;ENST00000649181.1_1;ENST00000650076.1_1;ENST00000650477.1_1;ENST00000650604.1_1,3UTR;non_coding
chrX,71799234,71799235,bulges,34,-,chrX:71799234-71799253:-,False,"            5'- GGGAATGGTGAGGGTGGGGATGAGAGACT -3'
       rG4seq-K ------------------*----------",PHKA1|ENSG00000067177.14_3,ENST00000339490.7_2;ENST00000373542.8_1;ENST00000373545.7_2;ENST00000541944.5_2,3UTR
chrX,73433135,73433136,bulges,12,-,chrX:73433134-73433160:-,False,"            5'- GGAGTGGAGGGAGGGAAGGAAGGGAGAAAATGAGAG -3'
       rG4seq-K ------------------------*-----------",FTX|ENSG00000230590.9_4;Z83843.1|ENSG00000271533.1_6,ENST00000602420.5_1;ENST00000602812.5_2;ENST00000603037.2_2;ENST00000603672.5_2;ENST00000604070.1_1;ENST00000638681.1_1;ENST00000638985.1_1;ENST00000641360.1_1,non_coding
chrX,76907769,76907770,bulges,81,-,chrX:76907770-76907810:-,False,"            5'- GAGGAGGAGGAAGAGGAGGAGGAGGAGGAAGAGGAGGAGGAAGATGAAAA -3'
       rG4seq-K ----------------------------------------*---------",ATRX|ENSG00000085224.22_5,ENST00000373344.10_2;ENST00000395603.7_1;ENST00000480283.5_1,3UTR;CDS
chrX,76907781,76907782,bulges,30,-,chrX:76907782-76907823:-,False,"            5'- GGAGGAAAAAGAAGAGGAGGAGGAAGAGGAGGAGGAGGAGGAAGAGGAGGA -3'
       rG4seq-K -----------------------------------------*---------",ATRX|ENSG00000085224.22_5,ENST00000373344.10_2;ENST00000395603.7_1;ENST00000480283.5_1,3UTR;CDS
chrX,76907784,76907785,bulges,19,-,chrX:76907782-76907823:-,False,"            5'- GGAGGAAAAAGAAGAGGAGGAGGAAGAGGAGGAGGAGGAGGAAGAGGAGGA -3'
       rG4seq-K --------------------------------------*------------",ATRX|ENSG00000085224.22_5,ENST00000373344.10_2;ENST00000395603.7_1;ENST00000480283.5_1,3UTR;CDS
chrX,99891755,99891757,potential G-quadruplex & G>=40%,27,-,chrX:99891755-99891815:-,False,"            5'- CCGGCCCTTCTCAGTTGTGGACGCTCGTAAGTTTTCGGCAGTTTCCGGGGAGACTCGGGGACTCCGCGTC -3'
       rG4seq-K ----------------------------------------------------------**----------",TSPAN6|ENSG00000000003.14_2,ENST00000373020.8_1;ENST00000494424.1_1;ENST00000612152.4_1;ENST00000614008.4_1,5UTR
chrX,100871473,100871475,bulges,13,-,chrX:100871475-100871500:-,False,"            5'- GGAGGAGGAGGGGGAAGAGGAGTGGGACGATGACC -3'
       rG4seq-K -------------------------**--------",ARMCX6|ENSG00000198960.10_3,ENST00000361910.8_1;ENST00000462302.5_1;ENST00000467089.1_1;ENST00000495964.1_1;ENST00000497931.5_1;ENST00000538627.5_1;ENST00000539247.5_1,CDS
chrX,128938835,128938838,canonical/G3L1-7,21,-,chrX:128938836-128938861:-,False,"            5'- GGGTGGGGGTGGGGGTTGGAAGGGGTTGCTTGTTA -3'
       rG4seq-K -----------------------***---------",ZDHHC9|ENSG00000188706.12_2,ENST00000357166.10_1,3UTR
chrX,128939858,128939860,longloop,72,-,chrX:128939859-128939902:-,False,"            5'- GGGTTCTTGGGGTCTTCAGGACTGAAGAGGAGGGAGAGTGGGGTCAGAAGATT -3'
       rG4seq-K ------------------------------------------**---------",ZDHHC9|ENSG00000188706.12_2,ENST00000357166.10_1;ENST00000371064.7_1,3UTR
chrX,129199953,129199954,longloop,31,-,chrX:129199954-129199981:-,False,"            5'- GGGTAAAACCACGAAGGGAGGGAAGGGAAGTCAGCTC -3'
       rG4seq-K ---------------------------*---------",ELF4|ENSG00000102034.16_2,ENST00000308167.9_1;ENST00000335997.11_1;ENST00000615377.4_1,3UTR
chrX,131351217,131351219,potential G-quadruplex & G>=40%,67,-,chrX:131351217-131351277:-,False,"            5'- TGGTGTTAGGGAGTGGAGGGGTTGGCAAATCTGCCCTTACTGTGCAGTTTGTCACTGGGACTTTCATTGA -3'
       rG4seq-K ----------------------------------------------------------**----------",RAP2C|ENSG00000123728.9_2,ENST00000342983.6_1;ENST00000370874.1_1;ENST00000460462.1_1;ENST00000620646.4_1,CDS
chrX,131351256,131351259,bulges,32,-,chrX:131351256-131351292:-,False,"            5'- GGGAATACAAGGTAGTGGTGTTAGGGAGTGGAGGGGTTGGCAAATC -3'
       rG4seq-K ---------------------------------***----------",RAP2C|ENSG00000123728.9_2,ENST00000342983.6_1;ENST00000370874.1_1;ENST00000460462.1_1;ENST00000620646.4_1,CDS
chrX,133905171,133905172,two-quartet,106,-,chrX:133905174-133905192:-,False,"            5'- GGTATGGTGGAAGAGGGGCCTTATGTGA -3'
       rG4seq-K --------------------*-------",FAM122B|ENSG00000156504.16_2,ENST00000298090.10_1;ENST00000343004.9_1;ENST00000370790.5_1;ENST00000478384.5_1,3UTR
chrX,133931012,133931014,canonical/G3L1-7,23,-,chrX:133931013-133931033:-,False,"            5'- GGGAGGGGGGCAGGGAGGGGAGAAGCACCG -3'
       rG4seq-K -------------------**---------",FAM122B|ENSG00000156504.16_2,ENST00000298090.10_1;ENST00000343004.9_1;ENST00000370790.5_1;ENST00000493333.5_1;ENST00000611027.2_1,5UTR
chrX,149936547,149936550,bulges,36,-,chrX:149936548-149936572:-,False,"            5'- GGGGGCGGCGGGGGAGGAGAGGGGAAAGAGACAT -3'
       rG4seq-K ----------------------***---------",CD99L2|ENSG00000102181.20_4,ENST00000346693.8_1;ENST00000370377.7_2;ENST00000437787.6_1;ENST00000613030.4_3,3UTR
chrX,151121663,151121665,bulges,87,-,chrX:151121663-151121683:-,False,"            5'- GGGGGGTGGATAGGGTGGGGTCTCCATCTA -3'
       rG4seq-K ------------------**----------",GABRE|ENSG00000102287.18_3,ENST00000370328.3_1;ENST00000483564.5_1;ENST00000486255.1_1,3UTR
chrX,152864477,152864478,bulges,13,-,chrX:152864477-152864506:-,False,"            5'- GGGGGGCCTGCAGCGCGGGGCCCGGAGGGCAGCCGGCGC -3'
       rG4seq-K ----------------------------*----------",CCNQ|ENSG00000262919.7_4,ENST00000440428.5_1;ENST00000482182.3_3;ENST00000576892.7_1;ENST00000614850.1_3;ENST00000614851.4_3;ENST00000620088.4_1;ENST00000621629.4_1;ENST00000621817.1_1,CDS
chrX,153576962,153576966,canonical/G3L1-7,257,-,chrX:153576963-153576984:-,False,"            5'- GGGAGGGGTGAGGGATGGGGGTCCTGTACAC -3'
       rG4seq-K ------------------****---------",FLNA|ENSG00000196924.15_3,ENST00000360319.9_2;ENST00000369850.8_2;ENST00000369856.7_2;ENST00000420627.5_1;ENST00000422373.5_2;ENST00000498411.1_1;ENST00000610817.4_1,3UTR
chrX,153579581,153579583,bulges,16,-,chrX:153579581-153579610:-,False,"            5'- GACGGCAGAGTGTGGGGGCAGGGGCGGGGATGTGCGCCT -3'
       rG4seq-K ---------------------------**----------",FLNA|ENSG00000196924.15_3,ENST00000360319.9_2;ENST00000369850.8_2;ENST00000369856.7_2;ENST00000420627.5_1;ENST00000422373.5_2;ENST00000490936.5_1;ENST00000498411.1_1;ENST00000610817.4_1,non_coding
chrX,153630767,153630769,canonical/G3L1-7,275,-,chrX:153630768-153630792:-,False,"            5'- GGGTTGGGGTAGGGGAAGGGAGGGTTCAGAAAGA -3'
       rG4seq-K -----------------------**---------",DNASE1L1|ENSG00000013563.13_3,ENST00000014935.7_2;ENST00000309585.9_1;ENST00000369807.5_2;ENST00000369808.7_2;ENST00000369809.5_1;ENST00000393638.5_1,3UTR
chrX,153630771,153630773,bulges,120,-,chrX:153630773-153630799:-,False,"            5'- GGGCTCTGGGTTGGGGTAGGGGAAGGGAGGGTTCAG -3'
       rG4seq-K --------------------------**--------",DNASE1L1|ENSG00000013563.13_3,ENST00000014935.7_2;ENST00000309585.9_1;ENST00000369807.5_2;ENST00000369808.7_2;ENST00000369809.5_1;ENST00000393638.5_1,3UTR
chrX,153630776,153630779,canonical/G3L1-7,55,-,chrX:153630777-153630799:-,False,"            5'- GGGCTCTGGGTTGGGGTAGGGGAAGGGAGGGT -3'
       rG4seq-K --------------------***---------",DNASE1L1|ENSG00000013563.13_3,ENST00000014935.7_2;ENST00000309585.9_1;ENST00000369807.5_2;ENST00000369808.7_2;ENST00000369809.5_1;ENST00000393638.5_1,3UTR
chrX,153707302,153707304,longloop,18,-,chrX:153707303-153707337:-,False,"            5'- GGGGCTTCGGGAAGGAGCCACAGAGAGGGCGGGGCGTAGGACCT -3'
       rG4seq-K ---------------------------------**---------",LAGE3|ENSG00000196976.7_3,ENST00000357360.4_1,5UTR
chrX,153734950,153734952,bulges,105,-,chrX:153734950-153734988:-,False,"            5'- GGTCTCAAGGTGGTGGGGGCTATGGGGGCTGCAGGGGGTAGCCCTGCC -3'
       rG4seq-K ------------------------------------**----------",FAM3A|ENSG00000071889.16_3,ENST00000322269.10_1;ENST00000359889.9_1;ENST00000369641.7_1;ENST00000369643.5_1;ENST00000393572.5_1;ENST00000419205.5_1;ENST00000434658.6_1;ENST00000447601.6_1;ENST00000612856.4_1;ENST00000621967.4_1,3UTR
chrX,153759840,153759841,canonical/G3L1-7,180,-,chrX:153759841-153759871:-,False,"            5'- GGGAGGGAGGGACAAGGGGGAGGAAAGGGGCGAGCACCCA -3'
       rG4seq-K ------------------------------*---------",G6PD|ENSG00000160211.17_4,ENST00000393562.8_3;ENST00000621232.5_3,3UTR
chrX,153759847,153759848,bulges,107,-,chrX:153759848-153759882:-,False,"            5'- GGGGCCAGGGTGGGAGGGAGGGACAAGGGGGAGGAAAGGGGCGA -3'
       rG4seq-K ----------------------------------*---------",G6PD|ENSG00000160211.17_4,ENST00000393562.8_3;ENST00000621232.5_3,3UTR
chrX,153759850,153759853,canonical/G3L1-7,62,-,chrX:153759851-153759881:-,False,"            5'- GGGCCAGGGTGGGAGGGAGGGACAAGGGGGAGGAAAGGGG -3'
       rG4seq-K ----------------------------*-*---------",G6PD|ENSG00000160211.17_4,ENST00000393562.8_3;ENST00000621232.5_3,3UTR
chrX,153759859,153759860,canonical/G3L1-7,32,-,chrX:153759860-153759882:-,False,"            5'- GGGGCCAGGGTGGGAGGGAGGGACAAGGGGGA -3'
       rG4seq-K ----------------------*---------",G6PD|ENSG00000160211.17_4,ENST00000393562.8_3;ENST00000621232.5_3,3UTR
chrX,153759863,153759865,two-quartet,13,-,chrX:153759865-153759882:-,False,"            5'- GGGGCCAGGGTGGGAGGGAGGGACAAG -3'
       rG4seq-K -----------------**--------",G6PD|ENSG00000160211.17_4,ENST00000393562.8_3;ENST00000621232.5_3,3UTR
chrX,154842550,154842552,longloop,50,-,chrX:154842552-154842586:-,False,"            5'- GGGGGAGGGGAGCGTGGGGCCGACAGTTTTGGGGGTGAAAAGGC -3'
       rG4seq-K ----------------------------------**--------",TMLHE|ENSG00000185973.10_2,ENST00000334398.7_1;ENST00000461075.1_1;ENST00000474677.1_1,5UTR
